"PreSens Measurement Studio 2","4.0.0.2353",""
"Date","Time","Channel","User","SensorID","Sensor_Name","delta_t","Time_Unit","Value","O2_Unit","Mode","Phase","Phase_Unit","Amplitude","Amplitude_Unit","Temp","Temp_Unit","Pressure","Pressure_Unit","Salinity","Salinity_Unit","Error","Cal0","Cal0_Unit","T0","T0_Unit","O2Cal2nd","O2_Unit","Cal2nd","Cal2nd_Unit","T2nd","T2nd_Unit","CalPressure","CalPressure_Unit","f1","dPhi1","dkSv1","dPhi2","dkSv2","m","Cal_Mode","SignalLEDCurrent","User_Signal_Intensity","ReferenceLEDCurrent","Reference_Amplitude","Device_Serial","FwVersion","SwVersion","Sensor_Type","BatchID","Calibration_Date","Sensor_Lot","PreSens_Calibr","Battery_Voltage","Battery_Voltage_Unit","Cal0_Amplitude","Cal0_Amplitude_Unit","Cal2nd_Amplitude","Cal2nd_Amplitude_Unit"
"08/11/2024","11:15:50","2","default","203499907","Sensor2","0.000","min","246.255","μmol/L","Humid","22.047","deg","92608","µV","18.742","°C","985.000","hPa","35.0","pmil","0","51.462","deg","22.621","°C","100.000","%a.s.","22.257","deg","22.682","°C","985.000","hPa","0.861","-0.02056","0.00035","-0.00011","0","14.7","Humid","28.35","0","65.20","250982.85","SABD0002000014","AAV2.0.0.13","4.0.0.2353","PSt7-10","000000-000","8/7/2024 3:37:09 PM","0000-00","0","no battery","V","215852","µV","96196","µV"
"08/11/2024","11:15:51","2","default","203499907","Sensor2","0.024","min","246.323","μmol/L","Humid","22.044","deg","92585","µV","18.742","°C","985.000","hPa","35.0","pmil","0","51.462","deg","22.621","°C","100.000","%a.s.","22.257","deg","22.682","°C","985.000","hPa","0.861","-0.02056","0.00035","-0.00011","0","14.7","Humid","28.35","0","65.20","250941.34","SABD0002000014","AAV2.0.0.13","4.0.0.2353","PSt7-10","000000-000","8/7/2024 3:37:09 PM","0000-00","0","no battery","V","215852","µV","96196","µV"
"08/11/2024","11:15:52","2","default","203499907","Sensor2","0.041","min","246.367","μmol/L","Humid","22.042","deg","92560","µV","18.742","°C","985.000","hPa","35.0","pmil","0","51.462","deg","22.621","°C","100.000","%a.s.","22.257","deg","22.682","°C","985.000","hPa","0.861","-0.02056","0.00035","-0.00011","0","14.7","Humid","28.35","0","65.20","250887.35","SABD0002000014","AAV2.0.0.13","4.0.0.2353","PSt7-10","000000-000","8/7/2024 3:37:09 PM","0000-00","0","no battery","V","215852","µV","96196","µV"
"08/11/2024","11:15:53","2","default","203499907","Sensor2","0.058","min","246.300","μmol/L","Humid","22.045","deg","92553","µV","18.742","°C","985.000","hPa","35.0","pmil","0","51.462","deg","22.621","°C","100.000","%a.s.","22.257","deg","22.682","°C","985.000","hPa","0.861","-0.02056","0.00035","-0.00011","0","14.7","Humid","28.35","0","65.20","250868.16","SABD0002000014","AAV2.0.0.13","4.0.0.2353","PSt7-10","000000-000","8/7/2024 3:37:09 PM","0000-00","0","no battery","V","215852","µV","96196","µV"
"08/11/2024","11:15:54","2","default","203499907","Sensor2","0.075","min","246.367","μmol/L","Humid","22.042","deg","92546","µV","18.742","°C","985.000","hPa","35.0","pmil","0","51.462","deg","22.621","°C","100.000","%a.s.","22.257","deg","22.682","°C","985.000","hPa","0.861","-0.02056","0.00035","-0.00011","0","14.7","Humid","28.35","0","65.20","250856.72","SABD0002000014","AAV2.0.0.13","4.0.0.2353","PSt7-10","000000-000","8/7/2024 3:37:09 PM","0000-00","0","no battery","V","215852","µV","96196","µV"
"08/11/2024","11:15:55","2","default","203499907","Sensor2","0.091","min","246.438","μmol/L","Humid","22.041","deg","92531","µV","18.736","°C","985.000","hPa","35.0","pmil","0","51.462","deg","22.621","°C","100.000","%a.s.","22.257","deg","22.682","°C","985.000","hPa","0.861","-0.02056","0.00035","-0.00011","0","14.7","Humid","28.35","0","65.20","250842.07","SABD0002000014","AAV2.0.0.13","4.0.0.2353","PSt7-10","000000-000","8/7/2024 3:37:09 PM","0000-00","0","no battery","V","215852","µV","96196","µV"
"08/11/2024","11:15:56","2","default","203499907","Sensor2","0.108","min","246.509","μmol/L","Humid","22.040","deg","92528","µV","18.730","°C","985.000","hPa","35.0","pmil","0","51.462","deg","22.621","°C","100.000","%a.s.","22.257","deg","22.682","°C","985.000","hPa","0.861","-0.02056","0.00035","-0.00011","0","14.7","Humid","28.35","0","65.20","250824.30","SABD0002000014","AAV2.0.0.13","4.0.0.2353","PSt7-10","000000-000","8/7/2024 3:37:09 PM","0000-00","0","no battery","V","215852","µV","96196","µV"
"08/11/2024","11:15:57","2","default","203499907","Sensor2","0.125","min","246.461","μmol/L","Humid","22.040","deg","92524","µV","18.736","°C","985.000","hPa","35.0","pmil","0","51.462","deg","22.621","°C","100.000","%a.s.","22.257","deg","22.682","°C","985.000","hPa","0.861","-0.02056","0.00035","-0.00011","0","14.7","Humid","28.35","0","65.20","250826.35","SABD0002000014","AAV2.0.0.13","4.0.0.2353","PSt7-10","000000-000","8/7/2024 3:37:09 PM","0000-00","0","no battery","V","215852","µV","96196","µV"
"08/11/2024","11:15:58","2","default","203499907","Sensor2","0.142","min","246.367","μmol/L","Humid","22.042","deg","92520","µV","18.742","°C","985.000","hPa","35.0","pmil","0","51.462","deg","22.621","°C","100.000","%a.s.","22.257","deg","22.682","°C","985.000","hPa","0.861","-0.02056","0.00035","-0.00011","0","14.7","Humid","28.35","0","65.20","250823.28","SABD0002000014","AAV2.0.0.13","4.0.0.2353","PSt7-10","000000-000","8/7/2024 3:37:09 PM","0000-00","0","no battery","V","215852","µV","96196","µV"
"08/11/2024","11:15:59","2","default","203499907","Sensor2","0.158","min","246.416","μmol/L","Humid","22.042","deg","92526","µV","18.736","°C","985.000","hPa","35.0","pmil","0","51.462","deg","22.621","°C","100.000","%a.s.","22.257","deg","22.682","°C","985.000","hPa","0.861","-0.02056","0.00035","-0.00011","0","14.7","Humid","28.35","0","65.20","250815.87","SABD0002000014","AAV2.0.0.13","4.0.0.2353","PSt7-10","000000-000","8/7/2024 3:37:09 PM","0000-00","0","no battery","V","215852","µV","96196","µV"
"08/11/2024","11:16:00","2","default","203499907","Sensor2","0.175","min","246.457","μmol/L","Humid","22.038","deg","92512","µV","18.742","°C","985.000","hPa","35.0","pmil","0","51.462","deg","22.621","°C","100.000","%a.s.","22.257","deg","22.682","°C","985.000","hPa","0.861","-0.02056","0.00035","-0.00011","0","14.7","Humid","28.35","0","65.20","250816.05","SABD0002000014","AAV2.0.0.13","4.0.0.2353","PSt7-10","000000-000","8/7/2024 3:37:09 PM","0000-00","0","no battery","V","215852","µV","96196","µV"
"08/11/2024","11:16:01","2","default","203499907","Sensor2","0.191","min","246.416","μmol/L","Humid","22.042","deg","92509","µV","18.736","°C","985.000","hPa","35.0","pmil","0","51.462","deg","22.621","°C","100.000","%a.s.","22.257","deg","22.682","°C","985.000","hPa","0.861","-0.02056","0.00035","-0.00011","0","14.7","Humid","28.35","0","65.20","250816.77","SABD0002000014","AAV2.0.0.13","4.0.0.2353","PSt7-10","000000-000","8/7/2024 3:37:09 PM","0000-00","0","no battery","V","215852","µV","96196","µV"
"08/11/2024","11:16:02","2","default","203499907","Sensor2","0.208","min","246.345","μmol/L","Humid","22.043","deg","92510","µV","18.742","°C","985.000","hPa","35.0","pmil","0","51.462","deg","22.621","°C","100.000","%a.s.","22.257","deg","22.682","°C","985.000","hPa","0.861","-0.02056","0.00035","-0.00011","0","14.7","Humid","28.35","0","65.20","250807.14","SABD0002000014","AAV2.0.0.13","4.0.0.2353","PSt7-10","000000-000","8/7/2024 3:37:09 PM","0000-00","0","no battery","V","215852","µV","96196","µV"
"08/11/2024","11:16:03","2","default","203499907","Sensor2","0.225","min","246.416","μmol/L","Humid","22.042","deg","92513","µV","18.736","°C","985.000","hPa","35.0","pmil","0","51.462","deg","22.621","°C","100.000","%a.s.","22.257","deg","22.682","°C","985.000","hPa","0.861","-0.02056","0.00035","-0.00011","0","14.7","Humid","28.35","0","65.20","250824.90","SABD0002000014","AAV2.0.0.13","4.0.0.2353","PSt7-10","000000-000","8/7/2024 3:37:09 PM","0000-00","0","no battery","V","215852","µV","96196","µV"
"08/11/2024","11:16:04","2","default","203499907","Sensor2","0.241","min","246.367","μmol/L","Humid","22.042","deg","92509","µV","18.742","°C","985.000","hPa","35.0","pmil","0","51.462","deg","22.621","°C","100.000","%a.s.","22.257","deg","22.682","°C","985.000","hPa","0.861","-0.02056","0.00035","-0.00011","0","14.7","Humid","28.35","0","65.20","250810.82","SABD0002000014","AAV2.0.0.13","4.0.0.2353","PSt7-10","000000-000","8/7/2024 3:37:09 PM","0000-00","0","no battery","V","215852","µV","96196","µV"
"08/11/2024","11:16:05","2","default","203499907","Sensor2","0.258","min","246.435","μmol/L","Humid","22.039","deg","92513","µV","18.742","°C","985.000","hPa","35.0","pmil","0","51.462","deg","22.621","°C","100.000","%a.s.","22.257","deg","22.682","°C","985.000","hPa","0.861","-0.02056","0.00035","-0.00011","0","14.7","Humid","28.35","0","65.20","250816.88","SABD0002000014","AAV2.0.0.13","4.0.0.2353","PSt7-10","000000-000","8/7/2024 3:37:09 PM","0000-00","0","no battery","V","215852","µV","96196","µV"
"08/11/2024","11:16:06","2","default","203499907","Sensor2","0.275","min","246.416","μmol/L","Humid","22.042","deg","92506","µV","18.736","°C","985.000","hPa","35.0","pmil","0","51.462","deg","22.621","°C","100.000","%a.s.","22.257","deg","22.682","°C","985.000","hPa","0.861","-0.02056","0.00035","-0.00011","0","14.7","Humid","28.35","0","65.20","250821.32","SABD0002000014","AAV2.0.0.13","4.0.0.2353","PSt7-10","000000-000","8/7/2024 3:37:09 PM","0000-00","0","no battery","V","215852","µV","96196","µV"
"08/11/2024","11:16:07","2","default","203499907","Sensor2","0.292","min","246.367","μmol/L","Humid","22.042","deg","92507","µV","18.742","°C","985.000","hPa","35.0","pmil","0","51.462","deg","22.621","°C","100.000","%a.s.","22.257","deg","22.682","°C","985.000","hPa","0.861","-0.02056","0.00035","-0.00011","0","14.7","Humid","28.35","0","65.20","250813.98","SABD0002000014","AAV2.0.0.13","4.0.0.2353","PSt7-10","000000-000","8/7/2024 3:37:09 PM","0000-00","0","no battery","V","215852","µV","96196","µV"
"08/11/2024","11:16:08","2","default","203499907","Sensor2","0.308","min","246.435","μmol/L","Humid","22.039","deg","92499","µV","18.742","°C","985.000","hPa","35.0","pmil","0","51.462","deg","22.621","°C","100.000","%a.s.","22.257","deg","22.682","°C","985.000","hPa","0.861","-0.02056","0.00035","-0.00011","0","14.7","Humid","28.35","0","65.20","250810.17","SABD0002000014","AAV2.0.0.13","4.0.0.2353","PSt7-10","000000-000","8/7/2024 3:37:09 PM","0000-00","0","no battery","V","215852","µV","96196","µV"
"08/11/2024","11:16:09","2","default","203499907","Sensor2","0.325","min","246.255","μmol/L","Humid","22.047","deg","92497","µV","18.742","°C","985.000","hPa","35.0","pmil","0","51.462","deg","22.621","°C","100.000","%a.s.","22.257","deg","22.682","°C","985.000","hPa","0.861","-0.02056","0.00035","-0.00011","0","14.7","Humid","28.35","0","65.20","250810.86","SABD0002000014","AAV2.0.0.13","4.0.0.2353","PSt7-10","000000-000","8/7/2024 3:37:09 PM","0000-00","0","no battery","V","215852","µV","96196","µV"
"08/11/2024","11:16:10","2","default","203499907","Sensor2","0.342","min","246.393","μmol/L","Humid","22.043","deg","92499","µV","18.736","°C","985.000","hPa","35.0","pmil","0","51.462","deg","22.621","°C","100.000","%a.s.","22.257","deg","22.682","°C","985.000","hPa","0.861","-0.02056","0.00035","-0.00011","0","14.7","Humid","28.35","0","65.20","250800.23","SABD0002000014","AAV2.0.0.13","4.0.0.2353","PSt7-10","000000-000","8/7/2024 3:37:09 PM","0000-00","0","no battery","V","215852","µV","96196","µV"
"08/11/2024","11:16:11","2","default","203499907","Sensor2","0.358","min","246.326","μmol/L","Humid","22.046","deg","92491","µV","18.736","°C","985.000","hPa","35.0","pmil","0","51.462","deg","22.621","°C","100.000","%a.s.","22.257","deg","22.682","°C","985.000","hPa","0.861","-0.02056","0.00035","-0.00011","0","14.7","Humid","28.35","0","65.20","250803.22","SABD0002000014","AAV2.0.0.13","4.0.0.2353","PSt7-10","000000-000","8/7/2024 3:37:09 PM","0000-00","0","no battery","V","215852","µV","96196","µV"
"08/11/2024","11:16:12","2","default","203499907","Sensor2","0.374","min","246.393","μmol/L","Humid","22.043","deg","92493","µV","18.736","°C","985.000","hPa","35.0","pmil","0","51.462","deg","22.621","°C","100.000","%a.s.","22.257","deg","22.682","°C","985.000","hPa","0.861","-0.02056","0.00035","-0.00011","0","14.7","Humid","28.35","0","65.20","250794.27","SABD0002000014","AAV2.0.0.13","4.0.0.2353","PSt7-10","000000-000","8/7/2024 3:37:09 PM","0000-00","0","no battery","V","215852","µV","96196","µV"
"08/11/2024","11:16:13","2","default","203499907","Sensor2","0.391","min","246.278","μmol/L","Humid","22.046","deg","92497","µV","18.742","°C","985.000","hPa","35.0","pmil","0","51.462","deg","22.621","°C","100.000","%a.s.","22.257","deg","22.682","°C","985.000","hPa","0.861","-0.02056","0.00035","-0.00011","0","14.7","Humid","28.35","0","65.20","250795.99","SABD0002000014","AAV2.0.0.13","4.0.0.2353","PSt7-10","000000-000","8/7/2024 3:37:09 PM","0000-00","0","no battery","V","215852","µV","96196","µV"
"08/11/2024","11:16:14","2","default","203499907","Sensor2","0.408","min","246.416","μmol/L","Humid","22.042","deg","92491","µV","18.736","°C","985.000","hPa","35.0","pmil","0","51.462","deg","22.621","°C","100.000","%a.s.","22.257","deg","22.682","°C","985.000","hPa","0.861","-0.02056","0.00035","-0.00011","0","14.7","Humid","28.35","0","65.20","250795.46","SABD0002000014","AAV2.0.0.13","4.0.0.2353","PSt7-10","000000-000","8/7/2024 3:37:09 PM","0000-00","0","no battery","V","215852","µV","96196","µV"
"08/11/2024","11:16:15","2","default","203499907","Sensor2","0.425","min","246.416","μmol/L","Humid","22.042","deg","92492","µV","18.736","°C","985.000","hPa","35.0","pmil","0","51.462","deg","22.621","°C","100.000","%a.s.","22.257","deg","22.682","°C","985.000","hPa","0.861","-0.02056","0.00035","-0.00011","0","14.7","Humid","28.35","0","65.20","250789.16","SABD0002000014","AAV2.0.0.13","4.0.0.2353","PSt7-10","000000-000","8/7/2024 3:37:09 PM","0000-00","0","no battery","V","215852","µV","96196","µV"
"08/11/2024","11:16:16","2","default","203499907","Sensor2","0.441","min","246.345","μmol/L","Humid","22.043","deg","92476","µV","18.742","°C","985.000","hPa","35.0","pmil","0","51.462","deg","22.621","°C","100.000","%a.s.","22.257","deg","22.682","°C","985.000","hPa","0.861","-0.02056","0.00035","-0.00011","0","14.7","Humid","28.35","0","65.20","250782.20","SABD0002000014","AAV2.0.0.13","4.0.0.2353","PSt7-10","000000-000","8/7/2024 3:37:09 PM","0000-00","0","no battery","V","215852","µV","96196","µV"
"08/11/2024","11:16:17","2","default","203499907","Sensor2","0.458","min","246.349","μmol/L","Humid","22.045","deg","92478","µV","18.736","°C","985.000","hPa","35.0","pmil","0","51.462","deg","22.621","°C","100.000","%a.s.","22.257","deg","22.682","°C","985.000","hPa","0.861","-0.02056","0.00035","-0.00011","0","14.7","Humid","28.35","0","65.20","250789.54","SABD0002000014","AAV2.0.0.13","4.0.0.2353","PSt7-10","000000-000","8/7/2024 3:37:09 PM","0000-00","0","no battery","V","215852","µV","96196","µV"
"08/11/2024","11:16:18","2","default","203499907","Sensor2","0.475","min","246.416","μmol/L","Humid","22.042","deg","92478","µV","18.736","°C","985.000","hPa","35.0","pmil","0","51.462","deg","22.621","°C","100.000","%a.s.","22.257","deg","22.682","°C","985.000","hPa","0.861","-0.02056","0.00035","-0.00011","0","14.7","Humid","28.35","0","65.20","250788.76","SABD0002000014","AAV2.0.0.13","4.0.0.2353","PSt7-10","000000-000","8/7/2024 3:37:09 PM","0000-00","0","no battery","V","215852","µV","96196","µV"
"08/11/2024","11:16:19","2","default","203499907","Sensor2","0.492","min","246.438","μmol/L","Humid","22.041","deg","92479","µV","18.736","°C","985.000","hPa","35.0","pmil","0","51.462","deg","22.621","°C","100.000","%a.s.","22.257","deg","22.682","°C","985.000","hPa","0.861","-0.02056","0.00035","-0.00011","0","14.7","Humid","28.35","0","65.20","250779.52","SABD0002000014","AAV2.0.0.13","4.0.0.2353","PSt7-10","000000-000","8/7/2024 3:37:09 PM","0000-00","0","no battery","V","215852","µV","96196","µV"
"08/11/2024","11:16:20","2","default","203499907","Sensor2","0.508","min","246.438","μmol/L","Humid","22.041","deg","92474","µV","18.736","°C","985.000","hPa","35.0","pmil","0","51.462","deg","22.621","°C","100.000","%a.s.","22.257","deg","22.682","°C","985.000","hPa","0.861","-0.02056","0.00035","-0.00011","0","14.7","Humid","28.35","0","65.20","250775.02","SABD0002000014","AAV2.0.0.13","4.0.0.2353","PSt7-10","000000-000","8/7/2024 3:37:09 PM","0000-00","0","no battery","V","215852","µV","96196","µV"
"08/11/2024","11:16:21","2","default","203499907","Sensor2","0.525","min","246.278","μmol/L","Humid","22.046","deg","92475","µV","18.742","°C","985.000","hPa","35.0","pmil","0","51.462","deg","22.621","°C","100.000","%a.s.","22.257","deg","22.682","°C","985.000","hPa","0.861","-0.02056","0.00035","-0.00011","0","14.7","Humid","28.35","0","65.20","250787.75","SABD0002000014","AAV2.0.0.13","4.0.0.2353","PSt7-10","000000-000","8/7/2024 3:37:09 PM","0000-00","0","no battery","V","215852","µV","96196","µV"
"08/11/2024","11:16:22","2","default","203499907","Sensor2","0.541","min","246.390","μmol/L","Humid","22.041","deg","92469","µV","18.742","°C","985.000","hPa","35.0","pmil","0","51.462","deg","22.621","°C","100.000","%a.s.","22.257","deg","22.682","°C","985.000","hPa","0.861","-0.02056","0.00035","-0.00011","0","14.7","Humid","28.35","0","65.20","250774.29","SABD0002000014","AAV2.0.0.13","4.0.0.2353","PSt7-10","000000-000","8/7/2024 3:37:09 PM","0000-00","0","no battery","V","215852","µV","96196","µV"
"08/11/2024","11:16:23","2","default","203499907","Sensor2","0.558","min","246.371","μmol/L","Humid","22.044","deg","92463","µV","18.736","°C","985.000","hPa","35.0","pmil","0","51.462","deg","22.621","°C","100.000","%a.s.","22.257","deg","22.682","°C","985.000","hPa","0.861","-0.02056","0.00035","-0.00011","0","14.7","Humid","28.35","0","65.20","250768.67","SABD0002000014","AAV2.0.0.13","4.0.0.2353","PSt7-10","000000-000","8/7/2024 3:37:09 PM","0000-00","0","no battery","V","215852","µV","96196","µV"
"08/11/2024","11:16:24","2","default","203499907","Sensor2","0.575","min","246.345","μmol/L","Humid","22.043","deg","92457","µV","18.742","°C","985.000","hPa","35.0","pmil","0","51.462","deg","22.621","°C","100.000","%a.s.","22.257","deg","22.682","°C","985.000","hPa","0.861","-0.02056","0.00035","-0.00011","0","14.7","Humid","28.35","0","65.20","250768.92","SABD0002000014","AAV2.0.0.13","4.0.0.2353","PSt7-10","000000-000","8/7/2024 3:37:09 PM","0000-00","0","no battery","V","215852","µV","96196","µV"
"08/11/2024","11:16:25","2","default","203499907","Sensor2","0.592","min","246.416","μmol/L","Humid","22.042","deg","92458","µV","18.736","°C","985.000","hPa","35.0","pmil","0","51.462","deg","22.621","°C","100.000","%a.s.","22.257","deg","22.682","°C","985.000","hPa","0.861","-0.02056","0.00035","-0.00011","0","14.7","Humid","28.35","0","65.20","250755.39","SABD0002000014","AAV2.0.0.13","4.0.0.2353","PSt7-10","000000-000","8/7/2024 3:37:09 PM","0000-00","0","no battery","V","215852","µV","96196","µV"
"08/11/2024","11:16:26","2","default","203499907","Sensor2","0.608","min","246.442","μmol/L","Humid","22.043","deg","92456","µV","18.730","°C","985.000","hPa","35.0","pmil","0","51.462","deg","22.621","°C","100.000","%a.s.","22.257","deg","22.682","°C","985.000","hPa","0.861","-0.02056","0.00035","-0.00011","0","14.7","Humid","28.35","0","65.20","250760.30","SABD0002000014","AAV2.0.0.13","4.0.0.2353","PSt7-10","000000-000","8/7/2024 3:37:09 PM","0000-00","0","no battery","V","215852","µV","96196","µV"
"08/11/2024","11:16:27","2","default","203499907","Sensor2","0.625","min","246.412","μmol/L","Humid","22.040","deg","92451","µV","18.742","°C","985.000","hPa","35.0","pmil","0","51.462","deg","22.621","°C","100.000","%a.s.","22.257","deg","22.682","°C","985.000","hPa","0.861","-0.02056","0.00035","-0.00011","0","14.7","Humid","28.35","0","65.20","250757.43","SABD0002000014","AAV2.0.0.13","4.0.0.2353","PSt7-10","000000-000","8/7/2024 3:37:09 PM","0000-00","0","no battery","V","215852","µV","96196","µV"
"08/11/2024","11:16:28","2","default","203499907","Sensor2","0.642","min","246.412","μmol/L","Humid","22.040","deg","92455","µV","18.742","°C","985.000","hPa","35.0","pmil","0","51.462","deg","22.621","°C","100.000","%a.s.","22.257","deg","22.682","°C","985.000","hPa","0.861","-0.02056","0.00035","-0.00011","0","14.7","Humid","28.35","0","65.20","250759.24","SABD0002000014","AAV2.0.0.13","4.0.0.2353","PSt7-10","000000-000","8/7/2024 3:37:09 PM","0000-00","0","no battery","V","215852","µV","96196","µV"
"08/11/2024","11:16:29","2","default","203499907","Sensor2","0.659","min","246.438","μmol/L","Humid","22.041","deg","92455","µV","18.736","°C","985.000","hPa","35.0","pmil","0","51.462","deg","22.621","°C","100.000","%a.s.","22.257","deg","22.682","°C","985.000","hPa","0.861","-0.02056","0.00035","-0.00011","0","14.7","Humid","28.35","0","65.20","250763.78","SABD0002000014","AAV2.0.0.13","4.0.0.2353","PSt7-10","000000-000","8/7/2024 3:37:09 PM","0000-00","0","no battery","V","215852","µV","96196","µV"
"08/11/2024","11:16:30","2","default","203499907","Sensor2","0.675","min","246.371","μmol/L","Humid","22.044","deg","92442","µV","18.736","°C","985.000","hPa","35.0","pmil","0","51.462","deg","22.621","°C","100.000","%a.s.","22.257","deg","22.682","°C","985.000","hPa","0.861","-0.02056","0.00035","-0.00011","0","14.7","Humid","28.35","0","65.20","250747.57","SABD0002000014","AAV2.0.0.13","4.0.0.2353","PSt7-10","000000-000","8/7/2024 3:37:09 PM","0000-00","0","no battery","V","215852","µV","96196","µV"
"08/11/2024","11:16:31","2","default","203499907","Sensor2","0.692","min","246.461","μmol/L","Humid","22.040","deg","92442","µV","18.736","°C","985.000","hPa","35.0","pmil","0","51.462","deg","22.621","°C","100.000","%a.s.","22.257","deg","22.682","°C","985.000","hPa","0.861","-0.02056","0.00035","-0.00011","0","14.7","Humid","28.35","0","65.20","250739.10","SABD0002000014","AAV2.0.0.13","4.0.0.2353","PSt7-10","000000-000","8/7/2024 3:37:09 PM","0000-00","0","no battery","V","215852","µV","96196","µV"
"08/11/2024","11:16:32","2","default","203499907","Sensor2","0.709","min","246.367","μmol/L","Humid","22.042","deg","92444","µV","18.742","°C","985.000","hPa","35.0","pmil","0","51.462","deg","22.621","°C","100.000","%a.s.","22.257","deg","22.682","°C","985.000","hPa","0.861","-0.02056","0.00035","-0.00011","0","14.7","Humid","28.35","0","65.20","250738.99","SABD0002000014","AAV2.0.0.13","4.0.0.2353","PSt7-10","000000-000","8/7/2024 3:37:09 PM","0000-00","0","no battery","V","215852","µV","96196","µV"
"08/11/2024","11:16:33","2","default","203499907","Sensor2","0.725","min","246.416","μmol/L","Humid","22.042","deg","92443","µV","18.736","°C","985.000","hPa","35.0","pmil","0","51.462","deg","22.621","°C","100.000","%a.s.","22.257","deg","22.682","°C","985.000","hPa","0.861","-0.02056","0.00035","-0.00011","0","14.7","Humid","28.35","0","65.20","250738.96","SABD0002000014","AAV2.0.0.13","4.0.0.2353","PSt7-10","000000-000","8/7/2024 3:37:09 PM","0000-00","0","no battery","V","215852","µV","96196","µV"
"08/11/2024","11:16:34","2","default","203499907","Sensor2","0.742","min","246.367","μmol/L","Humid","22.042","deg","92435","µV","18.742","°C","985.000","hPa","35.0","pmil","0","51.462","deg","22.621","°C","100.000","%a.s.","22.257","deg","22.682","°C","985.000","hPa","0.861","-0.02056","0.00035","-0.00011","0","14.7","Humid","28.35","0","65.20","250735.01","SABD0002000014","AAV2.0.0.13","4.0.0.2353","PSt7-10","000000-000","8/7/2024 3:37:09 PM","0000-00","0","no battery","V","215852","µV","96196","µV"
"08/11/2024","11:16:35","2","default","203499907","Sensor2","0.758","min","246.367","μmol/L","Humid","22.042","deg","92431","µV","18.742","°C","985.000","hPa","35.0","pmil","0","51.462","deg","22.621","°C","100.000","%a.s.","22.257","deg","22.682","°C","985.000","hPa","0.861","-0.02056","0.00035","-0.00011","0","14.7","Humid","28.35","0","65.20","250743.53","SABD0002000014","AAV2.0.0.13","4.0.0.2353","PSt7-10","000000-000","8/7/2024 3:37:09 PM","0000-00","0","no battery","V","215852","µV","96196","µV"
"08/11/2024","11:16:36","2","default","203499907","Sensor2","0.775","min","246.390","μmol/L","Humid","22.041","deg","92434","µV","18.742","°C","985.000","hPa","35.0","pmil","0","51.462","deg","22.621","°C","100.000","%a.s.","22.257","deg","22.682","°C","985.000","hPa","0.861","-0.02056","0.00035","-0.00011","0","14.7","Humid","28.35","0","65.20","250734.98","SABD0002000014","AAV2.0.0.13","4.0.0.2353","PSt7-10","000000-000","8/7/2024 3:37:09 PM","0000-00","0","no battery","V","215852","µV","96196","µV"
"08/11/2024","11:16:37","2","default","203499907","Sensor2","0.791","min","246.438","μmol/L","Humid","22.041","deg","92422","µV","18.736","°C","985.000","hPa","35.0","pmil","0","51.462","deg","22.621","°C","100.000","%a.s.","22.257","deg","22.682","°C","985.000","hPa","0.861","-0.02056","0.00035","-0.00011","0","14.7","Humid","28.35","0","65.20","250723.42","SABD0002000014","AAV2.0.0.13","4.0.0.2353","PSt7-10","000000-000","8/7/2024 3:37:09 PM","0000-00","0","no battery","V","215852","µV","96196","µV"
"08/11/2024","11:16:38","2","default","203499907","Sensor2","0.808","min","246.323","μmol/L","Humid","22.044","deg","92420","µV","18.742","°C","985.000","hPa","35.0","pmil","0","51.462","deg","22.621","°C","100.000","%a.s.","22.257","deg","22.682","°C","985.000","hPa","0.861","-0.02056","0.00035","-0.00011","0","14.7","Humid","28.35","0","65.20","250745.85","SABD0002000014","AAV2.0.0.13","4.0.0.2353","PSt7-10","000000-000","8/7/2024 3:37:09 PM","0000-00","0","no battery","V","215852","µV","96196","µV"
"08/11/2024","11:16:39","2","default","203499907","Sensor2","0.824","min","246.412","μmol/L","Humid","22.040","deg","92420","µV","18.742","°C","985.000","hPa","35.0","pmil","0","51.462","deg","22.621","°C","100.000","%a.s.","22.257","deg","22.682","°C","985.000","hPa","0.861","-0.02056","0.00035","-0.00011","0","14.7","Humid","28.35","0","65.20","250731.55","SABD0002000014","AAV2.0.0.13","4.0.0.2353","PSt7-10","000000-000","8/7/2024 3:37:09 PM","0000-00","0","no battery","V","215852","µV","96196","µV"
"08/11/2024","11:16:40","2","default","203499907","Sensor2","0.841","min","246.461","μmol/L","Humid","22.040","deg","92427","µV","18.736","°C","985.000","hPa","35.0","pmil","0","51.462","deg","22.621","°C","100.000","%a.s.","22.257","deg","22.682","°C","985.000","hPa","0.861","-0.02056","0.00035","-0.00011","0","14.7","Humid","28.35","0","65.20","250742.93","SABD0002000014","AAV2.0.0.13","4.0.0.2353","PSt7-10","000000-000","8/7/2024 3:37:09 PM","0000-00","0","no battery","V","215852","µV","96196","µV"
"08/11/2024","11:16:41","2","default","203499907","Sensor2","0.858","min","246.393","μmol/L","Humid","22.043","deg","92418","µV","18.736","°C","985.000","hPa","35.0","pmil","0","51.462","deg","22.621","°C","100.000","%a.s.","22.257","deg","22.682","°C","985.000","hPa","0.861","-0.02056","0.00035","-0.00011","0","14.7","Humid","28.35","0","65.20","250738.68","SABD0002000014","AAV2.0.0.13","4.0.0.2353","PSt7-10","000000-000","8/7/2024 3:37:09 PM","0000-00","0","no battery","V","215852","µV","96196","µV"
"08/11/2024","11:16:42","2","default","203499907","Sensor2","0.874","min","246.438","μmol/L","Humid","22.041","deg","92412","µV","18.736","°C","985.000","hPa","35.0","pmil","0","51.462","deg","22.621","°C","100.000","%a.s.","22.257","deg","22.682","°C","985.000","hPa","0.861","-0.02056","0.00035","-0.00011","0","14.7","Humid","28.35","0","65.20","250733.66","SABD0002000014","AAV2.0.0.13","4.0.0.2353","PSt7-10","000000-000","8/7/2024 3:37:09 PM","0000-00","0","no battery","V","215852","µV","96196","µV"
"08/11/2024","11:16:43","2","default","203499907","Sensor2","0.891","min","246.278","μmol/L","Humid","22.046","deg","92412","µV","18.742","°C","985.000","hPa","35.0","pmil","0","51.462","deg","22.621","°C","100.000","%a.s.","22.257","deg","22.682","°C","985.000","hPa","0.861","-0.02056","0.00035","-0.00011","0","14.7","Humid","28.35","0","65.20","250735.23","SABD0002000014","AAV2.0.0.13","4.0.0.2353","PSt7-10","000000-000","8/7/2024 3:37:09 PM","0000-00","0","no battery","V","215852","µV","96196","µV"
"08/11/2024","11:16:44","2","default","203499907","Sensor2","0.908","min","246.550","μmol/L","Humid","22.036","deg","92411","µV","18.736","°C","985.000","hPa","35.0","pmil","0","51.462","deg","22.621","°C","100.000","%a.s.","22.257","deg","22.682","°C","985.000","hPa","0.861","-0.02056","0.00035","-0.00011","0","14.7","Humid","28.35","0","65.20","250723.18","SABD0002000014","AAV2.0.0.13","4.0.0.2353","PSt7-10","000000-000","8/7/2024 3:37:09 PM","0000-00","0","no battery","V","215852","µV","96196","µV"
"08/11/2024","11:16:45","2","default","203499907","Sensor2","0.925","min","246.438","μmol/L","Humid","22.041","deg","92408","µV","18.736","°C","985.000","hPa","35.0","pmil","0","51.462","deg","22.621","°C","100.000","%a.s.","22.257","deg","22.682","°C","985.000","hPa","0.861","-0.02056","0.00035","-0.00011","0","14.7","Humid","28.35","0","65.20","250723.98","SABD0002000014","AAV2.0.0.13","4.0.0.2353","PSt7-10","000000-000","8/7/2024 3:37:09 PM","0000-00","0","no battery","V","215852","µV","96196","µV"
"08/11/2024","11:16:46","2","default","203499907","Sensor2","0.941","min","246.345","μmol/L","Humid","22.043","deg","92406","µV","18.742","°C","985.000","hPa","35.0","pmil","0","51.462","deg","22.621","°C","100.000","%a.s.","22.257","deg","22.682","°C","985.000","hPa","0.861","-0.02056","0.00035","-0.00011","0","14.7","Humid","28.35","0","65.20","250719.30","SABD0002000014","AAV2.0.0.13","4.0.0.2353","PSt7-10","000000-000","8/7/2024 3:37:09 PM","0000-00","0","no battery","V","215852","µV","96196","µV"
"08/11/2024","11:16:47","2","default","203499907","Sensor2","0.958","min","246.461","μmol/L","Humid","22.040","deg","92405","µV","18.736","°C","985.000","hPa","35.0","pmil","0","51.462","deg","22.621","°C","100.000","%a.s.","22.257","deg","22.682","°C","985.000","hPa","0.861","-0.02056","0.00035","-0.00011","0","14.7","Humid","28.35","0","65.20","250732.61","SABD0002000014","AAV2.0.0.13","4.0.0.2353","PSt7-10","000000-000","8/7/2024 3:37:09 PM","0000-00","0","no battery","V","215852","µV","96196","µV"
"08/11/2024","11:16:48","2","default","203499907","Sensor2","0.975","min","246.528","μmol/L","Humid","22.037","deg","92402","µV","18.736","°C","985.000","hPa","35.0","pmil","0","51.462","deg","22.621","°C","100.000","%a.s.","22.257","deg","22.682","°C","985.000","hPa","0.861","-0.02056","0.00035","-0.00011","0","14.7","Humid","28.35","0","65.20","250720.53","SABD0002000014","AAV2.0.0.13","4.0.0.2353","PSt7-10","000000-000","8/7/2024 3:37:09 PM","0000-00","0","no battery","V","215852","µV","96196","µV"
"08/11/2024","11:16:49","2","default","203499907","Sensor2","0.991","min","246.483","μmol/L","Humid","22.039","deg","92406","µV","18.736","°C","985.000","hPa","35.0","pmil","0","51.462","deg","22.621","°C","100.000","%a.s.","22.257","deg","22.682","°C","985.000","hPa","0.861","-0.02056","0.00035","-0.00011","0","14.7","Humid","28.35","0","65.20","250713.05","SABD0002000014","AAV2.0.0.13","4.0.0.2353","PSt7-10","000000-000","8/7/2024 3:37:09 PM","0000-00","0","no battery","V","215852","µV","96196","µV"
"08/11/2024","11:16:50","2","default","203499907","Sensor2","1.008","min","246.438","μmol/L","Humid","22.041","deg","92402","µV","18.736","°C","985.000","hPa","35.0","pmil","0","51.462","deg","22.621","°C","100.000","%a.s.","22.257","deg","22.682","°C","985.000","hPa","0.861","-0.02056","0.00035","-0.00011","0","14.7","Humid","28.35","0","65.20","250704.02","SABD0002000014","AAV2.0.0.13","4.0.0.2353","PSt7-10","000000-000","8/7/2024 3:37:09 PM","0000-00","0","no battery","V","215852","µV","96196","µV"
"08/11/2024","11:16:51","2","default","203499907","Sensor2","1.025","min","246.483","μmol/L","Humid","22.039","deg","92403","µV","18.736","°C","985.000","hPa","35.0","pmil","0","51.462","deg","22.621","°C","100.000","%a.s.","22.257","deg","22.682","°C","985.000","hPa","0.861","-0.02056","0.00035","-0.00011","0","14.7","Humid","28.35","0","65.20","250709.49","SABD0002000014","AAV2.0.0.13","4.0.0.2353","PSt7-10","000000-000","8/7/2024 3:37:09 PM","0000-00","0","no battery","V","215852","µV","96196","µV"
"08/11/2024","11:16:52","2","default","203499907","Sensor2","1.041","min","246.509","μmol/L","Humid","22.040","deg","92402","µV","18.730","°C","985.000","hPa","35.0","pmil","0","51.462","deg","22.621","°C","100.000","%a.s.","22.257","deg","22.682","°C","985.000","hPa","0.861","-0.02056","0.00035","-0.00011","0","14.7","Humid","28.35","0","65.20","250704.97","SABD0002000014","AAV2.0.0.13","4.0.0.2353","PSt7-10","000000-000","8/7/2024 3:37:09 PM","0000-00","0","no battery","V","215852","µV","96196","µV"
"08/11/2024","11:16:53","2","default","203499907","Sensor2","1.058","min","246.461","μmol/L","Humid","22.040","deg","92397","µV","18.736","°C","985.000","hPa","35.0","pmil","0","51.462","deg","22.621","°C","100.000","%a.s.","22.257","deg","22.682","°C","985.000","hPa","0.861","-0.02056","0.00035","-0.00011","0","14.7","Humid","28.35","0","65.20","250709.52","SABD0002000014","AAV2.0.0.13","4.0.0.2353","PSt7-10","000000-000","8/7/2024 3:37:09 PM","0000-00","0","no battery","V","215852","µV","96196","µV"
"08/11/2024","11:16:54","2","default","203499907","Sensor2","1.075","min","246.416","μmol/L","Humid","22.042","deg","92395","µV","18.736","°C","985.000","hPa","35.0","pmil","0","51.462","deg","22.621","°C","100.000","%a.s.","22.257","deg","22.682","°C","985.000","hPa","0.861","-0.02056","0.00035","-0.00011","0","14.7","Humid","28.35","0","65.20","250697.17","SABD0002000014","AAV2.0.0.13","4.0.0.2353","PSt7-10","000000-000","8/7/2024 3:37:09 PM","0000-00","0","no battery","V","215852","µV","96196","µV"
"08/11/2024","11:16:55","2","default","203499907","Sensor2","1.091","min","246.323","μmol/L","Humid","22.044","deg","92398","µV","18.742","°C","985.000","hPa","35.0","pmil","0","51.462","deg","22.621","°C","100.000","%a.s.","22.257","deg","22.682","°C","985.000","hPa","0.861","-0.02056","0.00035","-0.00011","0","14.7","Humid","28.35","0","65.20","250715.99","SABD0002000014","AAV2.0.0.13","4.0.0.2353","PSt7-10","000000-000","8/7/2024 3:37:09 PM","0000-00","0","no battery","V","215852","µV","96196","µV"
"08/11/2024","11:16:56","2","default","203499907","Sensor2","1.108","min","246.371","μmol/L","Humid","22.044","deg","92396","µV","18.736","°C","985.000","hPa","35.0","pmil","0","51.462","deg","22.621","°C","100.000","%a.s.","22.257","deg","22.682","°C","985.000","hPa","0.861","-0.02056","0.00035","-0.00011","0","14.7","Humid","28.35","0","65.20","250698.18","SABD0002000014","AAV2.0.0.13","4.0.0.2353","PSt7-10","000000-000","8/7/2024 3:37:09 PM","0000-00","0","no battery","V","215852","µV","96196","µV"
"08/11/2024","11:16:57","2","default","203499907","Sensor2","1.125","min","246.442","μmol/L","Humid","22.043","deg","92385","µV","18.730","°C","985.000","hPa","35.0","pmil","0","51.462","deg","22.621","°C","100.000","%a.s.","22.257","deg","22.682","°C","985.000","hPa","0.861","-0.02056","0.00035","-0.00011","0","14.7","Humid","28.35","0","65.20","250695.29","SABD0002000014","AAV2.0.0.13","4.0.0.2353","PSt7-10","000000-000","8/7/2024 3:37:09 PM","0000-00","0","no battery","V","215852","µV","96196","µV"
"08/11/2024","11:16:58","2","default","203499907","Sensor2","1.142","min","246.464","μmol/L","Humid","22.042","deg","92385","µV","18.730","°C","985.000","hPa","35.0","pmil","0","51.462","deg","22.621","°C","100.000","%a.s.","22.257","deg","22.682","°C","985.000","hPa","0.861","-0.02056","0.00035","-0.00011","0","14.7","Humid","28.35","0","65.20","250695.81","SABD0002000014","AAV2.0.0.13","4.0.0.2353","PSt7-10","000000-000","8/7/2024 3:37:09 PM","0000-00","0","no battery","V","215852","µV","96196","µV"
"08/11/2024","11:16:59","2","default","203499907","Sensor2","1.158","min","246.438","μmol/L","Humid","22.041","deg","92391","µV","18.736","°C","985.000","hPa","35.0","pmil","0","51.462","deg","22.621","°C","100.000","%a.s.","22.257","deg","22.682","°C","985.000","hPa","0.861","-0.02056","0.00035","-0.00011","0","14.7","Humid","28.35","0","65.20","250695.49","SABD0002000014","AAV2.0.0.13","4.0.0.2353","PSt7-10","000000-000","8/7/2024 3:37:09 PM","0000-00","0","no battery","V","215852","µV","96196","µV"
"08/11/2024","11:17:00","2","default","203499907","Sensor2","1.175","min","246.367","μmol/L","Humid","22.042","deg","92384","µV","18.742","°C","985.000","hPa","35.0","pmil","0","51.462","deg","22.621","°C","100.000","%a.s.","22.257","deg","22.682","°C","985.000","hPa","0.861","-0.02056","0.00035","-0.00011","0","14.7","Humid","28.35","0","65.20","250691.44","SABD0002000014","AAV2.0.0.13","4.0.0.2353","PSt7-10","000000-000","8/7/2024 3:37:09 PM","0000-00","0","no battery","V","215852","µV","96196","µV"
"08/11/2024","11:17:01","2","default","203499907","Sensor2","1.191","min","246.464","μmol/L","Humid","22.042","deg","92377","µV","18.730","°C","985.000","hPa","35.0","pmil","0","51.462","deg","22.621","°C","100.000","%a.s.","22.257","deg","22.682","°C","985.000","hPa","0.861","-0.02056","0.00035","-0.00011","0","14.7","Humid","28.35","0","65.20","250681.59","SABD0002000014","AAV2.0.0.13","4.0.0.2353","PSt7-10","000000-000","8/7/2024 3:37:09 PM","0000-00","0","no battery","V","215852","µV","96196","µV"
"08/11/2024","11:17:02","2","default","203499907","Sensor2","1.208","min","246.509","μmol/L","Humid","22.040","deg","92376","µV","18.730","°C","985.000","hPa","35.0","pmil","0","51.462","deg","22.621","°C","100.000","%a.s.","22.257","deg","22.682","°C","985.000","hPa","0.861","-0.02056","0.00035","-0.00011","0","14.7","Humid","28.35","0","65.20","250686.96","SABD0002000014","AAV2.0.0.13","4.0.0.2353","PSt7-10","000000-000","8/7/2024 3:37:09 PM","0000-00","0","no battery","V","215852","µV","96196","µV"
"08/11/2024","11:17:03","2","default","203499907","Sensor2","1.225","min","246.416","μmol/L","Humid","22.042","deg","92378","µV","18.736","°C","985.000","hPa","35.0","pmil","0","51.462","deg","22.621","°C","100.000","%a.s.","22.257","deg","22.682","°C","985.000","hPa","0.861","-0.02056","0.00035","-0.00011","0","14.7","Humid","28.35","0","65.20","250678.99","SABD0002000014","AAV2.0.0.13","4.0.0.2353","PSt7-10","000000-000","8/7/2024 3:37:09 PM","0000-00","0","no battery","V","215852","µV","96196","µV"
"08/11/2024","11:17:04","2","default","203499907","Sensor2","1.242","min","246.483","μmol/L","Humid","22.039","deg","92375","µV","18.736","°C","985.000","hPa","35.0","pmil","0","51.462","deg","22.621","°C","100.000","%a.s.","22.257","deg","22.682","°C","985.000","hPa","0.861","-0.02056","0.00035","-0.00011","0","14.7","Humid","28.35","0","65.20","250679.77","SABD0002000014","AAV2.0.0.13","4.0.0.2353","PSt7-10","000000-000","8/7/2024 3:37:09 PM","0000-00","0","no battery","V","215852","µV","96196","µV"
"08/11/2024","11:17:05","2","default","203499907","Sensor2","1.258","min","246.326","μmol/L","Humid","22.046","deg","92368","µV","18.736","°C","985.000","hPa","35.0","pmil","0","51.462","deg","22.621","°C","100.000","%a.s.","22.257","deg","22.682","°C","985.000","hPa","0.861","-0.02056","0.00035","-0.00011","0","14.7","Humid","28.35","0","65.20","250680.25","SABD0002000014","AAV2.0.0.13","4.0.0.2353","PSt7-10","000000-000","8/7/2024 3:37:09 PM","0000-00","0","no battery","V","215852","µV","96196","µV"
"08/11/2024","11:17:06","2","default","203499907","Sensor2","1.275","min","246.509","μmol/L","Humid","22.040","deg","92372","µV","18.730","°C","985.000","hPa","35.0","pmil","0","51.462","deg","22.621","°C","100.000","%a.s.","22.257","deg","22.682","°C","985.000","hPa","0.861","-0.02056","0.00035","-0.00011","0","14.7","Humid","28.35","0","65.20","250673.31","SABD0002000014","AAV2.0.0.13","4.0.0.2353","PSt7-10","000000-000","8/7/2024 3:37:09 PM","0000-00","0","no battery","V","215852","µV","96196","µV"
"08/11/2024","11:17:07","2","default","203499907","Sensor2","1.292","min","246.393","μmol/L","Humid","22.043","deg","92370","µV","18.736","°C","985.000","hPa","35.0","pmil","0","51.462","deg","22.621","°C","100.000","%a.s.","22.257","deg","22.682","°C","985.000","hPa","0.861","-0.02056","0.00035","-0.00011","0","14.7","Humid","28.35","0","65.20","250676.29","SABD0002000014","AAV2.0.0.13","4.0.0.2353","PSt7-10","000000-000","8/7/2024 3:37:09 PM","0000-00","0","no battery","V","215852","µV","96196","µV"
"08/11/2024","11:17:08","2","default","203499907","Sensor2","1.308","min","246.464","μmol/L","Humid","22.042","deg","92359","µV","18.730","°C","985.000","hPa","35.0","pmil","0","51.462","deg","22.621","°C","100.000","%a.s.","22.257","deg","22.682","°C","985.000","hPa","0.861","-0.02056","0.00035","-0.00011","0","14.7","Humid","28.35","0","65.20","250660.44","SABD0002000014","AAV2.0.0.13","4.0.0.2353","PSt7-10","000000-000","8/7/2024 3:37:09 PM","0000-00","0","no battery","V","215852","µV","96196","µV"
"08/11/2024","11:17:09","2","default","203499907","Sensor2","1.325","min","246.412","μmol/L","Humid","22.040","deg","92357","µV","18.742","°C","985.000","hPa","35.0","pmil","0","51.462","deg","22.621","°C","100.000","%a.s.","22.257","deg","22.682","°C","985.000","hPa","0.861","-0.02056","0.00035","-0.00011","0","14.7","Humid","28.35","0","65.20","250657.25","SABD0002000014","AAV2.0.0.13","4.0.0.2353","PSt7-10","000000-000","8/7/2024 3:37:09 PM","0000-00","0","no battery","V","215852","µV","96196","µV"
"08/11/2024","11:17:10","2","default","203499907","Sensor2","1.342","min","246.442","μmol/L","Humid","22.043","deg","92365","µV","18.730","°C","985.000","hPa","35.0","pmil","0","51.462","deg","22.621","°C","100.000","%a.s.","22.257","deg","22.682","°C","985.000","hPa","0.861","-0.02056","0.00035","-0.00011","0","14.7","Humid","28.35","0","65.20","250673.22","SABD0002000014","AAV2.0.0.13","4.0.0.2353","PSt7-10","000000-000","8/7/2024 3:37:09 PM","0000-00","0","no battery","V","215852","µV","96196","µV"
"08/11/2024","11:17:11","2","default","203499907","Sensor2","1.358","min","246.282","μmol/L","Humid","22.048","deg","92358","µV","18.736","°C","985.000","hPa","35.0","pmil","0","51.462","deg","22.621","°C","100.000","%a.s.","22.257","deg","22.682","°C","985.000","hPa","0.861","-0.02056","0.00035","-0.00011","0","14.7","Humid","28.35","0","65.20","250666.74","SABD0002000014","AAV2.0.0.13","4.0.0.2353","PSt7-10","000000-000","8/7/2024 3:37:09 PM","0000-00","0","no battery","V","215852","µV","96196","µV"
"08/11/2024","11:17:12","2","default","203499907","Sensor2","1.375","min","246.464","μmol/L","Humid","22.042","deg","92351","µV","18.730","°C","985.000","hPa","35.0","pmil","0","51.462","deg","22.621","°C","100.000","%a.s.","22.257","deg","22.682","°C","985.000","hPa","0.861","-0.02056","0.00035","-0.00011","0","14.7","Humid","28.35","0","65.20","250662.57","SABD0002000014","AAV2.0.0.13","4.0.0.2353","PSt7-10","000000-000","8/7/2024 3:37:09 PM","0000-00","0","no battery","V","215852","µV","96196","µV"
"08/11/2024","11:17:13","2","default","203499907","Sensor2","1.392","min","246.420","μmol/L","Humid","22.044","deg","92350","µV","18.730","°C","985.000","hPa","35.0","pmil","0","51.462","deg","22.621","°C","100.000","%a.s.","22.257","deg","22.682","°C","985.000","hPa","0.861","-0.02056","0.00035","-0.00011","0","14.7","Humid","28.35","0","65.20","250665.08","SABD0002000014","AAV2.0.0.13","4.0.0.2353","PSt7-10","000000-000","8/7/2024 3:37:09 PM","0000-00","0","no battery","V","215852","µV","96196","µV"
"08/11/2024","11:17:14","2","default","203499907","Sensor2","1.409","min","246.420","μmol/L","Humid","22.044","deg","92361","µV","18.730","°C","985.000","hPa","35.0","pmil","0","51.462","deg","22.621","°C","100.000","%a.s.","22.257","deg","22.682","°C","985.000","hPa","0.861","-0.02056","0.00035","-0.00011","0","14.7","Humid","28.35","0","65.20","250665.29","SABD0002000014","AAV2.0.0.13","4.0.0.2353","PSt7-10","000000-000","8/7/2024 3:37:09 PM","0000-00","0","no battery","V","215852","µV","96196","µV"
"08/11/2024","11:17:15","2","default","203499907","Sensor2","1.425","min","246.464","μmol/L","Humid","22.042","deg","92353","µV","18.730","°C","985.000","hPa","35.0","pmil","0","51.462","deg","22.621","°C","100.000","%a.s.","22.257","deg","22.682","°C","985.000","hPa","0.861","-0.02056","0.00035","-0.00011","0","14.7","Humid","28.35","0","65.20","250667.72","SABD0002000014","AAV2.0.0.13","4.0.0.2353","PSt7-10","000000-000","8/7/2024 3:37:09 PM","0000-00","0","no battery","V","215852","µV","96196","µV"
"08/11/2024","11:17:16","2","default","203499907","Sensor2","1.442","min","246.464","μmol/L","Humid","22.042","deg","92358","µV","18.730","°C","985.000","hPa","35.0","pmil","0","51.462","deg","22.621","°C","100.000","%a.s.","22.257","deg","22.682","°C","985.000","hPa","0.861","-0.02056","0.00035","-0.00011","0","14.7","Humid","28.35","0","65.20","250664.39","SABD0002000014","AAV2.0.0.13","4.0.0.2353","PSt7-10","000000-000","8/7/2024 3:37:09 PM","0000-00","0","no battery","V","215852","µV","96196","µV"
"08/11/2024","11:17:17","2","default","203499907","Sensor2","1.458","min","246.464","μmol/L","Humid","22.042","deg","92353","µV","18.730","°C","985.000","hPa","35.0","pmil","0","51.462","deg","22.621","°C","100.000","%a.s.","22.257","deg","22.682","°C","985.000","hPa","0.861","-0.02056","0.00035","-0.00011","0","14.7","Humid","28.35","0","65.20","250657.04","SABD0002000014","AAV2.0.0.13","4.0.0.2353","PSt7-10","000000-000","8/7/2024 3:37:09 PM","0000-00","0","no battery","V","215852","µV","96196","µV"
"08/11/2024","11:17:18","2","default","203499907","Sensor2","1.475","min","246.352","μmol/L","Humid","22.047","deg","92346","µV","18.730","°C","985.000","hPa","35.0","pmil","0","51.462","deg","22.621","°C","100.000","%a.s.","22.257","deg","22.682","°C","985.000","hPa","0.861","-0.02056","0.00035","-0.00011","0","14.7","Humid","28.35","0","65.20","250675.18","SABD0002000014","AAV2.0.0.13","4.0.0.2353","PSt7-10","000000-000","8/7/2024 3:37:09 PM","0000-00","0","no battery","V","215852","µV","96196","µV"
"08/11/2024","11:17:19","2","default","203499907","Sensor2","1.492","min","246.509","μmol/L","Humid","22.040","deg","92355","µV","18.730","°C","985.000","hPa","35.0","pmil","0","51.462","deg","22.621","°C","100.000","%a.s.","22.257","deg","22.682","°C","985.000","hPa","0.861","-0.02056","0.00035","-0.00011","0","14.7","Humid","28.35","0","65.20","250656.44","SABD0002000014","AAV2.0.0.13","4.0.0.2353","PSt7-10","000000-000","8/7/2024 3:37:09 PM","0000-00","0","no battery","V","215852","µV","96196","µV"
"08/11/2024","11:17:20","2","default","203499907","Sensor2","1.508","min","246.420","μmol/L","Humid","22.044","deg","92355","µV","18.730","°C","985.000","hPa","35.0","pmil","0","51.462","deg","22.621","°C","100.000","%a.s.","22.257","deg","22.682","°C","985.000","hPa","0.861","-0.02056","0.00035","-0.00011","0","14.7","Humid","28.35","0","65.20","250647.27","SABD0002000014","AAV2.0.0.13","4.0.0.2353","PSt7-10","000000-000","8/7/2024 3:37:09 PM","0000-00","0","no battery","V","215852","µV","96196","µV"
"08/11/2024","11:17:21","2","default","203499907","Sensor2","1.525","min","246.487","μmol/L","Humid","22.041","deg","92350","µV","18.730","°C","985.000","hPa","35.0","pmil","0","51.462","deg","22.621","°C","100.000","%a.s.","22.257","deg","22.682","°C","985.000","hPa","0.861","-0.02056","0.00035","-0.00011","0","14.7","Humid","28.35","0","65.20","250642.99","SABD0002000014","AAV2.0.0.13","4.0.0.2353","PSt7-10","000000-000","8/7/2024 3:37:09 PM","0000-00","0","no battery","V","215852","µV","96196","µV"
"08/11/2024","11:17:22","2","default","203499907","Sensor2","1.542","min","246.412","μmol/L","Humid","22.040","deg","92338","µV","18.742","°C","985.000","hPa","35.0","pmil","0","51.462","deg","22.621","°C","100.000","%a.s.","22.257","deg","22.682","°C","985.000","hPa","0.861","-0.02056","0.00035","-0.00011","0","14.7","Humid","28.35","0","65.20","250644.79","SABD0002000014","AAV2.0.0.13","4.0.0.2353","PSt7-10","000000-000","8/7/2024 3:37:09 PM","0000-00","0","no battery","V","215852","µV","96196","µV"
"08/11/2024","11:17:23","2","default","203499907","Sensor2","1.558","min","246.420","μmol/L","Humid","22.044","deg","92353","µV","18.730","°C","985.000","hPa","35.0","pmil","0","51.462","deg","22.621","°C","100.000","%a.s.","22.257","deg","22.682","°C","985.000","hPa","0.861","-0.02056","0.00035","-0.00011","0","14.7","Humid","28.35","0","65.20","250652.51","SABD0002000014","AAV2.0.0.13","4.0.0.2353","PSt7-10","000000-000","8/7/2024 3:37:09 PM","0000-00","0","no battery","V","215852","µV","96196","µV"
"08/11/2024","11:17:24","2","default","203499907","Sensor2","1.575","min","246.375","μmol/L","Humid","22.046","deg","92342","µV","18.730","°C","985.000","hPa","35.0","pmil","0","51.462","deg","22.621","°C","100.000","%a.s.","22.257","deg","22.682","°C","985.000","hPa","0.861","-0.02056","0.00035","-0.00011","0","14.7","Humid","28.35","0","65.20","250646.80","SABD0002000014","AAV2.0.0.13","4.0.0.2353","PSt7-10","000000-000","8/7/2024 3:37:09 PM","0000-00","0","no battery","V","215852","µV","96196","µV"
"08/11/2024","11:17:25","2","default","203499907","Sensor2","1.592","min","246.509","μmol/L","Humid","22.040","deg","92352","µV","18.730","°C","985.000","hPa","35.0","pmil","0","51.462","deg","22.621","°C","100.000","%a.s.","22.257","deg","22.682","°C","985.000","hPa","0.861","-0.02056","0.00035","-0.00011","0","14.7","Humid","28.35","0","65.20","250647.83","SABD0002000014","AAV2.0.0.13","4.0.0.2353","PSt7-10","000000-000","8/7/2024 3:37:09 PM","0000-00","0","no battery","V","215852","µV","96196","µV"
"08/11/2024","11:17:26","2","default","203499907","Sensor2","1.609","min","246.464","μmol/L","Humid","22.042","deg","92341","µV","18.730","°C","985.000","hPa","35.0","pmil","0","51.462","deg","22.621","°C","100.000","%a.s.","22.257","deg","22.682","°C","985.000","hPa","0.861","-0.02056","0.00035","-0.00011","0","14.7","Humid","28.35","0","65.20","250647.99","SABD0002000014","AAV2.0.0.13","4.0.0.2353","PSt7-10","000000-000","8/7/2024 3:37:09 PM","0000-00","0","no battery","V","215852","µV","96196","µV"
"08/11/2024","11:17:27","2","default","203499907","Sensor2","1.625","min","246.416","μmol/L","Humid","22.042","deg","92340","µV","18.736","°C","985.000","hPa","35.0","pmil","0","51.462","deg","22.621","°C","100.000","%a.s.","22.257","deg","22.682","°C","985.000","hPa","0.861","-0.02056","0.00035","-0.00011","0","14.7","Humid","28.35","0","65.20","250639.41","SABD0002000014","AAV2.0.0.13","4.0.0.2353","PSt7-10","000000-000","8/7/2024 3:37:09 PM","0000-00","0","no battery","V","215852","µV","96196","µV"
"08/11/2024","11:17:28","2","default","203499907","Sensor2","1.642","min","246.323","μmol/L","Humid","22.044","deg","92339","µV","18.742","°C","985.000","hPa","35.0","pmil","0","51.462","deg","22.621","°C","100.000","%a.s.","22.257","deg","22.682","°C","985.000","hPa","0.861","-0.02056","0.00035","-0.00011","0","14.7","Humid","28.35","0","65.20","250636.77","SABD0002000014","AAV2.0.0.13","4.0.0.2353","PSt7-10","000000-000","8/7/2024 3:37:09 PM","0000-00","0","no battery","V","215852","µV","96196","µV"
"08/11/2024","11:17:29","2","default","203499907","Sensor2","1.658","min","246.397","μmol/L","Humid","22.045","deg","92334","µV","18.730","°C","985.000","hPa","35.0","pmil","0","51.462","deg","22.621","°C","100.000","%a.s.","22.257","deg","22.682","°C","985.000","hPa","0.861","-0.02056","0.00035","-0.00011","0","14.7","Humid","28.35","0","65.20","250641.14","SABD0002000014","AAV2.0.0.13","4.0.0.2353","PSt7-10","000000-000","8/7/2024 3:37:09 PM","0000-00","0","no battery","V","215852","µV","96196","µV"
"08/11/2024","11:17:30","2","default","203499907","Sensor2","1.675","min","246.487","μmol/L","Humid","22.041","deg","92338","µV","18.730","°C","985.000","hPa","35.0","pmil","0","51.462","deg","22.621","°C","100.000","%a.s.","22.257","deg","22.682","°C","985.000","hPa","0.861","-0.02056","0.00035","-0.00011","0","14.7","Humid","28.35","0","65.20","250634.13","SABD0002000014","AAV2.0.0.13","4.0.0.2353","PSt7-10","000000-000","8/7/2024 3:37:09 PM","0000-00","0","no battery","V","215852","µV","96196","µV"
"08/11/2024","11:17:31","2","default","203499907","Sensor2","1.692","min","246.375","μmol/L","Humid","22.046","deg","92340","µV","18.730","°C","985.000","hPa","35.0","pmil","0","51.462","deg","22.621","°C","100.000","%a.s.","22.257","deg","22.682","°C","985.000","hPa","0.861","-0.02056","0.00035","-0.00011","0","14.7","Humid","28.35","0","65.20","250639.11","SABD0002000014","AAV2.0.0.13","4.0.0.2353","PSt7-10","000000-000","8/7/2024 3:37:09 PM","0000-00","0","no battery","V","215852","µV","96196","µV"
"08/11/2024","11:17:32","2","default","203499907","Sensor2","1.709","min","246.393","μmol/L","Humid","22.043","deg","92344","µV","18.736","°C","985.000","hPa","35.0","pmil","0","51.462","deg","22.621","°C","100.000","%a.s.","22.257","deg","22.682","°C","985.000","hPa","0.861","-0.02056","0.00035","-0.00011","0","14.7","Humid","28.35","0","65.20","250640.14","SABD0002000014","AAV2.0.0.13","4.0.0.2353","PSt7-10","000000-000","8/7/2024 3:37:09 PM","0000-00","0","no battery","V","215852","µV","96196","µV"
"08/11/2024","11:17:33","2","default","203499907","Sensor2","1.725","min","246.513","μmol/L","Humid","22.042","deg","92331","µV","18.724","°C","985.000","hPa","35.0","pmil","0","51.462","deg","22.621","°C","100.000","%a.s.","22.257","deg","22.682","°C","985.000","hPa","0.861","-0.02056","0.00035","-0.00011","0","14.7","Humid","28.35","0","65.20","250628.25","SABD0002000014","AAV2.0.0.13","4.0.0.2353","PSt7-10","000000-000","8/7/2024 3:37:09 PM","0000-00","0","no battery","V","215852","µV","96196","µV"
"08/11/2024","11:17:34","2","default","203499907","Sensor2","1.742","min","246.442","μmol/L","Humid","22.043","deg","92337","µV","18.730","°C","985.000","hPa","35.0","pmil","0","51.462","deg","22.621","°C","100.000","%a.s.","22.257","deg","22.682","°C","985.000","hPa","0.861","-0.02056","0.00035","-0.00011","0","14.7","Humid","28.35","0","65.20","250632.67","SABD0002000014","AAV2.0.0.13","4.0.0.2353","PSt7-10","000000-000","8/7/2024 3:37:09 PM","0000-00","0","no battery","V","215852","µV","96196","µV"
"08/11/2024","11:17:35","2","default","203499907","Sensor2","1.759","min","246.442","μmol/L","Humid","22.043","deg","92336","µV","18.730","°C","985.000","hPa","35.0","pmil","0","51.462","deg","22.621","°C","100.000","%a.s.","22.257","deg","22.682","°C","985.000","hPa","0.861","-0.02056","0.00035","-0.00011","0","14.7","Humid","28.35","0","65.20","250636.40","SABD0002000014","AAV2.0.0.13","4.0.0.2353","PSt7-10","000000-000","8/7/2024 3:37:09 PM","0000-00","0","no battery","V","215852","µV","96196","µV"
"08/11/2024","11:17:36","2","default","203499907","Sensor2","1.775","min","246.420","μmol/L","Humid","22.044","deg","92334","µV","18.730","°C","985.000","hPa","35.0","pmil","0","51.462","deg","22.621","°C","100.000","%a.s.","22.257","deg","22.682","°C","985.000","hPa","0.861","-0.02056","0.00035","-0.00011","0","14.7","Humid","28.35","0","65.20","250612.94","SABD0002000014","AAV2.0.0.13","4.0.0.2353","PSt7-10","000000-000","8/7/2024 3:37:09 PM","0000-00","0","no battery","V","215852","µV","96196","µV"
"08/11/2024","11:17:37","2","default","203499907","Sensor2","1.792","min","246.349","μmol/L","Humid","22.045","deg","92331","µV","18.736","°C","985.000","hPa","35.0","pmil","0","51.462","deg","22.621","°C","100.000","%a.s.","22.257","deg","22.682","°C","985.000","hPa","0.861","-0.02056","0.00035","-0.00011","0","14.7","Humid","28.35","0","65.20","250616.16","SABD0002000014","AAV2.0.0.13","4.0.0.2353","PSt7-10","000000-000","8/7/2024 3:37:09 PM","0000-00","0","no battery","V","215852","µV","96196","µV"
"08/11/2024","11:17:38","2","default","203499907","Sensor2","1.809","min","246.393","μmol/L","Humid","22.043","deg","92329","µV","18.736","°C","985.000","hPa","35.0","pmil","0","51.462","deg","22.621","°C","100.000","%a.s.","22.257","deg","22.682","°C","985.000","hPa","0.861","-0.02056","0.00035","-0.00011","0","14.7","Humid","28.35","0","65.20","250623.42","SABD0002000014","AAV2.0.0.13","4.0.0.2353","PSt7-10","000000-000","8/7/2024 3:37:09 PM","0000-00","0","no battery","V","215852","µV","96196","µV"
"08/11/2024","11:17:39","2","default","203499907","Sensor2","1.825","min","246.412","μmol/L","Humid","22.040","deg","92332","µV","18.742","°C","985.000","hPa","35.0","pmil","0","51.462","deg","22.621","°C","100.000","%a.s.","22.257","deg","22.682","°C","985.000","hPa","0.861","-0.02056","0.00035","-0.00011","0","14.7","Humid","28.35","0","65.20","250617.23","SABD0002000014","AAV2.0.0.13","4.0.0.2353","PSt7-10","000000-000","8/7/2024 3:37:09 PM","0000-00","0","no battery","V","215852","µV","96196","µV"
"08/11/2024","11:17:40","2","default","203499907","Sensor2","1.842","min","246.464","μmol/L","Humid","22.042","deg","92337","µV","18.730","°C","985.000","hPa","35.0","pmil","0","51.462","deg","22.621","°C","100.000","%a.s.","22.257","deg","22.682","°C","985.000","hPa","0.861","-0.02056","0.00035","-0.00011","0","14.7","Humid","28.35","0","65.20","250614.75","SABD0002000014","AAV2.0.0.13","4.0.0.2353","PSt7-10","000000-000","8/7/2024 3:37:09 PM","0000-00","0","no battery","V","215852","µV","96196","µV"
"08/11/2024","11:17:41","2","default","203499907","Sensor2","1.858","min","246.487","μmol/L","Humid","22.041","deg","92329","µV","18.730","°C","985.000","hPa","35.0","pmil","0","51.462","deg","22.621","°C","100.000","%a.s.","22.257","deg","22.682","°C","985.000","hPa","0.861","-0.02056","0.00035","-0.00011","0","14.7","Humid","28.35","0","65.20","250615.84","SABD0002000014","AAV2.0.0.13","4.0.0.2353","PSt7-10","000000-000","8/7/2024 3:37:09 PM","0000-00","0","no battery","V","215852","µV","96196","µV"
"08/11/2024","11:17:42","2","default","203499907","Sensor2","1.874","min","246.420","μmol/L","Humid","22.044","deg","92331","µV","18.730","°C","985.000","hPa","35.0","pmil","0","51.462","deg","22.621","°C","100.000","%a.s.","22.257","deg","22.682","°C","985.000","hPa","0.861","-0.02056","0.00035","-0.00011","0","14.7","Humid","28.35","0","65.20","250616.82","SABD0002000014","AAV2.0.0.13","4.0.0.2353","PSt7-10","000000-000","8/7/2024 3:37:09 PM","0000-00","0","no battery","V","215852","µV","96196","µV"
"08/11/2024","11:17:43","2","default","203499907","Sensor2","1.891","min","246.464","μmol/L","Humid","22.042","deg","92327","µV","18.730","°C","985.000","hPa","35.0","pmil","0","51.462","deg","22.621","°C","100.000","%a.s.","22.257","deg","22.682","°C","985.000","hPa","0.861","-0.02056","0.00035","-0.00011","0","14.7","Humid","28.35","0","65.20","250618.86","SABD0002000014","AAV2.0.0.13","4.0.0.2353","PSt7-10","000000-000","8/7/2024 3:37:09 PM","0000-00","0","no battery","V","215852","µV","96196","µV"
"08/11/2024","11:17:44","2","default","203499907","Sensor2","1.908","min","246.464","μmol/L","Humid","22.042","deg","92331","µV","18.730","°C","985.000","hPa","35.0","pmil","0","51.462","deg","22.621","°C","100.000","%a.s.","22.257","deg","22.682","°C","985.000","hPa","0.861","-0.02056","0.00035","-0.00011","0","14.7","Humid","28.35","0","65.20","250611.92","SABD0002000014","AAV2.0.0.13","4.0.0.2353","PSt7-10","000000-000","8/7/2024 3:37:09 PM","0000-00","0","no battery","V","215852","µV","96196","µV"
"08/11/2024","11:17:45","2","default","203499907","Sensor2","1.925","min","246.375","μmol/L","Humid","22.046","deg","92335","µV","18.730","°C","985.000","hPa","35.0","pmil","0","51.462","deg","22.621","°C","100.000","%a.s.","22.257","deg","22.682","°C","985.000","hPa","0.861","-0.02056","0.00035","-0.00011","0","14.7","Humid","28.35","0","65.20","250612.84","SABD0002000014","AAV2.0.0.13","4.0.0.2353","PSt7-10","000000-000","8/7/2024 3:37:09 PM","0000-00","0","no battery","V","215852","µV","96196","µV"
"08/11/2024","11:17:46","2","default","203499907","Sensor2","1.942","min","246.371","μmol/L","Humid","22.044","deg","92332","µV","18.736","°C","985.000","hPa","35.0","pmil","0","51.462","deg","22.621","°C","100.000","%a.s.","22.257","deg","22.682","°C","985.000","hPa","0.861","-0.02056","0.00035","-0.00011","0","14.7","Humid","28.35","0","65.20","250608.15","SABD0002000014","AAV2.0.0.13","4.0.0.2353","PSt7-10","000000-000","8/7/2024 3:37:09 PM","0000-00","0","no battery","V","215852","µV","96196","µV"
"08/11/2024","11:17:47","2","default","203499907","Sensor2","1.958","min","246.532","μmol/L","Humid","22.039","deg","92332","µV","18.730","°C","985.000","hPa","35.0","pmil","0","51.462","deg","22.621","°C","100.000","%a.s.","22.257","deg","22.682","°C","985.000","hPa","0.861","-0.02056","0.00035","-0.00011","0","14.7","Humid","28.35","0","65.20","250601.70","SABD0002000014","AAV2.0.0.13","4.0.0.2353","PSt7-10","000000-000","8/7/2024 3:37:09 PM","0000-00","0","no battery","V","215852","µV","96196","µV"
"08/11/2024","11:17:48","2","default","203499907","Sensor2","1.975","min","246.371","μmol/L","Humid","22.044","deg","92331","µV","18.736","°C","985.000","hPa","35.0","pmil","0","51.462","deg","22.621","°C","100.000","%a.s.","22.257","deg","22.682","°C","985.000","hPa","0.861","-0.02056","0.00035","-0.00011","0","14.7","Humid","28.35","0","65.20","250601.18","SABD0002000014","AAV2.0.0.13","4.0.0.2353","PSt7-10","000000-000","8/7/2024 3:37:09 PM","0000-00","0","no battery","V","215852","µV","96196","µV"
"08/11/2024","11:17:49","2","default","203499907","Sensor2","1.991","min","246.416","μmol/L","Humid","22.042","deg","92332","µV","18.736","°C","985.000","hPa","35.0","pmil","0","51.462","deg","22.621","°C","100.000","%a.s.","22.257","deg","22.682","°C","985.000","hPa","0.861","-0.02056","0.00035","-0.00011","0","14.7","Humid","28.35","0","65.20","250605.24","SABD0002000014","AAV2.0.0.13","4.0.0.2353","PSt7-10","000000-000","8/7/2024 3:37:09 PM","0000-00","0","no battery","V","215852","µV","96196","µV"
"08/11/2024","11:17:50","2","default","203499907","Sensor2","2.008","min","246.326","μmol/L","Humid","22.046","deg","92327","µV","18.736","°C","985.000","hPa","35.0","pmil","0","51.462","deg","22.621","°C","100.000","%a.s.","22.257","deg","22.682","°C","985.000","hPa","0.861","-0.02056","0.00035","-0.00011","0","14.7","Humid","28.35","0","65.20","250609.91","SABD0002000014","AAV2.0.0.13","4.0.0.2353","PSt7-10","000000-000","8/7/2024 3:37:09 PM","0000-00","0","no battery","V","215852","µV","96196","µV"
"08/11/2024","11:17:51","2","default","203499907","Sensor2","2.024","min","246.442","μmol/L","Humid","22.043","deg","92330","µV","18.730","°C","985.000","hPa","35.0","pmil","0","51.462","deg","22.621","°C","100.000","%a.s.","22.257","deg","22.682","°C","985.000","hPa","0.861","-0.02056","0.00035","-0.00011","0","14.7","Humid","28.35","0","65.20","250594.75","SABD0002000014","AAV2.0.0.13","4.0.0.2353","PSt7-10","000000-000","8/7/2024 3:37:09 PM","0000-00","0","no battery","V","215852","µV","96196","µV"
"08/11/2024","11:17:52","2","default","203499907","Sensor2","2.041","min","246.490","μmol/L","Humid","22.043","deg","92329","µV","18.724","°C","985.000","hPa","35.0","pmil","0","51.462","deg","22.621","°C","100.000","%a.s.","22.257","deg","22.682","°C","985.000","hPa","0.861","-0.02056","0.00035","-0.00011","0","14.7","Humid","28.35","0","65.20","250605.08","SABD0002000014","AAV2.0.0.13","4.0.0.2353","PSt7-10","000000-000","8/7/2024 3:37:09 PM","0000-00","0","no battery","V","215852","µV","96196","µV"
"08/11/2024","11:17:53","2","default","203499907","Sensor2","2.058","min","246.468","μmol/L","Humid","22.044","deg","92333","µV","18.724","°C","985.000","hPa","35.0","pmil","0","51.462","deg","22.621","°C","100.000","%a.s.","22.257","deg","22.682","°C","985.000","hPa","0.861","-0.02056","0.00035","-0.00011","0","14.7","Humid","28.35","0","65.20","250602.87","SABD0002000014","AAV2.0.0.13","4.0.0.2353","PSt7-10","000000-000","8/7/2024 3:37:09 PM","0000-00","0","no battery","V","215852","µV","96196","µV"
"08/11/2024","11:17:54","2","default","203499907","Sensor2","2.075","min","246.490","μmol/L","Humid","22.043","deg","92334","µV","18.724","°C","985.000","hPa","35.0","pmil","0","51.462","deg","22.621","°C","100.000","%a.s.","22.257","deg","22.682","°C","985.000","hPa","0.861","-0.02056","0.00035","-0.00011","0","14.7","Humid","28.35","0","65.20","250594.33","SABD0002000014","AAV2.0.0.13","4.0.0.2353","PSt7-10","000000-000","8/7/2024 3:37:09 PM","0000-00","0","no battery","V","215852","µV","96196","µV"
"08/11/2024","11:17:55","2","default","203499907","Sensor2","2.092","min","246.282","μmol/L","Humid","22.048","deg","92325","µV","18.736","°C","985.000","hPa","35.0","pmil","0","51.462","deg","22.621","°C","100.000","%a.s.","22.257","deg","22.682","°C","985.000","hPa","0.861","-0.02056","0.00035","-0.00011","0","14.7","Humid","28.35","0","65.20","250595.18","SABD0002000014","AAV2.0.0.13","4.0.0.2353","PSt7-10","000000-000","8/7/2024 3:37:09 PM","0000-00","0","no battery","V","215852","µV","96196","µV"
"08/11/2024","11:17:56","2","default","203499907","Sensor2","2.108","min","246.420","μmol/L","Humid","22.044","deg","92324","µV","18.730","°C","985.000","hPa","35.0","pmil","0","51.462","deg","22.621","°C","100.000","%a.s.","22.257","deg","22.682","°C","985.000","hPa","0.861","-0.02056","0.00035","-0.00011","0","14.7","Humid","28.35","0","65.20","250590.44","SABD0002000014","AAV2.0.0.13","4.0.0.2353","PSt7-10","000000-000","8/7/2024 3:37:09 PM","0000-00","0","no battery","V","215852","µV","96196","µV"
"08/11/2024","11:17:57","2","default","203499907","Sensor2","2.125","min","246.375","μmol/L","Humid","22.046","deg","92325","µV","18.730","°C","985.000","hPa","35.0","pmil","0","51.462","deg","22.621","°C","100.000","%a.s.","22.257","deg","22.682","°C","985.000","hPa","0.861","-0.02056","0.00035","-0.00011","0","14.7","Humid","28.35","0","65.20","250607.44","SABD0002000014","AAV2.0.0.13","4.0.0.2353","PSt7-10","000000-000","8/7/2024 3:37:09 PM","0000-00","0","no battery","V","215852","µV","96196","µV"
"08/11/2024","11:17:58","2","default","203499907","Sensor2","2.142","min","246.535","μmol/L","Humid","22.041","deg","92321","µV","18.724","°C","985.000","hPa","35.0","pmil","0","51.462","deg","22.621","°C","100.000","%a.s.","22.257","deg","22.682","°C","985.000","hPa","0.861","-0.02056","0.00035","-0.00011","0","14.7","Humid","28.35","0","65.20","250594.42","SABD0002000014","AAV2.0.0.13","4.0.0.2353","PSt7-10","000000-000","8/7/2024 3:37:09 PM","0000-00","0","no battery","V","215852","µV","96196","µV"
"08/11/2024","11:17:59","2","default","203499907","Sensor2","2.158","min","246.487","μmol/L","Humid","22.041","deg","92326","µV","18.730","°C","985.000","hPa","35.0","pmil","0","51.462","deg","22.621","°C","100.000","%a.s.","22.257","deg","22.682","°C","985.000","hPa","0.861","-0.02056","0.00035","-0.00011","0","14.7","Humid","28.35","0","65.20","250595.23","SABD0002000014","AAV2.0.0.13","4.0.0.2353","PSt7-10","000000-000","8/7/2024 3:37:09 PM","0000-00","0","no battery","V","215852","µV","96196","µV"
"08/11/2024","11:18:00","2","default","203499907","Sensor2","2.174","min","246.446","μmol/L","Humid","22.045","deg","92321","µV","18.724","°C","985.000","hPa","35.0","pmil","0","51.462","deg","22.621","°C","100.000","%a.s.","22.257","deg","22.682","°C","985.000","hPa","0.861","-0.02056","0.00035","-0.00011","0","14.7","Humid","28.35","0","65.20","250589.96","SABD0002000014","AAV2.0.0.13","4.0.0.2353","PSt7-10","000000-000","8/7/2024 3:37:09 PM","0000-00","0","no battery","V","215852","µV","96196","µV"
"08/11/2024","11:18:01","2","default","203499907","Sensor2","2.191","min","246.513","μmol/L","Humid","22.042","deg","92318","µV","18.724","°C","985.000","hPa","35.0","pmil","0","51.462","deg","22.621","°C","100.000","%a.s.","22.257","deg","22.682","°C","985.000","hPa","0.861","-0.02056","0.00035","-0.00011","0","14.7","Humid","28.35","0","65.20","250580.54","SABD0002000014","AAV2.0.0.13","4.0.0.2353","PSt7-10","000000-000","8/7/2024 3:37:09 PM","0000-00","0","no battery","V","215852","µV","96196","µV"
"08/11/2024","11:18:02","2","default","203499907","Sensor2","2.208","min","246.464","μmol/L","Humid","22.042","deg","92319","µV","18.730","°C","985.000","hPa","35.0","pmil","0","51.462","deg","22.621","°C","100.000","%a.s.","22.257","deg","22.682","°C","985.000","hPa","0.861","-0.02056","0.00035","-0.00011","0","14.7","Humid","28.35","0","65.20","250583.91","SABD0002000014","AAV2.0.0.13","4.0.0.2353","PSt7-10","000000-000","8/7/2024 3:37:09 PM","0000-00","0","no battery","V","215852","µV","96196","µV"
"08/11/2024","11:18:03","2","default","203499907","Sensor2","2.224","min","246.468","μmol/L","Humid","22.044","deg","92319","µV","18.724","°C","985.000","hPa","35.0","pmil","0","51.462","deg","22.621","°C","100.000","%a.s.","22.257","deg","22.682","°C","985.000","hPa","0.861","-0.02056","0.00035","-0.00011","0","14.7","Humid","28.35","0","65.20","250580.73","SABD0002000014","AAV2.0.0.13","4.0.0.2353","PSt7-10","000000-000","8/7/2024 3:37:09 PM","0000-00","0","no battery","V","215852","µV","96196","µV"
"08/11/2024","11:18:04","2","default","203499907","Sensor2","2.241","min","246.468","μmol/L","Humid","22.044","deg","92317","µV","18.724","°C","985.000","hPa","35.0","pmil","0","51.462","deg","22.621","°C","100.000","%a.s.","22.257","deg","22.682","°C","985.000","hPa","0.861","-0.02056","0.00035","-0.00011","0","14.7","Humid","28.35","0","65.20","250582.30","SABD0002000014","AAV2.0.0.13","4.0.0.2353","PSt7-10","000000-000","8/7/2024 3:37:09 PM","0000-00","0","no battery","V","215852","µV","96196","µV"
"08/11/2024","11:18:05","2","default","203499907","Sensor2","2.258","min","246.446","μmol/L","Humid","22.045","deg","92315","µV","18.724","°C","985.000","hPa","35.0","pmil","0","51.462","deg","22.621","°C","100.000","%a.s.","22.257","deg","22.682","°C","985.000","hPa","0.861","-0.02056","0.00035","-0.00011","0","14.7","Humid","28.35","0","65.20","250587.63","SABD0002000014","AAV2.0.0.13","4.0.0.2353","PSt7-10","000000-000","8/7/2024 3:37:09 PM","0000-00","0","no battery","V","215852","µV","96196","µV"
"08/11/2024","11:18:06","2","default","203499907","Sensor2","2.275","min","246.326","μmol/L","Humid","22.046","deg","92310","µV","18.736","°C","985.000","hPa","35.0","pmil","0","51.462","deg","22.621","°C","100.000","%a.s.","22.257","deg","22.682","°C","985.000","hPa","0.861","-0.02056","0.00035","-0.00011","0","14.7","Humid","28.35","0","65.20","250576.31","SABD0002000014","AAV2.0.0.13","4.0.0.2353","PSt7-10","000000-000","8/7/2024 3:37:09 PM","0000-00","0","no battery","V","215852","µV","96196","µV"
"08/11/2024","11:18:07","2","default","203499907","Sensor2","2.292","min","246.420","μmol/L","Humid","22.044","deg","92320","µV","18.730","°C","985.000","hPa","35.0","pmil","0","51.462","deg","22.621","°C","100.000","%a.s.","22.257","deg","22.682","°C","985.000","hPa","0.861","-0.02056","0.00035","-0.00011","0","14.7","Humid","28.35","0","65.20","250584.88","SABD0002000014","AAV2.0.0.13","4.0.0.2353","PSt7-10","000000-000","8/7/2024 3:37:09 PM","0000-00","0","no battery","V","215852","µV","96196","µV"
"08/11/2024","11:18:08","2","default","203499907","Sensor2","2.308","min","246.393","μmol/L","Humid","22.043","deg","92302","µV","18.736","°C","985.000","hPa","35.0","pmil","0","51.462","deg","22.621","°C","100.000","%a.s.","22.257","deg","22.682","°C","985.000","hPa","0.861","-0.02056","0.00035","-0.00011","0","14.7","Humid","28.35","0","65.20","250567.49","SABD0002000014","AAV2.0.0.13","4.0.0.2353","PSt7-10","000000-000","8/7/2024 3:37:09 PM","0000-00","0","no battery","V","215852","µV","96196","µV"
"08/11/2024","11:18:09","2","default","203499907","Sensor2","2.325","min","246.490","μmol/L","Humid","22.043","deg","92305","µV","18.724","°C","985.000","hPa","35.0","pmil","0","51.462","deg","22.621","°C","100.000","%a.s.","22.257","deg","22.682","°C","985.000","hPa","0.861","-0.02056","0.00035","-0.00011","0","14.7","Humid","28.35","0","65.20","250573.10","SABD0002000014","AAV2.0.0.13","4.0.0.2353","PSt7-10","000000-000","8/7/2024 3:37:09 PM","0000-00","0","no battery","V","215852","µV","96196","µV"
"08/11/2024","11:18:10","2","default","203499907","Sensor2","2.342","min","246.326","μmol/L","Humid","22.046","deg","92312","µV","18.736","°C","985.000","hPa","35.0","pmil","0","51.462","deg","22.621","°C","100.000","%a.s.","22.257","deg","22.682","°C","985.000","hPa","0.861","-0.02056","0.00035","-0.00011","0","14.7","Humid","28.35","0","65.20","250571.72","SABD0002000014","AAV2.0.0.13","4.0.0.2353","PSt7-10","000000-000","8/7/2024 3:37:09 PM","0000-00","0","no battery","V","215852","µV","96196","µV"
"08/11/2024","11:18:11","2","default","203499907","Sensor2","2.358","min","246.464","μmol/L","Humid","22.042","deg","92312","µV","18.730","°C","985.000","hPa","35.0","pmil","0","51.462","deg","22.621","°C","100.000","%a.s.","22.257","deg","22.682","°C","985.000","hPa","0.861","-0.02056","0.00035","-0.00011","0","14.7","Humid","28.35","0","65.20","250566.14","SABD0002000014","AAV2.0.0.13","4.0.0.2353","PSt7-10","000000-000","8/7/2024 3:37:09 PM","0000-00","0","no battery","V","215852","µV","96196","µV"
"08/11/2024","11:18:12","2","default","203499907","Sensor2","2.374","min","246.420","μmol/L","Humid","22.044","deg","92307","µV","18.730","°C","985.000","hPa","35.0","pmil","0","51.462","deg","22.621","°C","100.000","%a.s.","22.257","deg","22.682","°C","985.000","hPa","0.861","-0.02056","0.00035","-0.00011","0","14.7","Humid","28.35","0","65.20","250555.21","SABD0002000014","AAV2.0.0.13","4.0.0.2353","PSt7-10","000000-000","8/7/2024 3:37:09 PM","0000-00","0","no battery","V","215852","µV","96196","µV"
"08/11/2024","11:18:13","2","default","203499907","Sensor2","2.391","min","246.468","μmol/L","Humid","22.044","deg","92308","µV","18.724","°C","985.000","hPa","35.0","pmil","0","51.462","deg","22.621","°C","100.000","%a.s.","22.257","deg","22.682","°C","985.000","hPa","0.861","-0.02056","0.00035","-0.00011","0","14.7","Humid","28.35","0","65.20","250568.41","SABD0002000014","AAV2.0.0.13","4.0.0.2353","PSt7-10","000000-000","8/7/2024 3:37:09 PM","0000-00","0","no battery","V","215852","µV","96196","µV"
"08/11/2024","11:18:14","2","default","203499907","Sensor2","2.408","min","246.442","μmol/L","Humid","22.043","deg","92304","µV","18.730","°C","985.000","hPa","35.0","pmil","0","51.462","deg","22.621","°C","100.000","%a.s.","22.257","deg","22.682","°C","985.000","hPa","0.861","-0.02056","0.00035","-0.00011","0","14.7","Humid","28.35","0","65.20","250559.79","SABD0002000014","AAV2.0.0.13","4.0.0.2353","PSt7-10","000000-000","8/7/2024 3:37:09 PM","0000-00","0","no battery","V","215852","µV","96196","µV"
"08/11/2024","11:18:15","2","default","203499907","Sensor2","2.425","min","246.513","μmol/L","Humid","22.042","deg","92307","µV","18.724","°C","985.000","hPa","35.0","pmil","0","51.462","deg","22.621","°C","100.000","%a.s.","22.257","deg","22.682","°C","985.000","hPa","0.861","-0.02056","0.00035","-0.00011","0","14.7","Humid","28.35","0","65.20","250560.22","SABD0002000014","AAV2.0.0.13","4.0.0.2353","PSt7-10","000000-000","8/7/2024 3:37:09 PM","0000-00","0","no battery","V","215852","µV","96196","µV"
"08/11/2024","11:18:16","2","default","203499907","Sensor2","2.441","min","246.442","μmol/L","Humid","22.043","deg","92303","µV","18.730","°C","985.000","hPa","35.0","pmil","0","51.462","deg","22.621","°C","100.000","%a.s.","22.257","deg","22.682","°C","985.000","hPa","0.861","-0.02056","0.00035","-0.00011","0","14.7","Humid","28.35","0","65.20","250549.13","SABD0002000014","AAV2.0.0.13","4.0.0.2353","PSt7-10","000000-000","8/7/2024 3:37:09 PM","0000-00","0","no battery","V","215852","µV","96196","µV"
"08/11/2024","11:18:17","2","default","203499907","Sensor2","2.458","min","246.535","μmol/L","Humid","22.041","deg","92303","µV","18.724","°C","985.000","hPa","35.0","pmil","0","51.462","deg","22.621","°C","100.000","%a.s.","22.257","deg","22.682","°C","985.000","hPa","0.861","-0.02056","0.00035","-0.00011","0","14.7","Humid","28.35","0","65.20","250561.38","SABD0002000014","AAV2.0.0.13","4.0.0.2353","PSt7-10","000000-000","8/7/2024 3:37:09 PM","0000-00","0","no battery","V","215852","µV","96196","µV"
"08/11/2024","11:18:18","2","default","203499907","Sensor2","2.475","min","246.308","μmol/L","Humid","22.049","deg","92302","µV","18.730","°C","985.000","hPa","35.0","pmil","0","51.462","deg","22.621","°C","100.000","%a.s.","22.257","deg","22.682","°C","985.000","hPa","0.861","-0.02056","0.00035","-0.00011","0","14.7","Humid","28.35","0","65.20","250554.53","SABD0002000014","AAV2.0.0.13","4.0.0.2353","PSt7-10","000000-000","8/7/2024 3:37:09 PM","0000-00","0","no battery","V","215852","µV","96196","µV"
"08/11/2024","11:18:19","2","default","203499907","Sensor2","2.491","min","246.401","μmol/L","Humid","22.047","deg","92299","µV","18.724","°C","985.000","hPa","35.0","pmil","0","51.462","deg","22.621","°C","100.000","%a.s.","22.257","deg","22.682","°C","985.000","hPa","0.861","-0.02056","0.00035","-0.00011","0","14.7","Humid","28.35","0","65.20","250542.02","SABD0002000014","AAV2.0.0.13","4.0.0.2353","PSt7-10","000000-000","8/7/2024 3:37:09 PM","0000-00","0","no battery","V","215852","µV","96196","µV"
"08/11/2024","11:18:20","2","default","203499907","Sensor2","2.508","min","246.259","μmol/L","Humid","22.049","deg","92296","µV","18.736","°C","985.000","hPa","35.0","pmil","0","51.462","deg","22.621","°C","100.000","%a.s.","22.257","deg","22.682","°C","985.000","hPa","0.861","-0.02056","0.00035","-0.00011","0","14.7","Humid","28.35","0","65.20","250553.03","SABD0002000014","AAV2.0.0.13","4.0.0.2353","PSt7-10","000000-000","8/7/2024 3:37:09 PM","0000-00","0","no battery","V","215852","µV","96196","µV"
"08/11/2024","11:18:21","2","default","203499907","Sensor2","2.525","min","246.442","μmol/L","Humid","22.043","deg","92302","µV","18.730","°C","985.000","hPa","35.0","pmil","0","51.462","deg","22.621","°C","100.000","%a.s.","22.257","deg","22.682","°C","985.000","hPa","0.861","-0.02056","0.00035","-0.00011","0","14.7","Humid","28.35","0","65.20","250539.23","SABD0002000014","AAV2.0.0.13","4.0.0.2353","PSt7-10","000000-000","8/7/2024 3:37:09 PM","0000-00","0","no battery","V","215852","µV","96196","µV"
"08/11/2024","11:18:22","2","default","203499907","Sensor2","2.541","min","246.356","μmol/L","Humid","22.049","deg","92292","µV","18.724","°C","985.000","hPa","35.0","pmil","0","51.462","deg","22.621","°C","100.000","%a.s.","22.257","deg","22.682","°C","985.000","hPa","0.861","-0.02056","0.00035","-0.00011","0","14.7","Humid","28.35","0","65.20","250530.54","SABD0002000014","AAV2.0.0.13","4.0.0.2353","PSt7-10","000000-000","8/7/2024 3:37:09 PM","0000-00","0","no battery","V","215852","µV","96196","µV"
"08/11/2024","11:18:23","2","default","203499907","Sensor2","2.558","min","246.397","μmol/L","Humid","22.045","deg","92297","µV","18.730","°C","985.000","hPa","35.0","pmil","0","51.462","deg","22.621","°C","100.000","%a.s.","22.257","deg","22.682","°C","985.000","hPa","0.861","-0.02056","0.00035","-0.00011","0","14.7","Humid","28.35","0","65.20","250534.21","SABD0002000014","AAV2.0.0.13","4.0.0.2353","PSt7-10","000000-000","8/7/2024 3:37:09 PM","0000-00","0","no battery","V","215852","µV","96196","µV"
"08/11/2024","11:18:24","2","default","203499907","Sensor2","2.575","min","246.375","μmol/L","Humid","22.046","deg","92292","µV","18.730","°C","985.000","hPa","35.0","pmil","0","51.462","deg","22.621","°C","100.000","%a.s.","22.257","deg","22.682","°C","985.000","hPa","0.861","-0.02056","0.00035","-0.00011","0","14.7","Humid","28.35","0","65.20","250548.97","SABD0002000014","AAV2.0.0.13","4.0.0.2353","PSt7-10","000000-000","8/7/2024 3:37:09 PM","0000-00","0","no battery","V","215852","µV","96196","µV"
"08/11/2024","11:18:25","2","default","203499907","Sensor2","2.591","min","246.397","μmol/L","Humid","22.045","deg","92298","µV","18.730","°C","985.000","hPa","35.0","pmil","0","51.462","deg","22.621","°C","100.000","%a.s.","22.257","deg","22.682","°C","985.000","hPa","0.861","-0.02056","0.00035","-0.00011","0","14.7","Humid","28.35","0","65.20","250543.63","SABD0002000014","AAV2.0.0.13","4.0.0.2353","PSt7-10","000000-000","8/7/2024 3:37:09 PM","0000-00","0","no battery","V","215852","µV","96196","µV"
"08/11/2024","11:18:26","2","default","203499907","Sensor2","2.608","min","246.468","μmol/L","Humid","22.044","deg","92298","µV","18.724","°C","985.000","hPa","35.0","pmil","0","51.462","deg","22.621","°C","100.000","%a.s.","22.257","deg","22.682","°C","985.000","hPa","0.861","-0.02056","0.00035","-0.00011","0","14.7","Humid","28.35","0","65.20","250532.08","SABD0002000014","AAV2.0.0.13","4.0.0.2353","PSt7-10","000000-000","8/7/2024 3:37:09 PM","0000-00","0","no battery","V","215852","µV","96196","µV"
"08/11/2024","11:18:27","2","default","203499907","Sensor2","2.625","min","246.304","μmol/L","Humid","22.047","deg","92286","µV","18.736","°C","985.000","hPa","35.0","pmil","0","51.462","deg","22.621","°C","100.000","%a.s.","22.257","deg","22.682","°C","985.000","hPa","0.861","-0.02056","0.00035","-0.00011","0","14.7","Humid","28.35","0","65.20","250531.15","SABD0002000014","AAV2.0.0.13","4.0.0.2353","PSt7-10","000000-000","8/7/2024 3:37:09 PM","0000-00","0","no battery","V","215852","µV","96196","µV"
"08/11/2024","11:18:28","2","default","203499907","Sensor2","2.642","min","246.375","μmol/L","Humid","22.046","deg","92289","µV","18.730","°C","985.000","hPa","35.0","pmil","0","51.462","deg","22.621","°C","100.000","%a.s.","22.257","deg","22.682","°C","985.000","hPa","0.861","-0.02056","0.00035","-0.00011","0","14.7","Humid","28.35","0","65.20","250527.02","SABD0002000014","AAV2.0.0.13","4.0.0.2353","PSt7-10","000000-000","8/7/2024 3:37:09 PM","0000-00","0","no battery","V","215852","µV","96196","µV"
"08/11/2024","11:18:29","2","default","203499907","Sensor2","2.658","min","246.420","μmol/L","Humid","22.044","deg","92286","µV","18.730","°C","985.000","hPa","35.0","pmil","0","51.462","deg","22.621","°C","100.000","%a.s.","22.257","deg","22.682","°C","985.000","hPa","0.861","-0.02056","0.00035","-0.00011","0","14.7","Humid","28.35","0","65.20","250525.72","SABD0002000014","AAV2.0.0.13","4.0.0.2353","PSt7-10","000000-000","8/7/2024 3:37:09 PM","0000-00","0","no battery","V","215852","µV","96196","µV"
"08/11/2024","11:18:30","2","default","203499907","Sensor2","2.675","min","246.446","μmol/L","Humid","22.045","deg","92286","µV","18.724","°C","985.000","hPa","35.0","pmil","0","51.462","deg","22.621","°C","100.000","%a.s.","22.257","deg","22.682","°C","985.000","hPa","0.861","-0.02056","0.00035","-0.00011","0","14.7","Humid","28.35","0","65.20","250530.18","SABD0002000014","AAV2.0.0.13","4.0.0.2353","PSt7-10","000000-000","8/7/2024 3:37:09 PM","0000-00","0","no battery","V","215852","µV","96196","µV"
"08/11/2024","11:18:31","2","default","203499907","Sensor2","2.691","min","246.375","μmol/L","Humid","22.046","deg","92282","µV","18.730","°C","985.000","hPa","35.0","pmil","0","51.462","deg","22.621","°C","100.000","%a.s.","22.257","deg","22.682","°C","985.000","hPa","0.861","-0.02056","0.00035","-0.00011","0","14.7","Humid","28.35","0","65.20","250521.50","SABD0002000014","AAV2.0.0.13","4.0.0.2353","PSt7-10","000000-000","8/7/2024 3:37:09 PM","0000-00","0","no battery","V","215852","µV","96196","µV"
"08/11/2024","11:18:32","2","default","203499907","Sensor2","2.708","min","246.446","μmol/L","Humid","22.045","deg","92278","µV","18.724","°C","985.000","hPa","35.0","pmil","0","51.462","deg","22.621","°C","100.000","%a.s.","22.257","deg","22.682","°C","985.000","hPa","0.861","-0.02056","0.00035","-0.00011","0","14.7","Humid","28.35","0","65.20","250526.89","SABD0002000014","AAV2.0.0.13","4.0.0.2353","PSt7-10","000000-000","8/7/2024 3:37:09 PM","0000-00","0","no battery","V","215852","µV","96196","µV"
"08/11/2024","11:18:33","2","default","203499907","Sensor2","2.724","min","246.308","μmol/L","Humid","22.049","deg","92276","µV","18.730","°C","985.000","hPa","35.0","pmil","0","51.462","deg","22.621","°C","100.000","%a.s.","22.257","deg","22.682","°C","985.000","hPa","0.861","-0.02056","0.00035","-0.00011","0","14.7","Humid","28.35","0","65.20","250514.89","SABD0002000014","AAV2.0.0.13","4.0.0.2353","PSt7-10","000000-000","8/7/2024 3:37:09 PM","0000-00","0","no battery","V","215852","µV","96196","µV"
"08/11/2024","11:18:34","2","default","203499907","Sensor2","2.741","min","246.446","μmol/L","Humid","22.045","deg","92280","µV","18.724","°C","985.000","hPa","35.0","pmil","0","51.462","deg","22.621","°C","100.000","%a.s.","22.257","deg","22.682","°C","985.000","hPa","0.861","-0.02056","0.00035","-0.00011","0","14.7","Humid","28.35","0","65.20","250509.28","SABD0002000014","AAV2.0.0.13","4.0.0.2353","PSt7-10","000000-000","8/7/2024 3:37:09 PM","0000-00","0","no battery","V","215852","µV","96196","µV"
"08/11/2024","11:18:35","2","default","203499907","Sensor2","2.758","min","246.423","μmol/L","Humid","22.046","deg","92276","µV","18.724","°C","985.000","hPa","35.0","pmil","0","51.462","deg","22.621","°C","100.000","%a.s.","22.257","deg","22.682","°C","985.000","hPa","0.861","-0.02056","0.00035","-0.00011","0","14.7","Humid","28.35","0","65.20","250520.57","SABD0002000014","AAV2.0.0.13","4.0.0.2353","PSt7-10","000000-000","8/7/2024 3:37:09 PM","0000-00","0","no battery","V","215852","µV","96196","µV"
"08/11/2024","11:18:36","2","default","203499907","Sensor2","2.775","min","246.446","μmol/L","Humid","22.045","deg","92280","µV","18.724","°C","985.000","hPa","35.0","pmil","0","51.462","deg","22.621","°C","100.000","%a.s.","22.257","deg","22.682","°C","985.000","hPa","0.861","-0.02056","0.00035","-0.00011","0","14.7","Humid","28.35","0","65.20","250504.64","SABD0002000014","AAV2.0.0.13","4.0.0.2353","PSt7-10","000000-000","8/7/2024 3:37:09 PM","0000-00","0","no battery","V","215852","µV","96196","µV"
"08/11/2024","11:18:37","2","default","203499907","Sensor2","2.791","min","246.375","μmol/L","Humid","22.046","deg","92270","µV","18.730","°C","985.000","hPa","35.0","pmil","0","51.462","deg","22.621","°C","100.000","%a.s.","22.257","deg","22.682","°C","985.000","hPa","0.861","-0.02056","0.00035","-0.00011","0","14.7","Humid","28.35","0","65.20","250505.42","SABD0002000014","AAV2.0.0.13","4.0.0.2353","PSt7-10","000000-000","8/7/2024 3:37:09 PM","0000-00","0","no battery","V","215852","µV","96196","µV"
"08/11/2024","11:18:38","2","default","203499907","Sensor2","2.808","min","246.468","μmol/L","Humid","22.044","deg","92283","µV","18.724","°C","985.000","hPa","35.0","pmil","0","51.462","deg","22.621","°C","100.000","%a.s.","22.257","deg","22.682","°C","985.000","hPa","0.861","-0.02056","0.00035","-0.00011","0","14.7","Humid","28.35","0","65.20","250510.87","SABD0002000014","AAV2.0.0.13","4.0.0.2353","PSt7-10","000000-000","8/7/2024 3:37:09 PM","0000-00","0","no battery","V","215852","µV","96196","µV"
"08/11/2024","11:18:39","2","default","203499907","Sensor2","2.825","min","246.352","μmol/L","Humid","22.047","deg","92273","µV","18.730","°C","985.000","hPa","35.0","pmil","0","51.462","deg","22.621","°C","100.000","%a.s.","22.257","deg","22.682","°C","985.000","hPa","0.861","-0.02056","0.00035","-0.00011","0","14.7","Humid","28.35","0","65.20","250498.32","SABD0002000014","AAV2.0.0.13","4.0.0.2353","PSt7-10","000000-000","8/7/2024 3:37:09 PM","0000-00","0","no battery","V","215852","µV","96196","µV"
"08/11/2024","11:18:40","2","default","203499907","Sensor2","2.842","min","246.446","μmol/L","Humid","22.045","deg","92269","µV","18.724","°C","985.000","hPa","35.0","pmil","0","51.462","deg","22.621","°C","100.000","%a.s.","22.257","deg","22.682","°C","985.000","hPa","0.861","-0.02056","0.00035","-0.00011","0","14.7","Humid","28.35","0","65.20","250507.45","SABD0002000014","AAV2.0.0.13","4.0.0.2353","PSt7-10","000000-000","8/7/2024 3:37:09 PM","0000-00","0","no battery","V","215852","µV","96196","µV"
"08/11/2024","11:18:41","2","default","203499907","Sensor2","2.858","min","246.330","μmol/L","Humid","22.048","deg","92272","µV","18.730","°C","985.000","hPa","35.0","pmil","0","51.462","deg","22.621","°C","100.000","%a.s.","22.257","deg","22.682","°C","985.000","hPa","0.861","-0.02056","0.00035","-0.00011","0","14.7","Humid","28.35","0","65.20","250506.39","SABD0002000014","AAV2.0.0.13","4.0.0.2353","PSt7-10","000000-000","8/7/2024 3:37:09 PM","0000-00","0","no battery","V","215852","µV","96196","µV"
"08/11/2024","11:18:42","2","default","203499907","Sensor2","2.874","min","246.349","μmol/L","Humid","22.045","deg","92296","µV","18.736","°C","985.000","hPa","35.0","pmil","0","51.462","deg","22.621","°C","100.000","%a.s.","22.257","deg","22.682","°C","985.000","hPa","0.861","-0.02056","0.00035","-0.00011","0","14.7","Humid","28.35","0","65.20","250501.40","SABD0002000014","AAV2.0.0.13","4.0.0.2353","PSt7-10","000000-000","8/7/2024 3:37:09 PM","0000-00","0","no battery","V","215852","µV","96196","µV"
"08/11/2024","11:18:43","2","default","203499907","Sensor2","2.891","min","246.423","μmol/L","Humid","22.046","deg","92282","µV","18.724","°C","985.000","hPa","35.0","pmil","0","51.462","deg","22.621","°C","100.000","%a.s.","22.257","deg","22.682","°C","985.000","hPa","0.861","-0.02056","0.00035","-0.00011","0","14.7","Humid","28.35","0","65.20","250504.21","SABD0002000014","AAV2.0.0.13","4.0.0.2353","PSt7-10","000000-000","8/7/2024 3:37:09 PM","0000-00","0","no battery","V","215852","µV","96196","µV"
"08/11/2024","11:18:44","2","default","203499907","Sensor2","2.908","min","246.490","μmol/L","Humid","22.043","deg","92293","µV","18.724","°C","985.000","hPa","35.0","pmil","0","51.462","deg","22.621","°C","100.000","%a.s.","22.257","deg","22.682","°C","985.000","hPa","0.861","-0.02056","0.00035","-0.00011","0","14.7","Humid","28.35","0","65.20","250500.44","SABD0002000014","AAV2.0.0.13","4.0.0.2353","PSt7-10","000000-000","8/7/2024 3:37:09 PM","0000-00","0","no battery","V","215852","µV","96196","µV"
"08/11/2024","11:18:45","2","default","203499907","Sensor2","2.925","min","246.446","μmol/L","Humid","22.045","deg","92306","µV","18.724","°C","985.000","hPa","35.0","pmil","0","51.462","deg","22.621","°C","100.000","%a.s.","22.257","deg","22.682","°C","985.000","hPa","0.861","-0.02056","0.00035","-0.00011","0","14.7","Humid","28.35","0","65.20","250492.36","SABD0002000014","AAV2.0.0.13","4.0.0.2353","PSt7-10","000000-000","8/7/2024 3:37:09 PM","0000-00","0","no battery","V","215852","µV","96196","µV"
"08/11/2024","11:18:46","2","default","203499907","Sensor2","2.941","min","246.446","μmol/L","Humid","22.045","deg","92303","µV","18.724","°C","985.000","hPa","35.0","pmil","0","51.462","deg","22.621","°C","100.000","%a.s.","22.257","deg","22.682","°C","985.000","hPa","0.861","-0.02056","0.00035","-0.00011","0","14.7","Humid","28.35","0","65.20","250497.64","SABD0002000014","AAV2.0.0.13","4.0.0.2353","PSt7-10","000000-000","8/7/2024 3:37:09 PM","0000-00","0","no battery","V","215852","µV","96196","µV"
"08/11/2024","11:18:47","2","default","203499907","Sensor2","2.958","min","246.330","μmol/L","Humid","22.048","deg","92304","µV","18.730","°C","985.000","hPa","35.0","pmil","0","51.462","deg","22.621","°C","100.000","%a.s.","22.257","deg","22.682","°C","985.000","hPa","0.861","-0.02056","0.00035","-0.00011","0","14.7","Humid","28.35","0","65.20","250499.70","SABD0002000014","AAV2.0.0.13","4.0.0.2353","PSt7-10","000000-000","8/7/2024 3:37:09 PM","0000-00","0","no battery","V","215852","µV","96196","µV"
"08/11/2024","11:18:48","2","default","203499907","Sensor2","2.975","min","246.423","μmol/L","Humid","22.046","deg","92298","µV","18.724","°C","985.000","hPa","35.0","pmil","0","51.462","deg","22.621","°C","100.000","%a.s.","22.257","deg","22.682","°C","985.000","hPa","0.861","-0.02056","0.00035","-0.00011","0","14.7","Humid","28.35","0","65.20","250506.50","SABD0002000014","AAV2.0.0.13","4.0.0.2353","PSt7-10","000000-000","8/7/2024 3:37:09 PM","0000-00","0","no battery","V","215852","µV","96196","µV"
"08/11/2024","11:18:49","2","default","203499907","Sensor2","2.992","min","246.490","μmol/L","Humid","22.043","deg","92297","µV","18.724","°C","985.000","hPa","35.0","pmil","0","51.462","deg","22.621","°C","100.000","%a.s.","22.257","deg","22.682","°C","985.000","hPa","0.861","-0.02056","0.00035","-0.00011","0","14.7","Humid","28.35","0","65.20","250493.62","SABD0002000014","AAV2.0.0.13","4.0.0.2353","PSt7-10","000000-000","8/7/2024 3:37:09 PM","0000-00","0","no battery","V","215852","µV","96196","µV"
"08/11/2024","11:18:50","2","default","203499907","Sensor2","3.008","min","246.352","μmol/L","Humid","22.047","deg","92289","µV","18.730","°C","985.000","hPa","35.0","pmil","0","51.462","deg","22.621","°C","100.000","%a.s.","22.257","deg","22.682","°C","985.000","hPa","0.861","-0.02056","0.00035","-0.00011","0","14.7","Humid","28.35","0","65.20","250483.50","SABD0002000014","AAV2.0.0.13","4.0.0.2353","PSt7-10","000000-000","8/7/2024 3:37:09 PM","0000-00","0","no battery","V","215852","µV","96196","µV"
"08/11/2024","11:18:51","2","default","203499907","Sensor2","3.025","min","246.285","μmol/L","Humid","22.050","deg","92294","µV","18.730","°C","985.000","hPa","35.0","pmil","0","51.462","deg","22.621","°C","100.000","%a.s.","22.257","deg","22.682","°C","985.000","hPa","0.861","-0.02056","0.00035","-0.00011","0","14.7","Humid","28.35","0","65.20","250493.64","SABD0002000014","AAV2.0.0.13","4.0.0.2353","PSt7-10","000000-000","8/7/2024 3:37:09 PM","0000-00","0","no battery","V","215852","µV","96196","µV"
"08/11/2024","11:18:52","2","default","203499907","Sensor2","3.041","min","246.423","μmol/L","Humid","22.046","deg","92295","µV","18.724","°C","985.000","hPa","35.0","pmil","0","51.462","deg","22.621","°C","100.000","%a.s.","22.257","deg","22.682","°C","985.000","hPa","0.861","-0.02056","0.00035","-0.00011","0","14.7","Humid","28.35","0","65.20","250492.18","SABD0002000014","AAV2.0.0.13","4.0.0.2353","PSt7-10","000000-000","8/7/2024 3:37:09 PM","0000-00","0","no battery","V","215852","µV","96196","µV"
"08/11/2024","11:18:53","2","default","203499907","Sensor2","3.058","min","246.580","μmol/L","Humid","22.039","deg","92294","µV","18.724","°C","985.000","hPa","35.0","pmil","0","51.462","deg","22.621","°C","100.000","%a.s.","22.257","deg","22.682","°C","985.000","hPa","0.861","-0.02056","0.00035","-0.00011","0","14.7","Humid","28.35","0","65.20","250482.79","SABD0002000014","AAV2.0.0.13","4.0.0.2353","PSt7-10","000000-000","8/7/2024 3:37:09 PM","0000-00","0","no battery","V","215852","µV","96196","µV"
"08/11/2024","11:18:54","2","default","203499907","Sensor2","3.074","min","246.401","μmol/L","Humid","22.047","deg","92291","µV","18.724","°C","985.000","hPa","35.0","pmil","0","51.462","deg","22.621","°C","100.000","%a.s.","22.257","deg","22.682","°C","985.000","hPa","0.861","-0.02056","0.00035","-0.00011","0","14.7","Humid","28.35","0","65.20","250482.53","SABD0002000014","AAV2.0.0.13","4.0.0.2353","PSt7-10","000000-000","8/7/2024 3:37:09 PM","0000-00","0","no battery","V","215852","µV","96196","µV"
"08/11/2024","11:18:55","2","default","203499907","Sensor2","3.091","min","246.352","μmol/L","Humid","22.047","deg","92293","µV","18.730","°C","985.000","hPa","35.0","pmil","0","51.462","deg","22.621","°C","100.000","%a.s.","22.257","deg","22.682","°C","985.000","hPa","0.861","-0.02056","0.00035","-0.00011","0","14.7","Humid","28.35","0","65.20","250483.43","SABD0002000014","AAV2.0.0.13","4.0.0.2353","PSt7-10","000000-000","8/7/2024 3:37:09 PM","0000-00","0","no battery","V","215852","µV","96196","µV"
"08/11/2024","11:18:56","2","default","203499907","Sensor2","3.108","min","246.490","μmol/L","Humid","22.043","deg","92290","µV","18.724","°C","985.000","hPa","35.0","pmil","0","51.462","deg","22.621","°C","100.000","%a.s.","22.257","deg","22.682","°C","985.000","hPa","0.861","-0.02056","0.00035","-0.00011","0","14.7","Humid","28.35","0","65.20","250479.70","SABD0002000014","AAV2.0.0.13","4.0.0.2353","PSt7-10","000000-000","8/7/2024 3:37:09 PM","0000-00","0","no battery","V","215852","µV","96196","µV"
"08/11/2024","11:18:57","2","default","203499907","Sensor2","3.125","min","246.446","μmol/L","Humid","22.045","deg","92291","µV","18.724","°C","985.000","hPa","35.0","pmil","0","51.462","deg","22.621","°C","100.000","%a.s.","22.257","deg","22.682","°C","985.000","hPa","0.861","-0.02056","0.00035","-0.00011","0","14.7","Humid","28.35","0","65.20","250494.61","SABD0002000014","AAV2.0.0.13","4.0.0.2353","PSt7-10","000000-000","8/7/2024 3:37:09 PM","0000-00","0","no battery","V","215852","µV","96196","µV"
"08/11/2024","11:18:58","2","default","203499907","Sensor2","3.142","min","246.397","μmol/L","Humid","22.045","deg","92286","µV","18.730","°C","985.000","hPa","35.0","pmil","0","51.462","deg","22.621","°C","100.000","%a.s.","22.257","deg","22.682","°C","985.000","hPa","0.861","-0.02056","0.00035","-0.00011","0","14.7","Humid","28.35","0","65.20","250484.52","SABD0002000014","AAV2.0.0.13","4.0.0.2353","PSt7-10","000000-000","8/7/2024 3:37:09 PM","0000-00","0","no battery","V","215852","µV","96196","µV"
"08/11/2024","11:18:59","2","default","203499907","Sensor2","3.158","min","246.427","μmol/L","Humid","22.048","deg","92289","µV","18.718","°C","985.000","hPa","35.0","pmil","0","51.462","deg","22.621","°C","100.000","%a.s.","22.257","deg","22.682","°C","985.000","hPa","0.861","-0.02056","0.00035","-0.00011","0","14.7","Humid","28.35","0","65.20","250475.44","SABD0002000014","AAV2.0.0.13","4.0.0.2353","PSt7-10","000000-000","8/7/2024 3:37:09 PM","0000-00","0","no battery","V","215852","µV","96196","µV"
"08/11/2024","11:19:00","2","default","203499907","Sensor2","3.175","min","246.378","μmol/L","Humid","22.048","deg","92284","µV","18.724","°C","985.000","hPa","35.0","pmil","0","51.462","deg","22.621","°C","100.000","%a.s.","22.257","deg","22.682","°C","985.000","hPa","0.861","-0.02056","0.00035","-0.00011","0","14.7","Humid","28.35","0","65.20","250490.43","SABD0002000014","AAV2.0.0.13","4.0.0.2353","PSt7-10","000000-000","8/7/2024 3:37:09 PM","0000-00","0","no battery","V","215852","µV","96196","µV"
"08/11/2024","11:19:01","2","default","203499907","Sensor2","3.192","min","246.356","μmol/L","Humid","22.049","deg","92282","µV","18.724","°C","985.000","hPa","35.0","pmil","0","51.462","deg","22.621","°C","100.000","%a.s.","22.257","deg","22.682","°C","985.000","hPa","0.861","-0.02056","0.00035","-0.00011","0","14.7","Humid","28.35","0","65.20","250481.79","SABD0002000014","AAV2.0.0.13","4.0.0.2353","PSt7-10","000000-000","8/7/2024 3:37:09 PM","0000-00","0","no battery","V","215852","µV","96196","µV"
"08/11/2024","11:19:02","2","default","203499907","Sensor2","3.208","min","246.423","μmol/L","Humid","22.046","deg","92284","µV","18.724","°C","985.000","hPa","35.0","pmil","0","51.462","deg","22.621","°C","100.000","%a.s.","22.257","deg","22.682","°C","985.000","hPa","0.861","-0.02056","0.00035","-0.00011","0","14.7","Humid","28.35","0","65.20","250484.00","SABD0002000014","AAV2.0.0.13","4.0.0.2353","PSt7-10","000000-000","8/7/2024 3:37:09 PM","0000-00","0","no battery","V","215852","µV","96196","µV"
"08/11/2024","11:19:03","2","default","203499907","Sensor2","3.225","min","246.449","μmol/L","Humid","22.047","deg","92272","µV","18.718","°C","985.000","hPa","35.0","pmil","0","51.462","deg","22.621","°C","100.000","%a.s.","22.257","deg","22.682","°C","985.000","hPa","0.861","-0.02056","0.00035","-0.00011","0","14.7","Humid","28.35","0","65.20","250466.21","SABD0002000014","AAV2.0.0.13","4.0.0.2353","PSt7-10","000000-000","8/7/2024 3:37:09 PM","0000-00","0","no battery","V","215852","µV","96196","µV"
"08/11/2024","11:19:04","2","default","203499907","Sensor2","3.242","min","246.401","μmol/L","Humid","22.047","deg","92281","µV","18.724","°C","985.000","hPa","35.0","pmil","0","51.462","deg","22.621","°C","100.000","%a.s.","22.257","deg","22.682","°C","985.000","hPa","0.861","-0.02056","0.00035","-0.00011","0","14.7","Humid","28.35","0","65.20","250466.20","SABD0002000014","AAV2.0.0.13","4.0.0.2353","PSt7-10","000000-000","8/7/2024 3:37:09 PM","0000-00","0","no battery","V","215852","µV","96196","µV"
"08/11/2024","11:19:05","2","default","203499907","Sensor2","3.258","min","246.494","μmol/L","Humid","22.045","deg","92280","µV","18.718","°C","985.000","hPa","35.0","pmil","0","51.462","deg","22.621","°C","100.000","%a.s.","22.257","deg","22.682","°C","985.000","hPa","0.861","-0.02056","0.00035","-0.00011","0","14.7","Humid","28.35","0","65.20","250466.96","SABD0002000014","AAV2.0.0.13","4.0.0.2353","PSt7-10","000000-000","8/7/2024 3:37:09 PM","0000-00","0","no battery","V","215852","µV","96196","µV"
"08/11/2024","11:19:06","2","default","203499907","Sensor2","3.274","min","246.401","μmol/L","Humid","22.047","deg","92276","µV","18.724","°C","985.000","hPa","35.0","pmil","0","51.462","deg","22.621","°C","100.000","%a.s.","22.257","deg","22.682","°C","985.000","hPa","0.861","-0.02056","0.00035","-0.00011","0","14.7","Humid","28.35","0","65.20","250472.67","SABD0002000014","AAV2.0.0.13","4.0.0.2353","PSt7-10","000000-000","8/7/2024 3:37:09 PM","0000-00","0","no battery","V","215852","µV","96196","µV"
"08/11/2024","11:19:07","2","default","203499907","Sensor2","3.291","min","246.423","μmol/L","Humid","22.046","deg","92277","µV","18.724","°C","985.000","hPa","35.0","pmil","0","51.462","deg","22.621","°C","100.000","%a.s.","22.257","deg","22.682","°C","985.000","hPa","0.861","-0.02056","0.00035","-0.00011","0","14.7","Humid","28.35","0","65.20","250473.48","SABD0002000014","AAV2.0.0.13","4.0.0.2353","PSt7-10","000000-000","8/7/2024 3:37:09 PM","0000-00","0","no battery","V","215852","µV","96196","µV"
"08/11/2024","11:19:08","2","default","203499907","Sensor2","3.308","min","246.378","μmol/L","Humid","22.048","deg","92273","µV","18.724","°C","985.000","hPa","35.0","pmil","0","51.462","deg","22.621","°C","100.000","%a.s.","22.257","deg","22.682","°C","985.000","hPa","0.861","-0.02056","0.00035","-0.00011","0","14.7","Humid","28.35","0","65.20","250467.03","SABD0002000014","AAV2.0.0.13","4.0.0.2353","PSt7-10","000000-000","8/7/2024 3:37:09 PM","0000-00","0","no battery","V","215852","µV","96196","µV"
"08/11/2024","11:19:09","2","default","203499907","Sensor2","3.325","min","246.423","μmol/L","Humid","22.046","deg","92273","µV","18.724","°C","985.000","hPa","35.0","pmil","0","51.462","deg","22.621","°C","100.000","%a.s.","22.257","deg","22.682","°C","985.000","hPa","0.861","-0.02056","0.00035","-0.00011","0","14.7","Humid","28.35","0","65.20","250474.89","SABD0002000014","AAV2.0.0.13","4.0.0.2353","PSt7-10","000000-000","8/7/2024 3:37:09 PM","0000-00","0","no battery","V","215852","µV","96196","µV"
"08/11/2024","11:19:10","2","default","203499907","Sensor2","3.341","min","246.378","μmol/L","Humid","22.048","deg","92267","µV","18.724","°C","985.000","hPa","35.0","pmil","0","51.462","deg","22.621","°C","100.000","%a.s.","22.257","deg","22.682","°C","985.000","hPa","0.861","-0.02056","0.00035","-0.00011","0","14.7","Humid","28.35","0","65.20","250460.98","SABD0002000014","AAV2.0.0.13","4.0.0.2353","PSt7-10","000000-000","8/7/2024 3:37:09 PM","0000-00","0","no battery","V","215852","µV","96196","µV"
"08/11/2024","11:19:11","2","default","203499907","Sensor2","3.358","min","246.405","μmol/L","Humid","22.049","deg","92298","µV","18.718","°C","985.000","hPa","35.0","pmil","0","51.462","deg","22.621","°C","100.000","%a.s.","22.257","deg","22.682","°C","985.000","hPa","0.861","-0.02056","0.00035","-0.00011","0","14.7","Humid","28.35","0","65.20","250457.61","SABD0002000014","AAV2.0.0.13","4.0.0.2353","PSt7-10","000000-000","8/7/2024 3:37:09 PM","0000-00","0","no battery","V","215852","µV","96196","µV"
"08/11/2024","11:19:12","2","default","203499907","Sensor2","3.375","min","246.330","μmol/L","Humid","22.048","deg","92285","µV","18.730","°C","985.000","hPa","35.0","pmil","0","51.462","deg","22.621","°C","100.000","%a.s.","22.257","deg","22.682","°C","985.000","hPa","0.861","-0.02056","0.00035","-0.00011","0","14.7","Humid","28.35","0","65.20","250464.01","SABD0002000014","AAV2.0.0.13","4.0.0.2353","PSt7-10","000000-000","8/7/2024 3:37:09 PM","0000-00","0","no battery","V","215852","µV","96196","µV"
"08/11/2024","11:19:13","2","default","203499907","Sensor2","3.392","min","246.378","μmol/L","Humid","22.048","deg","92284","µV","18.724","°C","985.000","hPa","35.0","pmil","0","51.462","deg","22.621","°C","100.000","%a.s.","22.257","deg","22.682","°C","985.000","hPa","0.861","-0.02056","0.00035","-0.00011","0","14.7","Humid","28.35","0","65.20","250461.56","SABD0002000014","AAV2.0.0.13","4.0.0.2353","PSt7-10","000000-000","8/7/2024 3:37:09 PM","0000-00","0","no battery","V","215852","µV","96196","µV"
"08/11/2024","11:19:14","2","default","203499907","Sensor2","3.408","min","246.401","μmol/L","Humid","22.047","deg","92278","µV","18.724","°C","985.000","hPa","35.0","pmil","0","51.462","deg","22.621","°C","100.000","%a.s.","22.257","deg","22.682","°C","985.000","hPa","0.861","-0.02056","0.00035","-0.00011","0","14.7","Humid","28.35","0","65.20","250455.74","SABD0002000014","AAV2.0.0.13","4.0.0.2353","PSt7-10","000000-000","8/7/2024 3:37:09 PM","0000-00","0","no battery","V","215852","µV","96196","µV"
"08/11/2024","11:19:15","2","default","203499907","Sensor2","3.425","min","246.330","μmol/L","Humid","22.048","deg","92275","µV","18.730","°C","985.000","hPa","35.0","pmil","0","51.462","deg","22.621","°C","100.000","%a.s.","22.257","deg","22.682","°C","985.000","hPa","0.861","-0.02056","0.00035","-0.00011","0","14.7","Humid","28.35","0","65.20","250450.93","SABD0002000014","AAV2.0.0.13","4.0.0.2353","PSt7-10","000000-000","8/7/2024 3:37:09 PM","0000-00","0","no battery","V","215852","µV","96196","µV"
"08/11/2024","11:19:16","2","default","203499907","Sensor2","3.441","min","246.401","μmol/L","Humid","22.047","deg","92277","µV","18.724","°C","985.000","hPa","35.0","pmil","0","51.462","deg","22.621","°C","100.000","%a.s.","22.257","deg","22.682","°C","985.000","hPa","0.861","-0.02056","0.00035","-0.00011","0","14.7","Humid","28.35","0","65.20","250458.93","SABD0002000014","AAV2.0.0.13","4.0.0.2353","PSt7-10","000000-000","8/7/2024 3:37:09 PM","0000-00","0","no battery","V","215852","µV","96196","µV"
"08/11/2024","11:19:17","2","default","203499907","Sensor2","3.458","min","246.378","μmol/L","Humid","22.048","deg","92275","µV","18.724","°C","985.000","hPa","35.0","pmil","0","51.462","deg","22.621","°C","100.000","%a.s.","22.257","deg","22.682","°C","985.000","hPa","0.861","-0.02056","0.00035","-0.00011","0","14.7","Humid","28.35","0","65.20","250464.05","SABD0002000014","AAV2.0.0.13","4.0.0.2353","PSt7-10","000000-000","8/7/2024 3:37:09 PM","0000-00","0","no battery","V","215852","µV","96196","µV"
"08/11/2024","11:19:18","2","default","203499907","Sensor2","3.474","min","246.285","μmol/L","Humid","22.050","deg","92272","µV","18.730","°C","985.000","hPa","35.0","pmil","0","51.462","deg","22.621","°C","100.000","%a.s.","22.257","deg","22.682","°C","985.000","hPa","0.861","-0.02056","0.00035","-0.00011","0","14.7","Humid","28.35","0","65.20","250458.48","SABD0002000014","AAV2.0.0.13","4.0.0.2353","PSt7-10","000000-000","8/7/2024 3:37:09 PM","0000-00","0","no battery","V","215852","µV","96196","µV"
"08/11/2024","11:19:19","2","default","203499907","Sensor2","3.491","min","246.423","μmol/L","Humid","22.046","deg","92269","µV","18.724","°C","985.000","hPa","35.0","pmil","0","51.462","deg","22.621","°C","100.000","%a.s.","22.257","deg","22.682","°C","985.000","hPa","0.861","-0.02056","0.00035","-0.00011","0","14.7","Humid","28.35","0","65.20","250452.84","SABD0002000014","AAV2.0.0.13","4.0.0.2353","PSt7-10","000000-000","8/7/2024 3:37:09 PM","0000-00","0","no battery","V","215852","µV","96196","µV"
"08/11/2024","11:19:20","2","default","203499907","Sensor2","3.508","min","246.472","μmol/L","Humid","22.046","deg","92269","µV","18.718","°C","985.000","hPa","35.0","pmil","0","51.462","deg","22.621","°C","100.000","%a.s.","22.257","deg","22.682","°C","985.000","hPa","0.861","-0.02056","0.00035","-0.00011","0","14.7","Humid","28.35","0","65.20","250460.77","SABD0002000014","AAV2.0.0.13","4.0.0.2353","PSt7-10","000000-000","8/7/2024 3:37:09 PM","0000-00","0","no battery","V","215852","µV","96196","µV"
"08/11/2024","11:19:21","2","default","203499907","Sensor2","3.525","min","246.311","μmol/L","Humid","22.051","deg","92266","µV","18.724","°C","985.000","hPa","35.0","pmil","0","51.462","deg","22.621","°C","100.000","%a.s.","22.257","deg","22.682","°C","985.000","hPa","0.861","-0.02056","0.00035","-0.00011","0","14.7","Humid","28.35","0","65.20","250457.47","SABD0002000014","AAV2.0.0.13","4.0.0.2353","PSt7-10","000000-000","8/7/2024 3:37:09 PM","0000-00","0","no battery","V","215852","µV","96196","µV"
"08/11/2024","11:19:22","2","default","203499907","Sensor2","3.542","min","246.378","μmol/L","Humid","22.048","deg","92265","µV","18.724","°C","985.000","hPa","35.0","pmil","0","51.462","deg","22.621","°C","100.000","%a.s.","22.257","deg","22.682","°C","985.000","hPa","0.861","-0.02056","0.00035","-0.00011","0","14.7","Humid","28.35","0","65.20","250450.62","SABD0002000014","AAV2.0.0.13","4.0.0.2353","PSt7-10","000000-000","8/7/2024 3:37:09 PM","0000-00","0","no battery","V","215852","µV","96196","µV"
"08/11/2024","11:19:23","2","default","203499907","Sensor2","3.558","min","246.401","μmol/L","Humid","22.047","deg","92262","µV","18.724","°C","985.000","hPa","35.0","pmil","0","51.462","deg","22.621","°C","100.000","%a.s.","22.257","deg","22.682","°C","985.000","hPa","0.861","-0.02056","0.00035","-0.00011","0","14.7","Humid","28.35","0","65.20","250452.77","SABD0002000014","AAV2.0.0.13","4.0.0.2353","PSt7-10","000000-000","8/7/2024 3:37:09 PM","0000-00","0","no battery","V","215852","µV","96196","µV"
"08/11/2024","11:19:24","2","default","203499907","Sensor2","3.575","min","246.468","μmol/L","Humid","22.044","deg","92262","µV","18.724","°C","985.000","hPa","35.0","pmil","0","51.462","deg","22.621","°C","100.000","%a.s.","22.257","deg","22.682","°C","985.000","hPa","0.861","-0.02056","0.00035","-0.00011","0","14.7","Humid","28.35","0","65.20","250445.32","SABD0002000014","AAV2.0.0.13","4.0.0.2353","PSt7-10","000000-000","8/7/2024 3:37:09 PM","0000-00","0","no battery","V","215852","µV","96196","µV"
"08/11/2024","11:19:25","2","default","203499907","Sensor2","3.592","min","246.315","μmol/L","Humid","22.053","deg","92285","µV","18.718","°C","985.000","hPa","35.0","pmil","0","51.462","deg","22.621","°C","100.000","%a.s.","22.257","deg","22.682","°C","985.000","hPa","0.861","-0.02056","0.00035","-0.00011","0","14.7","Humid","28.35","0","65.20","250447.55","SABD0002000014","AAV2.0.0.13","4.0.0.2353","PSt7-10","000000-000","8/7/2024 3:37:09 PM","0000-00","0","no battery","V","215852","µV","96196","µV"
"08/11/2024","11:19:26","2","default","203499907","Sensor2","3.608","min","246.356","μmol/L","Humid","22.049","deg","92285","µV","18.724","°C","985.000","hPa","35.0","pmil","0","51.462","deg","22.621","°C","100.000","%a.s.","22.257","deg","22.682","°C","985.000","hPa","0.861","-0.02056","0.00035","-0.00011","0","14.7","Humid","28.35","0","65.20","250447.27","SABD0002000014","AAV2.0.0.13","4.0.0.2353","PSt7-10","000000-000","8/7/2024 3:37:09 PM","0000-00","0","no battery","V","215852","µV","96196","µV"
"08/11/2024","11:19:27","2","default","203499907","Sensor2","3.625","min","246.334","μmol/L","Humid","22.050","deg","92288","µV","18.724","°C","985.000","hPa","35.0","pmil","0","51.462","deg","22.621","°C","100.000","%a.s.","22.257","deg","22.682","°C","985.000","hPa","0.861","-0.02056","0.00035","-0.00011","0","14.7","Humid","28.35","0","65.20","250442.84","SABD0002000014","AAV2.0.0.13","4.0.0.2353","PSt7-10","000000-000","8/7/2024 3:37:09 PM","0000-00","0","no battery","V","215852","µV","96196","µV"
"08/11/2024","11:19:28","2","default","203499907","Sensor2","3.641","min","246.405","μmol/L","Humid","22.049","deg","92279","µV","18.718","°C","985.000","hPa","35.0","pmil","0","51.462","deg","22.621","°C","100.000","%a.s.","22.257","deg","22.682","°C","985.000","hPa","0.861","-0.02056","0.00035","-0.00011","0","14.7","Humid","28.35","0","65.20","250451.46","SABD0002000014","AAV2.0.0.13","4.0.0.2353","PSt7-10","000000-000","8/7/2024 3:37:09 PM","0000-00","0","no battery","V","215852","µV","96196","µV"
"08/11/2024","11:19:29","2","default","203499907","Sensor2","3.658","min","246.311","μmol/L","Humid","22.051","deg","92277","µV","18.724","°C","985.000","hPa","35.0","pmil","0","51.462","deg","22.621","°C","100.000","%a.s.","22.257","deg","22.682","°C","985.000","hPa","0.861","-0.02056","0.00035","-0.00011","0","14.7","Humid","28.35","0","65.20","250429.53","SABD0002000014","AAV2.0.0.13","4.0.0.2353","PSt7-10","000000-000","8/7/2024 3:37:09 PM","0000-00","0","no battery","V","215852","µV","96196","µV"
"08/11/2024","11:19:30","2","default","203499907","Sensor2","3.674","min","246.423","μmol/L","Humid","22.046","deg","92273","µV","18.724","°C","985.000","hPa","35.0","pmil","0","51.462","deg","22.621","°C","100.000","%a.s.","22.257","deg","22.682","°C","985.000","hPa","0.861","-0.02056","0.00035","-0.00011","0","14.7","Humid","28.35","0","65.20","250438.38","SABD0002000014","AAV2.0.0.13","4.0.0.2353","PSt7-10","000000-000","8/7/2024 3:37:09 PM","0000-00","0","no battery","V","215852","µV","96196","µV"
"08/11/2024","11:19:31","2","default","203499907","Sensor2","3.691","min","246.356","μmol/L","Humid","22.049","deg","92274","µV","18.724","°C","985.000","hPa","35.0","pmil","0","51.462","deg","22.621","°C","100.000","%a.s.","22.257","deg","22.682","°C","985.000","hPa","0.861","-0.02056","0.00035","-0.00011","0","14.7","Humid","28.35","0","65.20","250412.61","SABD0002000014","AAV2.0.0.13","4.0.0.2353","PSt7-10","000000-000","8/7/2024 3:37:09 PM","0000-00","0","no battery","V","215852","µV","96196","µV"
"08/11/2024","11:19:32","2","default","203499907","Sensor2","3.708","min","246.423","μmol/L","Humid","22.046","deg","92267","µV","18.724","°C","985.000","hPa","35.0","pmil","0","51.462","deg","22.621","°C","100.000","%a.s.","22.257","deg","22.682","°C","985.000","hPa","0.861","-0.02056","0.00035","-0.00011","0","14.7","Humid","28.35","0","65.20","250434.92","SABD0002000014","AAV2.0.0.13","4.0.0.2353","PSt7-10","000000-000","8/7/2024 3:37:09 PM","0000-00","0","no battery","V","215852","µV","96196","µV"
"08/11/2024","11:19:33","2","default","203499907","Sensor2","3.725","min","246.311","μmol/L","Humid","22.051","deg","92269","µV","18.724","°C","985.000","hPa","35.0","pmil","0","51.462","deg","22.621","°C","100.000","%a.s.","22.257","deg","22.682","°C","985.000","hPa","0.861","-0.02056","0.00035","-0.00011","0","14.7","Humid","28.35","0","65.20","250420.91","SABD0002000014","AAV2.0.0.13","4.0.0.2353","PSt7-10","000000-000","8/7/2024 3:37:09 PM","0000-00","0","no battery","V","215852","µV","96196","µV"
"08/11/2024","11:19:34","2","default","203499907","Sensor2","3.741","min","246.356","μmol/L","Humid","22.049","deg","92272","µV","18.724","°C","985.000","hPa","35.0","pmil","0","51.462","deg","22.621","°C","100.000","%a.s.","22.257","deg","22.682","°C","985.000","hPa","0.861","-0.02056","0.00035","-0.00011","0","14.7","Humid","28.35","0","65.20","250416.08","SABD0002000014","AAV2.0.0.13","4.0.0.2353","PSt7-10","000000-000","8/7/2024 3:37:09 PM","0000-00","0","no battery","V","215852","µV","96196","µV"
"08/11/2024","11:19:35","2","default","203499907","Sensor2","3.758","min","246.218","μmol/L","Humid","22.053","deg","92271","µV","18.730","°C","985.000","hPa","35.0","pmil","0","51.462","deg","22.621","°C","100.000","%a.s.","22.257","deg","22.682","°C","985.000","hPa","0.861","-0.02056","0.00035","-0.00011","0","14.7","Humid","28.35","0","65.20","250420.13","SABD0002000014","AAV2.0.0.13","4.0.0.2353","PSt7-10","000000-000","8/7/2024 3:37:09 PM","0000-00","0","no battery","V","215852","µV","96196","µV"
"08/11/2024","11:19:36","2","default","203499907","Sensor2","3.775","min","246.378","μmol/L","Humid","22.048","deg","92272","µV","18.724","°C","985.000","hPa","35.0","pmil","0","51.462","deg","22.621","°C","100.000","%a.s.","22.257","deg","22.682","°C","985.000","hPa","0.861","-0.02056","0.00035","-0.00011","0","14.7","Humid","28.35","0","65.20","250432.24","SABD0002000014","AAV2.0.0.13","4.0.0.2353","PSt7-10","000000-000","8/7/2024 3:37:09 PM","0000-00","0","no battery","V","215852","µV","96196","µV"
"08/11/2024","11:19:37","2","default","203499907","Sensor2","3.792","min","246.449","μmol/L","Humid","22.047","deg","92271","µV","18.718","°C","985.000","hPa","35.0","pmil","0","51.462","deg","22.621","°C","100.000","%a.s.","22.257","deg","22.682","°C","985.000","hPa","0.861","-0.02056","0.00035","-0.00011","0","14.7","Humid","28.35","0","65.20","250439.08","SABD0002000014","AAV2.0.0.13","4.0.0.2353","PSt7-10","000000-000","8/7/2024 3:37:09 PM","0000-00","0","no battery","V","215852","µV","96196","µV"
"08/11/2024","11:19:38","2","default","203499907","Sensor2","3.808","min","246.334","μmol/L","Humid","22.050","deg","92266","µV","18.724","°C","985.000","hPa","35.0","pmil","0","51.462","deg","22.621","°C","100.000","%a.s.","22.257","deg","22.682","°C","985.000","hPa","0.861","-0.02056","0.00035","-0.00011","0","14.7","Humid","28.35","0","65.20","250426.36","SABD0002000014","AAV2.0.0.13","4.0.0.2353","PSt7-10","000000-000","8/7/2024 3:37:09 PM","0000-00","0","no battery","V","215852","µV","96196","µV"
"08/11/2024","11:19:39","2","default","203499907","Sensor2","3.825","min","246.289","μmol/L","Humid","22.052","deg","92267","µV","18.724","°C","985.000","hPa","35.0","pmil","0","51.462","deg","22.621","°C","100.000","%a.s.","22.257","deg","22.682","°C","985.000","hPa","0.861","-0.02056","0.00035","-0.00011","0","14.7","Humid","28.35","0","65.20","250422.92","SABD0002000014","AAV2.0.0.13","4.0.0.2353","PSt7-10","000000-000","8/7/2024 3:37:09 PM","0000-00","0","no battery","V","215852","µV","96196","µV"
"08/11/2024","11:19:40","2","default","203499907","Sensor2","3.841","min","246.356","μmol/L","Humid","22.049","deg","92275","µV","18.724","°C","985.000","hPa","35.0","pmil","0","51.462","deg","22.621","°C","100.000","%a.s.","22.257","deg","22.682","°C","985.000","hPa","0.861","-0.02056","0.00035","-0.00011","0","14.7","Humid","28.35","0","65.20","250429.62","SABD0002000014","AAV2.0.0.13","4.0.0.2353","PSt7-10","000000-000","8/7/2024 3:37:09 PM","0000-00","0","no battery","V","215852","µV","96196","µV"
"08/11/2024","11:19:41","2","default","203499907","Sensor2","3.858","min","246.401","μmol/L","Humid","22.047","deg","92265","µV","18.724","°C","985.000","hPa","35.0","pmil","0","51.462","deg","22.621","°C","100.000","%a.s.","22.257","deg","22.682","°C","985.000","hPa","0.861","-0.02056","0.00035","-0.00011","0","14.7","Humid","28.35","0","65.20","250411.15","SABD0002000014","AAV2.0.0.13","4.0.0.2353","PSt7-10","000000-000","8/7/2024 3:37:09 PM","0000-00","0","no battery","V","215852","µV","96196","µV"
"08/11/2024","11:19:42","2","default","203499907","Sensor2","3.874","min","246.378","μmol/L","Humid","22.048","deg","92260","µV","18.724","°C","985.000","hPa","35.0","pmil","0","51.462","deg","22.621","°C","100.000","%a.s.","22.257","deg","22.682","°C","985.000","hPa","0.861","-0.02056","0.00035","-0.00011","0","14.7","Humid","28.35","0","65.20","250413.04","SABD0002000014","AAV2.0.0.13","4.0.0.2353","PSt7-10","000000-000","8/7/2024 3:37:09 PM","0000-00","0","no battery","V","215852","µV","96196","µV"
"08/11/2024","11:19:43","2","default","203499907","Sensor2","3.891","min","246.472","μmol/L","Humid","22.046","deg","92267","µV","18.718","°C","985.000","hPa","35.0","pmil","0","51.462","deg","22.621","°C","100.000","%a.s.","22.257","deg","22.682","°C","985.000","hPa","0.861","-0.02056","0.00035","-0.00011","0","14.7","Humid","28.35","0","65.20","250416.55","SABD0002000014","AAV2.0.0.13","4.0.0.2353","PSt7-10","000000-000","8/7/2024 3:37:09 PM","0000-00","0","no battery","V","215852","µV","96196","µV"
"08/11/2024","11:19:44","2","default","203499907","Sensor2","3.908","min","246.405","μmol/L","Humid","22.049","deg","92269","µV","18.718","°C","985.000","hPa","35.0","pmil","0","51.462","deg","22.621","°C","100.000","%a.s.","22.257","deg","22.682","°C","985.000","hPa","0.861","-0.02056","0.00035","-0.00011","0","14.7","Humid","28.35","0","65.20","250413.20","SABD0002000014","AAV2.0.0.13","4.0.0.2353","PSt7-10","000000-000","8/7/2024 3:37:09 PM","0000-00","0","no battery","V","215852","µV","96196","µV"
"08/11/2024","11:19:45","2","default","203499907","Sensor2","3.925","min","246.360","μmol/L","Humid","22.051","deg","92267","µV","18.718","°C","985.000","hPa","35.0","pmil","0","51.462","deg","22.621","°C","100.000","%a.s.","22.257","deg","22.682","°C","985.000","hPa","0.861","-0.02056","0.00035","-0.00011","0","14.7","Humid","28.35","0","65.20","250412.12","SABD0002000014","AAV2.0.0.13","4.0.0.2353","PSt7-10","000000-000","8/7/2024 3:37:09 PM","0000-00","0","no battery","V","215852","µV","96196","µV"
"08/11/2024","11:19:46","2","default","203499907","Sensor2","3.941","min","246.334","μmol/L","Humid","22.050","deg","92258","µV","18.724","°C","985.000","hPa","35.0","pmil","0","51.462","deg","22.621","°C","100.000","%a.s.","22.257","deg","22.682","°C","985.000","hPa","0.861","-0.02056","0.00035","-0.00011","0","14.7","Humid","28.35","0","65.20","250414.05","SABD0002000014","AAV2.0.0.13","4.0.0.2353","PSt7-10","000000-000","8/7/2024 3:37:09 PM","0000-00","0","no battery","V","215852","µV","96196","µV"
"08/11/2024","11:19:47","2","default","203499907","Sensor2","3.958","min","246.311","μmol/L","Humid","22.051","deg","92256","µV","18.724","°C","985.000","hPa","35.0","pmil","0","51.462","deg","22.621","°C","100.000","%a.s.","22.257","deg","22.682","°C","985.000","hPa","0.861","-0.02056","0.00035","-0.00011","0","14.7","Humid","28.35","0","65.20","250416.39","SABD0002000014","AAV2.0.0.13","4.0.0.2353","PSt7-10","000000-000","8/7/2024 3:37:09 PM","0000-00","0","no battery","V","215852","µV","96196","µV"
"08/11/2024","11:19:48","2","default","203499907","Sensor2","3.975","min","246.449","μmol/L","Humid","22.047","deg","92255","µV","18.718","°C","985.000","hPa","35.0","pmil","0","51.462","deg","22.621","°C","100.000","%a.s.","22.257","deg","22.682","°C","985.000","hPa","0.861","-0.02056","0.00035","-0.00011","0","14.7","Humid","28.35","0","65.20","250405.34","SABD0002000014","AAV2.0.0.13","4.0.0.2353","PSt7-10","000000-000","8/7/2024 3:37:09 PM","0000-00","0","no battery","V","215852","µV","96196","µV"
"08/11/2024","11:19:49","2","default","203499907","Sensor2","3.992","min","246.334","μmol/L","Humid","22.050","deg","92252","µV","18.724","°C","985.000","hPa","35.0","pmil","0","51.462","deg","22.621","°C","100.000","%a.s.","22.257","deg","22.682","°C","985.000","hPa","0.861","-0.02056","0.00035","-0.00011","0","14.7","Humid","28.35","0","65.20","250411.67","SABD0002000014","AAV2.0.0.13","4.0.0.2353","PSt7-10","000000-000","8/7/2024 3:37:09 PM","0000-00","0","no battery","V","215852","µV","96196","µV"
"08/11/2024","11:19:50","2","default","203499907","Sensor2","4.008","min","246.405","μmol/L","Humid","22.049","deg","92255","µV","18.718","°C","985.000","hPa","35.0","pmil","0","51.462","deg","22.621","°C","100.000","%a.s.","22.257","deg","22.682","°C","985.000","hPa","0.861","-0.02056","0.00035","-0.00011","0","14.7","Humid","28.35","0","65.20","250400.42","SABD0002000014","AAV2.0.0.13","4.0.0.2353","PSt7-10","000000-000","8/7/2024 3:37:09 PM","0000-00","0","no battery","V","215852","µV","96196","µV"
"08/11/2024","11:19:51","2","default","203499907","Sensor2","4.025","min","246.449","μmol/L","Humid","22.047","deg","92255","µV","18.718","°C","985.000","hPa","35.0","pmil","0","51.462","deg","22.621","°C","100.000","%a.s.","22.257","deg","22.682","°C","985.000","hPa","0.861","-0.02056","0.00035","-0.00011","0","14.7","Humid","28.35","0","65.20","250405.36","SABD0002000014","AAV2.0.0.13","4.0.0.2353","PSt7-10","000000-000","8/7/2024 3:37:09 PM","0000-00","0","no battery","V","215852","µV","96196","µV"
"08/11/2024","11:19:52","2","default","203499907","Sensor2","4.041","min","246.408","μmol/L","Humid","22.051","deg","92255","µV","18.711","°C","985.000","hPa","35.0","pmil","0","51.462","deg","22.621","°C","100.000","%a.s.","22.257","deg","22.682","°C","985.000","hPa","0.861","-0.02056","0.00035","-0.00011","0","14.7","Humid","28.35","0","65.20","250410.36","SABD0002000014","AAV2.0.0.13","4.0.0.2353","PSt7-10","000000-000","8/7/2024 3:37:09 PM","0000-00","0","no battery","V","215852","µV","96196","µV"
"08/11/2024","11:19:53","2","default","203499907","Sensor2","4.058","min","246.427","μmol/L","Humid","22.048","deg","92257","µV","18.718","°C","985.000","hPa","35.0","pmil","0","51.462","deg","22.621","°C","100.000","%a.s.","22.257","deg","22.682","°C","985.000","hPa","0.861","-0.02056","0.00035","-0.00011","0","14.7","Humid","28.35","0","65.20","250405.45","SABD0002000014","AAV2.0.0.13","4.0.0.2353","PSt7-10","000000-000","8/7/2024 3:37:09 PM","0000-00","0","no battery","V","215852","µV","96196","µV"
"08/11/2024","11:19:54","2","default","203499907","Sensor2","4.074","min","246.405","μmol/L","Humid","22.049","deg","92252","µV","18.718","°C","985.000","hPa","35.0","pmil","0","51.462","deg","22.621","°C","100.000","%a.s.","22.257","deg","22.682","°C","985.000","hPa","0.861","-0.02056","0.00035","-0.00011","0","14.7","Humid","28.35","0","65.20","250393.74","SABD0002000014","AAV2.0.0.13","4.0.0.2353","PSt7-10","000000-000","8/7/2024 3:37:09 PM","0000-00","0","no battery","V","215852","µV","96196","µV"
"08/11/2024","11:19:55","2","default","203499907","Sensor2","4.091","min","246.244","μmol/L","Humid","22.054","deg","92247","µV","18.724","°C","985.000","hPa","35.0","pmil","0","51.462","deg","22.621","°C","100.000","%a.s.","22.257","deg","22.682","°C","985.000","hPa","0.861","-0.02056","0.00035","-0.00011","0","14.7","Humid","28.35","0","65.20","250404.61","SABD0002000014","AAV2.0.0.13","4.0.0.2353","PSt7-10","000000-000","8/7/2024 3:37:09 PM","0000-00","0","no battery","V","215852","µV","96196","µV"
"08/11/2024","11:19:56","2","default","203499907","Sensor2","4.108","min","246.520","μmol/L","Humid","22.046","deg","92244","µV","18.711","°C","985.000","hPa","35.0","pmil","0","51.462","deg","22.621","°C","100.000","%a.s.","22.257","deg","22.682","°C","985.000","hPa","0.861","-0.02056","0.00035","-0.00011","0","14.7","Humid","28.35","0","65.20","250402.75","SABD0002000014","AAV2.0.0.13","4.0.0.2353","PSt7-10","000000-000","8/7/2024 3:37:09 PM","0000-00","0","no battery","V","215852","µV","96196","µV"
"08/11/2024","11:19:57","2","default","203499907","Sensor2","4.125","min","246.378","μmol/L","Humid","22.048","deg","92248","µV","18.724","°C","985.000","hPa","35.0","pmil","0","51.462","deg","22.621","°C","100.000","%a.s.","22.257","deg","22.682","°C","985.000","hPa","0.861","-0.02056","0.00035","-0.00011","0","14.7","Humid","28.35","0","65.20","250405.95","SABD0002000014","AAV2.0.0.13","4.0.0.2353","PSt7-10","000000-000","8/7/2024 3:37:09 PM","0000-00","0","no battery","V","215852","µV","96196","µV"
"08/11/2024","11:19:58","2","default","203499907","Sensor2","4.141","min","246.401","μmol/L","Humid","22.047","deg","92240","µV","18.724","°C","985.000","hPa","35.0","pmil","0","51.462","deg","22.621","°C","100.000","%a.s.","22.257","deg","22.682","°C","985.000","hPa","0.861","-0.02056","0.00035","-0.00011","0","14.7","Humid","28.35","0","65.20","250389.01","SABD0002000014","AAV2.0.0.13","4.0.0.2353","PSt7-10","000000-000","8/7/2024 3:37:09 PM","0000-00","0","no battery","V","215852","µV","96196","µV"
"08/11/2024","11:19:59","2","default","203499907","Sensor2","4.158","min","246.475","μmol/L","Humid","22.048","deg","92245","µV","18.711","°C","985.000","hPa","35.0","pmil","0","51.462","deg","22.621","°C","100.000","%a.s.","22.257","deg","22.682","°C","985.000","hPa","0.861","-0.02056","0.00035","-0.00011","0","14.7","Humid","28.35","0","65.20","250401.42","SABD0002000014","AAV2.0.0.13","4.0.0.2353","PSt7-10","000000-000","8/7/2024 3:37:09 PM","0000-00","0","no battery","V","215852","µV","96196","µV"
"08/11/2024","11:20:00","2","default","203499907","Sensor2","4.175","min","246.319","μmol/L","Humid","22.055","deg","92248","µV","18.711","°C","985.000","hPa","35.0","pmil","0","51.462","deg","22.621","°C","100.000","%a.s.","22.257","deg","22.682","°C","985.000","hPa","0.861","-0.02056","0.00035","-0.00011","0","14.7","Humid","28.35","0","65.20","250398.76","SABD0002000014","AAV2.0.0.13","4.0.0.2353","PSt7-10","000000-000","8/7/2024 3:37:09 PM","0000-00","0","no battery","V","215852","µV","96196","µV"
"08/11/2024","11:20:01","2","default","203499907","Sensor2","4.192","min","246.449","μmol/L","Humid","22.047","deg","92245","µV","18.718","°C","985.000","hPa","35.0","pmil","0","51.462","deg","22.621","°C","100.000","%a.s.","22.257","deg","22.682","°C","985.000","hPa","0.861","-0.02056","0.00035","-0.00011","0","14.7","Humid","28.35","0","65.20","250401.10","SABD0002000014","AAV2.0.0.13","4.0.0.2353","PSt7-10","000000-000","8/7/2024 3:37:09 PM","0000-00","0","no battery","V","215852","µV","96196","µV"
"08/11/2024","11:20:02","2","default","203499907","Sensor2","4.208","min","246.267","μmol/L","Humid","22.053","deg","92237","µV","18.724","°C","985.000","hPa","35.0","pmil","0","51.462","deg","22.621","°C","100.000","%a.s.","22.257","deg","22.682","°C","985.000","hPa","0.861","-0.02056","0.00035","-0.00011","0","14.7","Humid","28.35","0","65.20","250390.83","SABD0002000014","AAV2.0.0.13","4.0.0.2353","PSt7-10","000000-000","8/7/2024 3:37:09 PM","0000-00","0","no battery","V","215852","µV","96196","µV"
"08/11/2024","11:20:03","2","default","203499907","Sensor2","4.225","min","246.356","μmol/L","Humid","22.049","deg","92246","µV","18.724","°C","985.000","hPa","35.0","pmil","0","51.462","deg","22.621","°C","100.000","%a.s.","22.257","deg","22.682","°C","985.000","hPa","0.861","-0.02056","0.00035","-0.00011","0","14.7","Humid","28.35","0","65.20","250394.95","SABD0002000014","AAV2.0.0.13","4.0.0.2353","PSt7-10","000000-000","8/7/2024 3:37:09 PM","0000-00","0","no battery","V","215852","µV","96196","µV"
"08/11/2024","11:20:04","2","default","203499907","Sensor2","4.241","min","246.472","μmol/L","Humid","22.046","deg","92242","µV","18.718","°C","985.000","hPa","35.0","pmil","0","51.462","deg","22.621","°C","100.000","%a.s.","22.257","deg","22.682","°C","985.000","hPa","0.861","-0.02056","0.00035","-0.00011","0","14.7","Humid","28.35","0","65.20","250392.82","SABD0002000014","AAV2.0.0.13","4.0.0.2353","PSt7-10","000000-000","8/7/2024 3:37:09 PM","0000-00","0","no battery","V","215852","µV","96196","µV"
"08/11/2024","11:20:05","2","default","203499907","Sensor2","4.258","min","246.267","μmol/L","Humid","22.053","deg","92237","µV","18.724","°C","985.000","hPa","35.0","pmil","0","51.462","deg","22.621","°C","100.000","%a.s.","22.257","deg","22.682","°C","985.000","hPa","0.861","-0.02056","0.00035","-0.00011","0","14.7","Humid","28.35","0","65.20","250387.42","SABD0002000014","AAV2.0.0.13","4.0.0.2353","PSt7-10","000000-000","8/7/2024 3:37:09 PM","0000-00","0","no battery","V","215852","µV","96196","µV"
"08/11/2024","11:20:06","2","default","203499907","Sensor2","4.274","min","246.248","μmol/L","Humid","22.056","deg","92236","µV","18.718","°C","985.000","hPa","35.0","pmil","0","51.462","deg","22.621","°C","100.000","%a.s.","22.257","deg","22.682","°C","985.000","hPa","0.861","-0.02056","0.00035","-0.00011","0","14.7","Humid","28.35","0","65.20","250373.29","SABD0002000014","AAV2.0.0.13","4.0.0.2353","PSt7-10","000000-000","8/7/2024 3:37:09 PM","0000-00","0","no battery","V","215852","µV","96196","µV"
"08/11/2024","11:20:07","2","default","203499907","Sensor2","4.291","min","246.360","μmol/L","Humid","22.051","deg","92242","µV","18.718","°C","985.000","hPa","35.0","pmil","0","51.462","deg","22.621","°C","100.000","%a.s.","22.257","deg","22.682","°C","985.000","hPa","0.861","-0.02056","0.00035","-0.00011","0","14.7","Humid","28.35","0","65.20","250384.50","SABD0002000014","AAV2.0.0.13","4.0.0.2353","PSt7-10","000000-000","8/7/2024 3:37:09 PM","0000-00","0","no battery","V","215852","µV","96196","µV"
"08/11/2024","11:20:08","2","default","203499907","Sensor2","4.308","min","246.472","μmol/L","Humid","22.046","deg","92237","µV","18.718","°C","985.000","hPa","35.0","pmil","0","51.462","deg","22.621","°C","100.000","%a.s.","22.257","deg","22.682","°C","985.000","hPa","0.861","-0.02056","0.00035","-0.00011","0","14.7","Humid","28.35","0","65.20","250380.12","SABD0002000014","AAV2.0.0.13","4.0.0.2353","PSt7-10","000000-000","8/7/2024 3:37:09 PM","0000-00","0","no battery","V","215852","µV","96196","µV"
"08/11/2024","11:20:09","2","default","203499907","Sensor2","4.325","min","246.311","μmol/L","Humid","22.051","deg","92231","µV","18.724","°C","985.000","hPa","35.0","pmil","0","51.462","deg","22.621","°C","100.000","%a.s.","22.257","deg","22.682","°C","985.000","hPa","0.861","-0.02056","0.00035","-0.00011","0","14.7","Humid","28.35","0","65.20","250389.22","SABD0002000014","AAV2.0.0.13","4.0.0.2353","PSt7-10","000000-000","8/7/2024 3:37:09 PM","0000-00","0","no battery","V","215852","µV","96196","µV"
"08/11/2024","11:20:10","2","default","203499907","Sensor2","4.341","min","246.382","μmol/L","Humid","22.050","deg","92234","µV","18.718","°C","985.000","hPa","35.0","pmil","0","51.462","deg","22.621","°C","100.000","%a.s.","22.257","deg","22.682","°C","985.000","hPa","0.861","-0.02056","0.00035","-0.00011","0","14.7","Humid","28.35","0","65.20","250387.34","SABD0002000014","AAV2.0.0.13","4.0.0.2353","PSt7-10","000000-000","8/7/2024 3:37:09 PM","0000-00","0","no battery","V","215852","µV","96196","µV"
"08/11/2024","11:20:11","2","default","203499907","Sensor2","4.358","min","246.360","μmol/L","Humid","22.051","deg","92230","µV","18.718","°C","985.000","hPa","35.0","pmil","0","51.462","deg","22.621","°C","100.000","%a.s.","22.257","deg","22.682","°C","985.000","hPa","0.861","-0.02056","0.00035","-0.00011","0","14.7","Humid","28.35","0","65.20","250385.37","SABD0002000014","AAV2.0.0.13","4.0.0.2353","PSt7-10","000000-000","8/7/2024 3:37:09 PM","0000-00","0","no battery","V","215852","µV","96196","µV"
"08/11/2024","11:20:12","2","default","203499907","Sensor2","4.375","min","246.218","μmol/L","Humid","22.053","deg","92231","µV","18.730","°C","985.000","hPa","35.0","pmil","0","51.462","deg","22.621","°C","100.000","%a.s.","22.257","deg","22.682","°C","985.000","hPa","0.861","-0.02056","0.00035","-0.00011","0","14.7","Humid","28.35","0","65.20","250381.18","SABD0002000014","AAV2.0.0.13","4.0.0.2353","PSt7-10","000000-000","8/7/2024 3:37:09 PM","0000-00","0","no battery","V","215852","µV","96196","µV"
"08/11/2024","11:20:13","2","default","203499907","Sensor2","4.391","min","246.356","μmol/L","Humid","22.049","deg","92222","µV","18.724","°C","985.000","hPa","35.0","pmil","0","51.462","deg","22.621","°C","100.000","%a.s.","22.257","deg","22.682","°C","985.000","hPa","0.861","-0.02056","0.00035","-0.00011","0","14.7","Humid","28.35","0","65.20","250378.00","SABD0002000014","AAV2.0.0.13","4.0.0.2353","PSt7-10","000000-000","8/7/2024 3:37:09 PM","0000-00","0","no battery","V","215852","µV","96196","µV"
"08/11/2024","11:20:14","2","default","203499907","Sensor2","4.408","min","246.267","μmol/L","Humid","22.053","deg","92219","µV","18.724","°C","985.000","hPa","35.0","pmil","0","51.462","deg","22.621","°C","100.000","%a.s.","22.257","deg","22.682","°C","985.000","hPa","0.861","-0.02056","0.00035","-0.00011","0","14.7","Humid","28.35","0","65.20","250361.40","SABD0002000014","AAV2.0.0.13","4.0.0.2353","PSt7-10","000000-000","8/7/2024 3:37:09 PM","0000-00","0","no battery","V","215852","µV","96196","µV"
"08/11/2024","11:20:15","2","default","203499907","Sensor2","4.425","min","246.337","μmol/L","Humid","22.052","deg","92230","µV","18.718","°C","985.000","hPa","35.0","pmil","0","51.462","deg","22.621","°C","100.000","%a.s.","22.257","deg","22.682","°C","985.000","hPa","0.861","-0.02056","0.00035","-0.00011","0","14.7","Humid","28.35","0","65.20","250378.01","SABD0002000014","AAV2.0.0.13","4.0.0.2353","PSt7-10","000000-000","8/7/2024 3:37:09 PM","0000-00","0","no battery","V","215852","µV","96196","µV"
"08/11/2024","11:20:16","2","default","203499907","Sensor2","4.441","min","246.289","μmol/L","Humid","22.052","deg","92223","µV","18.724","°C","985.000","hPa","35.0","pmil","0","51.462","deg","22.621","°C","100.000","%a.s.","22.257","deg","22.682","°C","985.000","hPa","0.861","-0.02056","0.00035","-0.00011","0","14.7","Humid","28.35","0","65.20","250366.67","SABD0002000014","AAV2.0.0.13","4.0.0.2353","PSt7-10","000000-000","8/7/2024 3:37:09 PM","0000-00","0","no battery","V","215852","µV","96196","µV"
"08/11/2024","11:20:17","2","default","203499907","Sensor2","4.458","min","246.311","μmol/L","Humid","22.051","deg","92227","µV","18.724","°C","985.000","hPa","35.0","pmil","0","51.462","deg","22.621","°C","100.000","%a.s.","22.257","deg","22.682","°C","985.000","hPa","0.861","-0.02056","0.00035","-0.00011","0","14.7","Humid","28.35","0","65.20","250369.69","SABD0002000014","AAV2.0.0.13","4.0.0.2353","PSt7-10","000000-000","8/7/2024 3:37:09 PM","0000-00","0","no battery","V","215852","µV","96196","µV"
"08/11/2024","11:20:18","2","default","203499907","Sensor2","4.474","min","246.311","μmol/L","Humid","22.051","deg","92226","µV","18.724","°C","985.000","hPa","35.0","pmil","0","51.462","deg","22.621","°C","100.000","%a.s.","22.257","deg","22.682","°C","985.000","hPa","0.861","-0.02056","0.00035","-0.00011","0","14.7","Humid","28.35","0","65.20","250370.33","SABD0002000014","AAV2.0.0.13","4.0.0.2353","PSt7-10","000000-000","8/7/2024 3:37:09 PM","0000-00","0","no battery","V","215852","µV","96196","µV"
"08/11/2024","11:20:19","2","default","203499907","Sensor2","4.491","min","246.337","μmol/L","Humid","22.052","deg","92227","µV","18.718","°C","985.000","hPa","35.0","pmil","0","51.462","deg","22.621","°C","100.000","%a.s.","22.257","deg","22.682","°C","985.000","hPa","0.861","-0.02056","0.00035","-0.00011","0","14.7","Humid","28.35","0","65.20","250375.37","SABD0002000014","AAV2.0.0.13","4.0.0.2353","PSt7-10","000000-000","8/7/2024 3:37:09 PM","0000-00","0","no battery","V","215852","µV","96196","µV"
"08/11/2024","11:20:20","2","default","203499907","Sensor2","4.508","min","246.360","μmol/L","Humid","22.051","deg","92227","µV","18.718","°C","985.000","hPa","35.0","pmil","0","51.462","deg","22.621","°C","100.000","%a.s.","22.257","deg","22.682","°C","985.000","hPa","0.861","-0.02056","0.00035","-0.00011","0","14.7","Humid","28.35","0","65.20","250368.39","SABD0002000014","AAV2.0.0.13","4.0.0.2353","PSt7-10","000000-000","8/7/2024 3:37:09 PM","0000-00","0","no battery","V","215852","µV","96196","µV"
"08/11/2024","11:20:21","2","default","203499907","Sensor2","4.525","min","246.449","μmol/L","Humid","22.047","deg","92216","µV","18.718","°C","985.000","hPa","35.0","pmil","0","51.462","deg","22.621","°C","100.000","%a.s.","22.257","deg","22.682","°C","985.000","hPa","0.861","-0.02056","0.00035","-0.00011","0","14.7","Humid","28.35","0","65.20","250361.39","SABD0002000014","AAV2.0.0.13","4.0.0.2353","PSt7-10","000000-000","8/7/2024 3:37:09 PM","0000-00","0","no battery","V","215852","µV","96196","µV"
"08/11/2024","11:20:22","2","default","203499907","Sensor2","4.541","min","246.337","μmol/L","Humid","22.052","deg","92221","µV","18.718","°C","985.000","hPa","35.0","pmil","0","51.462","deg","22.621","°C","100.000","%a.s.","22.257","deg","22.682","°C","985.000","hPa","0.861","-0.02056","0.00035","-0.00011","0","14.7","Humid","28.35","0","65.20","250366.76","SABD0002000014","AAV2.0.0.13","4.0.0.2353","PSt7-10","000000-000","8/7/2024 3:37:09 PM","0000-00","0","no battery","V","215852","µV","96196","µV"
"08/11/2024","11:20:23","2","default","203499907","Sensor2","4.558","min","246.382","μmol/L","Humid","22.050","deg","92217","µV","18.718","°C","985.000","hPa","35.0","pmil","0","51.462","deg","22.621","°C","100.000","%a.s.","22.257","deg","22.682","°C","985.000","hPa","0.861","-0.02056","0.00035","-0.00011","0","14.7","Humid","28.35","0","65.20","250370.19","SABD0002000014","AAV2.0.0.13","4.0.0.2353","PSt7-10","000000-000","8/7/2024 3:37:09 PM","0000-00","0","no battery","V","215852","µV","96196","µV"
"08/11/2024","11:20:24","2","default","203499907","Sensor2","4.575","min","246.405","μmol/L","Humid","22.049","deg","92221","µV","18.718","°C","985.000","hPa","35.0","pmil","0","51.462","deg","22.621","°C","100.000","%a.s.","22.257","deg","22.682","°C","985.000","hPa","0.861","-0.02056","0.00035","-0.00011","0","14.7","Humid","28.35","0","65.20","250371.07","SABD0002000014","AAV2.0.0.13","4.0.0.2353","PSt7-10","000000-000","8/7/2024 3:37:09 PM","0000-00","0","no battery","V","215852","µV","96196","µV"
"08/11/2024","11:20:25","2","default","203499907","Sensor2","4.592","min","246.405","μmol/L","Humid","22.049","deg","92214","µV","18.718","°C","985.000","hPa","35.0","pmil","0","51.462","deg","22.621","°C","100.000","%a.s.","22.257","deg","22.682","°C","985.000","hPa","0.861","-0.02056","0.00035","-0.00011","0","14.7","Humid","28.35","0","65.20","250371.27","SABD0002000014","AAV2.0.0.13","4.0.0.2353","PSt7-10","000000-000","8/7/2024 3:37:09 PM","0000-00","0","no battery","V","215852","µV","96196","µV"
"08/11/2024","11:20:26","2","default","203499907","Sensor2","4.608","min","246.386","μmol/L","Humid","22.052","deg","92210","µV","18.711","°C","985.000","hPa","35.0","pmil","0","51.462","deg","22.621","°C","100.000","%a.s.","22.257","deg","22.682","°C","985.000","hPa","0.861","-0.02056","0.00035","-0.00011","0","14.7","Humid","28.35","0","65.20","250355.84","SABD0002000014","AAV2.0.0.13","4.0.0.2353","PSt7-10","000000-000","8/7/2024 3:37:09 PM","0000-00","0","no battery","V","215852","µV","96196","µV"
"08/11/2024","11:20:27","2","default","203499907","Sensor2","4.624","min","246.270","μmol/L","Humid","22.055","deg","92213","µV","18.718","°C","985.000","hPa","35.0","pmil","0","51.462","deg","22.621","°C","100.000","%a.s.","22.257","deg","22.682","°C","985.000","hPa","0.861","-0.02056","0.00035","-0.00011","0","14.7","Humid","28.35","0","65.20","250368.18","SABD0002000014","AAV2.0.0.13","4.0.0.2353","PSt7-10","000000-000","8/7/2024 3:37:09 PM","0000-00","0","no battery","V","215852","µV","96196","µV"
"08/11/2024","11:20:28","2","default","203499907","Sensor2","4.641","min","246.315","μmol/L","Humid","22.053","deg","92218","µV","18.718","°C","985.000","hPa","35.0","pmil","0","51.462","deg","22.621","°C","100.000","%a.s.","22.257","deg","22.682","°C","985.000","hPa","0.861","-0.02056","0.00035","-0.00011","0","14.7","Humid","28.35","0","65.20","250365.60","SABD0002000014","AAV2.0.0.13","4.0.0.2353","PSt7-10","000000-000","8/7/2024 3:37:09 PM","0000-00","0","no battery","V","215852","µV","96196","µV"
"08/11/2024","11:20:29","2","default","203499907","Sensor2","4.658","min","246.289","μmol/L","Humid","22.052","deg","92212","µV","18.724","°C","985.000","hPa","35.0","pmil","0","51.462","deg","22.621","°C","100.000","%a.s.","22.257","deg","22.682","°C","985.000","hPa","0.861","-0.02056","0.00035","-0.00011","0","14.7","Humid","28.35","0","65.20","250362.31","SABD0002000014","AAV2.0.0.13","4.0.0.2353","PSt7-10","000000-000","8/7/2024 3:37:09 PM","0000-00","0","no battery","V","215852","µV","96196","µV"
"08/11/2024","11:20:30","2","default","203499907","Sensor2","4.674","min","246.360","μmol/L","Humid","22.051","deg","92213","µV","18.718","°C","985.000","hPa","35.0","pmil","0","51.462","deg","22.621","°C","100.000","%a.s.","22.257","deg","22.682","°C","985.000","hPa","0.861","-0.02056","0.00035","-0.00011","0","14.7","Humid","28.35","0","65.20","250348.54","SABD0002000014","AAV2.0.0.13","4.0.0.2353","PSt7-10","000000-000","8/7/2024 3:37:09 PM","0000-00","0","no battery","V","215852","µV","96196","µV"
"08/11/2024","11:20:31","2","default","203499907","Sensor2","4.691","min","246.293","μmol/L","Humid","22.054","deg","92212","µV","18.718","°C","985.000","hPa","35.0","pmil","0","51.462","deg","22.621","°C","100.000","%a.s.","22.257","deg","22.682","°C","985.000","hPa","0.861","-0.02056","0.00035","-0.00011","0","14.7","Humid","28.35","0","65.20","250357.04","SABD0002000014","AAV2.0.0.13","4.0.0.2353","PSt7-10","000000-000","8/7/2024 3:37:09 PM","0000-00","0","no battery","V","215852","µV","96196","µV"
"08/11/2024","11:20:32","2","default","203499907","Sensor2","4.708","min","246.289","μmol/L","Humid","22.052","deg","92210","µV","18.724","°C","985.000","hPa","35.0","pmil","0","51.462","deg","22.621","°C","100.000","%a.s.","22.257","deg","22.682","°C","985.000","hPa","0.861","-0.02056","0.00035","-0.00011","0","14.7","Humid","28.35","0","65.20","250356.17","SABD0002000014","AAV2.0.0.13","4.0.0.2353","PSt7-10","000000-000","8/7/2024 3:37:09 PM","0000-00","0","no battery","V","215852","µV","96196","µV"
"08/11/2024","11:20:33","2","default","203499907","Sensor2","4.725","min","246.337","μmol/L","Humid","22.052","deg","92209","µV","18.718","°C","985.000","hPa","35.0","pmil","0","51.462","deg","22.621","°C","100.000","%a.s.","22.257","deg","22.682","°C","985.000","hPa","0.861","-0.02056","0.00035","-0.00011","0","14.7","Humid","28.35","0","65.20","250353.17","SABD0002000014","AAV2.0.0.13","4.0.0.2353","PSt7-10","000000-000","8/7/2024 3:37:09 PM","0000-00","0","no battery","V","215852","µV","96196","µV"
"08/11/2024","11:20:34","2","default","203499907","Sensor2","4.741","min","246.401","μmol/L","Humid","22.047","deg","92210","µV","18.724","°C","985.000","hPa","35.0","pmil","0","51.462","deg","22.621","°C","100.000","%a.s.","22.257","deg","22.682","°C","985.000","hPa","0.861","-0.02056","0.00035","-0.00011","0","14.7","Humid","28.35","0","65.20","250348.51","SABD0002000014","AAV2.0.0.13","4.0.0.2353","PSt7-10","000000-000","8/7/2024 3:37:09 PM","0000-00","0","no battery","V","215852","µV","96196","µV"
"08/11/2024","11:20:35","2","default","203499907","Sensor2","4.758","min","246.337","μmol/L","Humid","22.052","deg","92201","µV","18.718","°C","985.000","hPa","35.0","pmil","0","51.462","deg","22.621","°C","100.000","%a.s.","22.257","deg","22.682","°C","985.000","hPa","0.861","-0.02056","0.00035","-0.00011","0","14.7","Humid","28.35","0","65.20","250350.48","SABD0002000014","AAV2.0.0.13","4.0.0.2353","PSt7-10","000000-000","8/7/2024 3:37:09 PM","0000-00","0","no battery","V","215852","µV","96196","µV"
"08/11/2024","11:20:36","2","default","203499907","Sensor2","4.775","min","246.311","μmol/L","Humid","22.051","deg","92202","µV","18.724","°C","985.000","hPa","35.0","pmil","0","51.462","deg","22.621","°C","100.000","%a.s.","22.257","deg","22.682","°C","985.000","hPa","0.861","-0.02056","0.00035","-0.00011","0","14.7","Humid","28.35","0","65.20","250344.10","SABD0002000014","AAV2.0.0.13","4.0.0.2353","PSt7-10","000000-000","8/7/2024 3:37:09 PM","0000-00","0","no battery","V","215852","µV","96196","µV"
"08/11/2024","11:20:37","2","default","203499907","Sensor2","4.792","min","246.270","μmol/L","Humid","22.055","deg","92213","µV","18.718","°C","985.000","hPa","35.0","pmil","0","51.462","deg","22.621","°C","100.000","%a.s.","22.257","deg","22.682","°C","985.000","hPa","0.861","-0.02056","0.00035","-0.00011","0","14.7","Humid","28.35","0","65.20","250356.81","SABD0002000014","AAV2.0.0.13","4.0.0.2353","PSt7-10","000000-000","8/7/2024 3:37:09 PM","0000-00","0","no battery","V","215852","µV","96196","µV"
"08/11/2024","11:20:38","2","default","203499907","Sensor2","4.808","min","246.337","μmol/L","Humid","22.052","deg","92199","µV","18.718","°C","985.000","hPa","35.0","pmil","0","51.462","deg","22.621","°C","100.000","%a.s.","22.257","deg","22.682","°C","985.000","hPa","0.861","-0.02056","0.00035","-0.00011","0","14.7","Humid","28.35","0","65.20","250347.86","SABD0002000014","AAV2.0.0.13","4.0.0.2353","PSt7-10","000000-000","8/7/2024 3:37:09 PM","0000-00","0","no battery","V","215852","µV","96196","µV"
"08/11/2024","11:20:39","2","default","203499907","Sensor2","4.824","min","246.408","μmol/L","Humid","22.051","deg","92201","µV","18.711","°C","985.000","hPa","35.0","pmil","0","51.462","deg","22.621","°C","100.000","%a.s.","22.257","deg","22.682","°C","985.000","hPa","0.861","-0.02056","0.00035","-0.00011","0","14.7","Humid","28.35","0","65.20","250347.12","SABD0002000014","AAV2.0.0.13","4.0.0.2353","PSt7-10","000000-000","8/7/2024 3:37:09 PM","0000-00","0","no battery","V","215852","µV","96196","µV"
"08/11/2024","11:20:40","2","default","203499907","Sensor2","4.841","min","246.431","μmol/L","Humid","22.050","deg","92205","µV","18.711","°C","985.000","hPa","35.0","pmil","0","51.462","deg","22.621","°C","100.000","%a.s.","22.257","deg","22.682","°C","985.000","hPa","0.861","-0.02056","0.00035","-0.00011","0","14.7","Humid","28.35","0","65.20","250357.11","SABD0002000014","AAV2.0.0.13","4.0.0.2353","PSt7-10","000000-000","8/7/2024 3:37:09 PM","0000-00","0","no battery","V","215852","µV","96196","µV"
"08/11/2024","11:20:41","2","default","203499907","Sensor2","4.858","min","246.293","μmol/L","Humid","22.054","deg","92201","µV","18.718","°C","985.000","hPa","35.0","pmil","0","51.462","deg","22.621","°C","100.000","%a.s.","22.257","deg","22.682","°C","985.000","hPa","0.861","-0.02056","0.00035","-0.00011","0","14.7","Humid","28.35","0","65.20","250343.66","SABD0002000014","AAV2.0.0.13","4.0.0.2353","PSt7-10","000000-000","8/7/2024 3:37:09 PM","0000-00","0","no battery","V","215852","µV","96196","µV"
"08/11/2024","11:20:42","2","default","203499907","Sensor2","4.875","min","246.337","μmol/L","Humid","22.052","deg","92201","µV","18.718","°C","985.000","hPa","35.0","pmil","0","51.462","deg","22.621","°C","100.000","%a.s.","22.257","deg","22.682","°C","985.000","hPa","0.861","-0.02056","0.00035","-0.00011","0","14.7","Humid","28.35","0","65.20","250351.68","SABD0002000014","AAV2.0.0.13","4.0.0.2353","PSt7-10","000000-000","8/7/2024 3:37:09 PM","0000-00","0","no battery","V","215852","µV","96196","µV"
"08/11/2024","11:20:43","2","default","203499907","Sensor2","4.891","min","246.315","μmol/L","Humid","22.053","deg","92196","µV","18.718","°C","985.000","hPa","35.0","pmil","0","51.462","deg","22.621","°C","100.000","%a.s.","22.257","deg","22.682","°C","985.000","hPa","0.861","-0.02056","0.00035","-0.00011","0","14.7","Humid","28.35","0","65.20","250333.83","SABD0002000014","AAV2.0.0.13","4.0.0.2353","PSt7-10","000000-000","8/7/2024 3:37:09 PM","0000-00","0","no battery","V","215852","µV","96196","µV"
"08/11/2024","11:20:44","2","default","203499907","Sensor2","4.908","min","246.289","μmol/L","Humid","22.052","deg","92194","µV","18.724","°C","985.000","hPa","35.0","pmil","0","51.462","deg","22.621","°C","100.000","%a.s.","22.257","deg","22.682","°C","985.000","hPa","0.861","-0.02056","0.00035","-0.00011","0","14.7","Humid","28.35","0","65.20","250328.74","SABD0002000014","AAV2.0.0.13","4.0.0.2353","PSt7-10","000000-000","8/7/2024 3:37:09 PM","0000-00","0","no battery","V","215852","µV","96196","µV"
"08/11/2024","11:20:45","2","default","203499907","Sensor2","4.925","min","246.270","μmol/L","Humid","22.055","deg","92204","µV","18.718","°C","985.000","hPa","35.0","pmil","0","51.462","deg","22.621","°C","100.000","%a.s.","22.257","deg","22.682","°C","985.000","hPa","0.861","-0.02056","0.00035","-0.00011","0","14.7","Humid","28.35","0","65.20","250334.62","SABD0002000014","AAV2.0.0.13","4.0.0.2353","PSt7-10","000000-000","8/7/2024 3:37:09 PM","0000-00","0","no battery","V","215852","µV","96196","µV"
"08/11/2024","11:20:46","2","default","203499907","Sensor2","4.942","min","246.311","μmol/L","Humid","22.051","deg","92197","µV","18.724","°C","985.000","hPa","35.0","pmil","0","51.462","deg","22.621","°C","100.000","%a.s.","22.257","deg","22.682","°C","985.000","hPa","0.861","-0.02056","0.00035","-0.00011","0","14.7","Humid","28.35","0","65.20","250342.68","SABD0002000014","AAV2.0.0.13","4.0.0.2353","PSt7-10","000000-000","8/7/2024 3:37:09 PM","0000-00","0","no battery","V","215852","µV","96196","µV"
"08/11/2024","11:20:47","2","default","203499907","Sensor2","4.958","min","246.222","μmol/L","Humid","22.055","deg","92185","µV","18.724","°C","985.000","hPa","35.0","pmil","0","51.462","deg","22.621","°C","100.000","%a.s.","22.257","deg","22.682","°C","985.000","hPa","0.861","-0.02056","0.00035","-0.00011","0","14.7","Humid","28.35","0","65.20","250322.25","SABD0002000014","AAV2.0.0.13","4.0.0.2353","PSt7-10","000000-000","8/7/2024 3:37:09 PM","0000-00","0","no battery","V","215852","µV","96196","µV"
"08/11/2024","11:20:48","2","default","203499907","Sensor2","4.975","min","246.360","μmol/L","Humid","22.051","deg","92195","µV","18.718","°C","985.000","hPa","35.0","pmil","0","51.462","deg","22.621","°C","100.000","%a.s.","22.257","deg","22.682","°C","985.000","hPa","0.861","-0.02056","0.00035","-0.00011","0","14.7","Humid","28.35","0","65.20","250319.50","SABD0002000014","AAV2.0.0.13","4.0.0.2353","PSt7-10","000000-000","8/7/2024 3:37:09 PM","0000-00","0","no battery","V","215852","µV","96196","µV"
"08/11/2024","11:20:49","2","default","203499907","Sensor2","4.992","min","246.315","μmol/L","Humid","22.053","deg","92185","µV","18.718","°C","985.000","hPa","35.0","pmil","0","51.462","deg","22.621","°C","100.000","%a.s.","22.257","deg","22.682","°C","985.000","hPa","0.861","-0.02056","0.00035","-0.00011","0","14.7","Humid","28.35","0","65.20","250324.99","SABD0002000014","AAV2.0.0.13","4.0.0.2353","PSt7-10","000000-000","8/7/2024 3:37:09 PM","0000-00","0","no battery","V","215852","µV","96196","µV"
"08/11/2024","11:20:50","2","default","203499907","Sensor2","5.008","min","246.453","μmol/L","Humid","22.049","deg","92189","µV","18.711","°C","985.000","hPa","35.0","pmil","0","51.462","deg","22.621","°C","100.000","%a.s.","22.257","deg","22.682","°C","985.000","hPa","0.861","-0.02056","0.00035","-0.00011","0","14.7","Humid","28.35","0","65.20","250326.78","SABD0002000014","AAV2.0.0.13","4.0.0.2353","PSt7-10","000000-000","8/7/2024 3:37:09 PM","0000-00","0","no battery","V","215852","µV","96196","µV"
"08/11/2024","11:20:51","2","default","203499907","Sensor2","5.024","min","246.270","μmol/L","Humid","22.055","deg","92182","µV","18.718","°C","985.000","hPa","35.0","pmil","0","51.462","deg","22.621","°C","100.000","%a.s.","22.257","deg","22.682","°C","985.000","hPa","0.861","-0.02056","0.00035","-0.00011","0","14.7","Humid","28.35","0","65.20","250329.61","SABD0002000014","AAV2.0.0.13","4.0.0.2353","PSt7-10","000000-000","8/7/2024 3:37:09 PM","0000-00","0","no battery","V","215852","µV","96196","µV"
"08/11/2024","11:20:52","2","default","203499907","Sensor2","5.041","min","246.427","μmol/L","Humid","22.048","deg","92191","µV","18.718","°C","985.000","hPa","35.0","pmil","0","51.462","deg","22.621","°C","100.000","%a.s.","22.257","deg","22.682","°C","985.000","hPa","0.861","-0.02056","0.00035","-0.00011","0","14.7","Humid","28.35","0","65.20","250325.59","SABD0002000014","AAV2.0.0.13","4.0.0.2353","PSt7-10","000000-000","8/7/2024 3:37:09 PM","0000-00","0","no battery","V","215852","µV","96196","µV"
"08/11/2024","11:20:53","2","default","203499907","Sensor2","5.058","min","246.244","μmol/L","Humid","22.054","deg","92195","µV","18.724","°C","985.000","hPa","35.0","pmil","0","51.462","deg","22.621","°C","100.000","%a.s.","22.257","deg","22.682","°C","985.000","hPa","0.861","-0.02056","0.00035","-0.00011","0","14.7","Humid","28.35","0","65.20","250328.05","SABD0002000014","AAV2.0.0.13","4.0.0.2353","PSt7-10","000000-000","8/7/2024 3:37:09 PM","0000-00","0","no battery","V","215852","µV","96196","µV"
"08/11/2024","11:20:54","2","default","203499907","Sensor2","5.074","min","246.341","μmol/L","Humid","22.054","deg","92186","µV","18.711","°C","985.000","hPa","35.0","pmil","0","51.462","deg","22.621","°C","100.000","%a.s.","22.257","deg","22.682","°C","985.000","hPa","0.861","-0.02056","0.00035","-0.00011","0","14.7","Humid","28.35","0","65.20","250331.55","SABD0002000014","AAV2.0.0.13","4.0.0.2353","PSt7-10","000000-000","8/7/2024 3:37:09 PM","0000-00","0","no battery","V","215852","µV","96196","µV"
"08/11/2024","11:20:55","2","default","203499907","Sensor2","5.091","min","246.207","μmol/L","Humid","22.060","deg","92189","µV","18.711","°C","985.000","hPa","35.0","pmil","0","51.462","deg","22.621","°C","100.000","%a.s.","22.257","deg","22.682","°C","985.000","hPa","0.861","-0.02056","0.00035","-0.00011","0","14.7","Humid","28.35","0","65.20","250338.07","SABD0002000014","AAV2.0.0.13","4.0.0.2353","PSt7-10","000000-000","8/7/2024 3:37:09 PM","0000-00","0","no battery","V","215852","µV","96196","µV"
"08/11/2024","11:20:56","2","default","203499907","Sensor2","5.108","min","246.315","μmol/L","Humid","22.053","deg","92185","µV","18.718","°C","985.000","hPa","35.0","pmil","0","51.462","deg","22.621","°C","100.000","%a.s.","22.257","deg","22.682","°C","985.000","hPa","0.861","-0.02056","0.00035","-0.00011","0","14.7","Humid","28.35","0","65.20","250334.06","SABD0002000014","AAV2.0.0.13","4.0.0.2353","PSt7-10","000000-000","8/7/2024 3:37:09 PM","0000-00","0","no battery","V","215852","µV","96196","µV"
"08/11/2024","11:20:57","2","default","203499907","Sensor2","5.125","min","246.315","μmol/L","Humid","22.053","deg","92187","µV","18.718","°C","985.000","hPa","35.0","pmil","0","51.462","deg","22.621","°C","100.000","%a.s.","22.257","deg","22.682","°C","985.000","hPa","0.861","-0.02056","0.00035","-0.00011","0","14.7","Humid","28.35","0","65.20","250325.86","SABD0002000014","AAV2.0.0.13","4.0.0.2353","PSt7-10","000000-000","8/7/2024 3:37:09 PM","0000-00","0","no battery","V","215852","µV","96196","µV"
"08/11/2024","11:20:58","2","default","203499907","Sensor2","5.141","min","246.360","μmol/L","Humid","22.051","deg","92186","µV","18.718","°C","985.000","hPa","35.0","pmil","0","51.462","deg","22.621","°C","100.000","%a.s.","22.257","deg","22.682","°C","985.000","hPa","0.861","-0.02056","0.00035","-0.00011","0","14.7","Humid","28.35","0","65.20","250316.30","SABD0002000014","AAV2.0.0.13","4.0.0.2353","PSt7-10","000000-000","8/7/2024 3:37:09 PM","0000-00","0","no battery","V","215852","µV","96196","µV"
"08/11/2024","11:20:59","2","default","203499907","Sensor2","5.158","min","246.337","μmol/L","Humid","22.052","deg","92185","µV","18.718","°C","985.000","hPa","35.0","pmil","0","51.462","deg","22.621","°C","100.000","%a.s.","22.257","deg","22.682","°C","985.000","hPa","0.861","-0.02056","0.00035","-0.00011","0","14.7","Humid","28.35","0","65.20","250322.03","SABD0002000014","AAV2.0.0.13","4.0.0.2353","PSt7-10","000000-000","8/7/2024 3:37:09 PM","0000-00","0","no battery","V","215852","µV","96196","µV"
"08/11/2024","11:21:00","2","default","203499907","Sensor2","5.175","min","246.364","μmol/L","Humid","22.053","deg","92179","µV","18.711","°C","985.000","hPa","35.0","pmil","0","51.462","deg","22.621","°C","100.000","%a.s.","22.257","deg","22.682","°C","985.000","hPa","0.861","-0.02056","0.00035","-0.00011","0","14.7","Humid","28.35","0","65.20","250312.86","SABD0002000014","AAV2.0.0.13","4.0.0.2353","PSt7-10","000000-000","8/7/2024 3:37:09 PM","0000-00","0","no battery","V","215852","µV","96196","µV"
"08/11/2024","11:21:01","2","default","203499907","Sensor2","5.192","min","246.293","μmol/L","Humid","22.054","deg","92181","µV","18.718","°C","985.000","hPa","35.0","pmil","0","51.462","deg","22.621","°C","100.000","%a.s.","22.257","deg","22.682","°C","985.000","hPa","0.861","-0.02056","0.00035","-0.00011","0","14.7","Humid","28.35","0","65.20","250322.14","SABD0002000014","AAV2.0.0.13","4.0.0.2353","PSt7-10","000000-000","8/7/2024 3:37:09 PM","0000-00","0","no battery","V","215852","µV","96196","µV"
"08/11/2024","11:21:02","2","default","203499907","Sensor2","5.208","min","246.244","μmol/L","Humid","22.054","deg","92175","µV","18.724","°C","985.000","hPa","35.0","pmil","0","51.462","deg","22.621","°C","100.000","%a.s.","22.257","deg","22.682","°C","985.000","hPa","0.861","-0.02056","0.00035","-0.00011","0","14.7","Humid","28.35","0","65.20","250318.68","SABD0002000014","AAV2.0.0.13","4.0.0.2353","PSt7-10","000000-000","8/7/2024 3:37:09 PM","0000-00","0","no battery","V","215852","µV","96196","µV"
"08/11/2024","11:21:03","2","default","203499907","Sensor2","5.225","min","246.315","μmol/L","Humid","22.053","deg","92179","µV","18.718","°C","985.000","hPa","35.0","pmil","0","51.462","deg","22.621","°C","100.000","%a.s.","22.257","deg","22.682","°C","985.000","hPa","0.861","-0.02056","0.00035","-0.00011","0","14.7","Humid","28.35","0","65.20","250315.50","SABD0002000014","AAV2.0.0.13","4.0.0.2353","PSt7-10","000000-000","8/7/2024 3:37:09 PM","0000-00","0","no battery","V","215852","µV","96196","µV"
"08/11/2024","11:21:04","2","default","203499907","Sensor2","5.242","min","246.337","μmol/L","Humid","22.052","deg","92173","µV","18.718","°C","985.000","hPa","35.0","pmil","0","51.462","deg","22.621","°C","100.000","%a.s.","22.257","deg","22.682","°C","985.000","hPa","0.861","-0.02056","0.00035","-0.00011","0","14.7","Humid","28.35","0","65.20","250303.59","SABD0002000014","AAV2.0.0.13","4.0.0.2353","PSt7-10","000000-000","8/7/2024 3:37:09 PM","0000-00","0","no battery","V","215852","µV","96196","µV"
"08/11/2024","11:21:05","2","default","203499907","Sensor2","5.258","min","246.274","μmol/L","Humid","22.057","deg","92175","µV","18.711","°C","985.000","hPa","35.0","pmil","0","51.462","deg","22.621","°C","100.000","%a.s.","22.257","deg","22.682","°C","985.000","hPa","0.861","-0.02056","0.00035","-0.00011","0","14.7","Humid","28.35","0","65.20","250306.97","SABD0002000014","AAV2.0.0.13","4.0.0.2353","PSt7-10","000000-000","8/7/2024 3:37:09 PM","0000-00","0","no battery","V","215852","µV","96196","µV"
"08/11/2024","11:21:06","2","default","203499907","Sensor2","5.274","min","246.364","μmol/L","Humid","22.053","deg","92175","µV","18.711","°C","985.000","hPa","35.0","pmil","0","51.462","deg","22.621","°C","100.000","%a.s.","22.257","deg","22.682","°C","985.000","hPa","0.861","-0.02056","0.00035","-0.00011","0","14.7","Humid","28.35","0","65.20","250315.36","SABD0002000014","AAV2.0.0.13","4.0.0.2353","PSt7-10","000000-000","8/7/2024 3:37:09 PM","0000-00","0","no battery","V","215852","µV","96196","µV"
"08/11/2024","11:21:07","2","default","203499907","Sensor2","5.291","min","246.267","μmol/L","Humid","22.053","deg","92180","µV","18.724","°C","985.000","hPa","35.0","pmil","0","51.462","deg","22.621","°C","100.000","%a.s.","22.257","deg","22.682","°C","985.000","hPa","0.861","-0.02056","0.00035","-0.00011","0","14.7","Humid","28.35","0","65.20","250315.45","SABD0002000014","AAV2.0.0.13","4.0.0.2353","PSt7-10","000000-000","8/7/2024 3:37:09 PM","0000-00","0","no battery","V","215852","µV","96196","µV"
"08/11/2024","11:21:08","2","default","203499907","Sensor2","5.308","min","246.315","μmol/L","Humid","22.053","deg","92175","µV","18.718","°C","985.000","hPa","35.0","pmil","0","51.462","deg","22.621","°C","100.000","%a.s.","22.257","deg","22.682","°C","985.000","hPa","0.861","-0.02056","0.00035","-0.00011","0","14.7","Humid","28.35","0","65.20","250306.77","SABD0002000014","AAV2.0.0.13","4.0.0.2353","PSt7-10","000000-000","8/7/2024 3:37:09 PM","0000-00","0","no battery","V","215852","µV","96196","µV"
"08/11/2024","11:21:09","2","default","203499907","Sensor2","5.324","min","246.270","μmol/L","Humid","22.055","deg","92166","µV","18.718","°C","985.000","hPa","35.0","pmil","0","51.462","deg","22.621","°C","100.000","%a.s.","22.257","deg","22.682","°C","985.000","hPa","0.861","-0.02056","0.00035","-0.00011","0","14.7","Humid","28.35","0","65.20","250301.94","SABD0002000014","AAV2.0.0.13","4.0.0.2353","PSt7-10","000000-000","8/7/2024 3:37:09 PM","0000-00","0","no battery","V","215852","µV","96196","µV"
"08/11/2024","11:21:10","2","default","203499907","Sensor2","5.341","min","246.270","μmol/L","Humid","22.055","deg","92168","µV","18.718","°C","985.000","hPa","35.0","pmil","0","51.462","deg","22.621","°C","100.000","%a.s.","22.257","deg","22.682","°C","985.000","hPa","0.861","-0.02056","0.00035","-0.00011","0","14.7","Humid","28.35","0","65.20","250301.69","SABD0002000014","AAV2.0.0.13","4.0.0.2353","PSt7-10","000000-000","8/7/2024 3:37:09 PM","0000-00","0","no battery","V","215852","µV","96196","µV"
"08/11/2024","11:21:11","2","default","203499907","Sensor2","5.358","min","246.311","μmol/L","Humid","22.051","deg","92168","µV","18.724","°C","985.000","hPa","35.0","pmil","0","51.462","deg","22.621","°C","100.000","%a.s.","22.257","deg","22.682","°C","985.000","hPa","0.861","-0.02056","0.00035","-0.00011","0","14.7","Humid","28.35","0","65.20","250298.61","SABD0002000014","AAV2.0.0.13","4.0.0.2353","PSt7-10","000000-000","8/7/2024 3:37:09 PM","0000-00","0","no battery","V","215852","µV","96196","µV"
"08/11/2024","11:21:12","2","default","203499907","Sensor2","5.375","min","246.296","μmol/L","Humid","22.056","deg","92167","µV","18.711","°C","985.000","hPa","35.0","pmil","0","51.462","deg","22.621","°C","100.000","%a.s.","22.257","deg","22.682","°C","985.000","hPa","0.861","-0.02056","0.00035","-0.00011","0","14.7","Humid","28.35","0","65.20","250310.60","SABD0002000014","AAV2.0.0.13","4.0.0.2353","PSt7-10","000000-000","8/7/2024 3:37:09 PM","0000-00","0","no battery","V","215852","µV","96196","µV"
"08/11/2024","11:21:13","2","default","203499907","Sensor2","5.391","min","246.270","μmol/L","Humid","22.055","deg","92166","µV","18.718","°C","985.000","hPa","35.0","pmil","0","51.462","deg","22.621","°C","100.000","%a.s.","22.257","deg","22.682","°C","985.000","hPa","0.861","-0.02056","0.00035","-0.00011","0","14.7","Humid","28.35","0","65.20","250301.13","SABD0002000014","AAV2.0.0.13","4.0.0.2353","PSt7-10","000000-000","8/7/2024 3:37:09 PM","0000-00","0","no battery","V","215852","µV","96196","µV"
"08/11/2024","11:21:14","2","default","203499907","Sensor2","5.408","min","246.337","μmol/L","Humid","22.052","deg","92171","µV","18.718","°C","985.000","hPa","35.0","pmil","0","51.462","deg","22.621","°C","100.000","%a.s.","22.257","deg","22.682","°C","985.000","hPa","0.861","-0.02056","0.00035","-0.00011","0","14.7","Humid","28.35","0","65.20","250297.93","SABD0002000014","AAV2.0.0.13","4.0.0.2353","PSt7-10","000000-000","8/7/2024 3:37:09 PM","0000-00","0","no battery","V","215852","µV","96196","µV"
"08/11/2024","11:21:15","2","default","203499907","Sensor2","5.425","min","246.248","μmol/L","Humid","22.056","deg","92167","µV","18.718","°C","985.000","hPa","35.0","pmil","0","51.462","deg","22.621","°C","100.000","%a.s.","22.257","deg","22.682","°C","985.000","hPa","0.861","-0.02056","0.00035","-0.00011","0","14.7","Humid","28.35","0","65.20","250290.41","SABD0002000014","AAV2.0.0.13","4.0.0.2353","PSt7-10","000000-000","8/7/2024 3:37:09 PM","0000-00","0","no battery","V","215852","µV","96196","µV"
"08/11/2024","11:21:16","2","default","203499907","Sensor2","5.442","min","246.226","μmol/L","Humid","22.057","deg","92164","µV","18.718","°C","985.000","hPa","35.0","pmil","0","51.462","deg","22.621","°C","100.000","%a.s.","22.257","deg","22.682","°C","985.000","hPa","0.861","-0.02056","0.00035","-0.00011","0","14.7","Humid","28.35","0","65.20","250309.40","SABD0002000014","AAV2.0.0.13","4.0.0.2353","PSt7-10","000000-000","8/7/2024 3:37:09 PM","0000-00","0","no battery","V","215852","µV","96196","µV"
"08/11/2024","11:21:17","2","default","203499907","Sensor2","5.458","min","246.274","μmol/L","Humid","22.057","deg","92164","µV","18.711","°C","985.000","hPa","35.0","pmil","0","51.462","deg","22.621","°C","100.000","%a.s.","22.257","deg","22.682","°C","985.000","hPa","0.861","-0.02056","0.00035","-0.00011","0","14.7","Humid","28.35","0","65.20","250300.72","SABD0002000014","AAV2.0.0.13","4.0.0.2353","PSt7-10","000000-000","8/7/2024 3:37:09 PM","0000-00","0","no battery","V","215852","µV","96196","µV"
"08/11/2024","11:21:18","2","default","203499907","Sensor2","5.475","min","246.319","μmol/L","Humid","22.055","deg","92166","µV","18.711","°C","985.000","hPa","35.0","pmil","0","51.462","deg","22.621","°C","100.000","%a.s.","22.257","deg","22.682","°C","985.000","hPa","0.861","-0.02056","0.00035","-0.00011","0","14.7","Humid","28.35","0","65.20","250305.12","SABD0002000014","AAV2.0.0.13","4.0.0.2353","PSt7-10","000000-000","8/7/2024 3:37:09 PM","0000-00","0","no battery","V","215852","µV","96196","µV"
"08/11/2024","11:21:19","2","default","203499907","Sensor2","5.491","min","246.319","μmol/L","Humid","22.055","deg","92161","µV","18.711","°C","985.000","hPa","35.0","pmil","0","51.462","deg","22.621","°C","100.000","%a.s.","22.257","deg","22.682","°C","985.000","hPa","0.861","-0.02056","0.00035","-0.00011","0","14.7","Humid","28.35","0","65.20","250304.57","SABD0002000014","AAV2.0.0.13","4.0.0.2353","PSt7-10","000000-000","8/7/2024 3:37:09 PM","0000-00","0","no battery","V","215852","µV","96196","µV"
"08/11/2024","11:21:20","2","default","203499907","Sensor2","5.508","min","246.248","μmol/L","Humid","22.056","deg","92162","µV","18.718","°C","985.000","hPa","35.0","pmil","0","51.462","deg","22.621","°C","100.000","%a.s.","22.257","deg","22.682","°C","985.000","hPa","0.861","-0.02056","0.00035","-0.00011","0","14.7","Humid","28.35","0","65.20","250292.28","SABD0002000014","AAV2.0.0.13","4.0.0.2353","PSt7-10","000000-000","8/7/2024 3:37:09 PM","0000-00","0","no battery","V","215852","µV","96196","µV"
"08/11/2024","11:21:21","2","default","203499907","Sensor2","5.524","min","246.386","μmol/L","Humid","22.052","deg","92161","µV","18.711","°C","985.000","hPa","35.0","pmil","0","51.462","deg","22.621","°C","100.000","%a.s.","22.257","deg","22.682","°C","985.000","hPa","0.861","-0.02056","0.00035","-0.00011","0","14.7","Humid","28.35","0","65.20","250285.13","SABD0002000014","AAV2.0.0.13","4.0.0.2353","PSt7-10","000000-000","8/7/2024 3:37:09 PM","0000-00","0","no battery","V","215852","µV","96196","µV"
"08/11/2024","11:21:22","2","default","203499907","Sensor2","5.541","min","246.270","μmol/L","Humid","22.055","deg","92156","µV","18.718","°C","985.000","hPa","35.0","pmil","0","51.462","deg","22.621","°C","100.000","%a.s.","22.257","deg","22.682","°C","985.000","hPa","0.861","-0.02056","0.00035","-0.00011","0","14.7","Humid","28.35","0","65.20","250285.62","SABD0002000014","AAV2.0.0.13","4.0.0.2353","PSt7-10","000000-000","8/7/2024 3:37:09 PM","0000-00","0","no battery","V","215852","µV","96196","µV"
"08/11/2024","11:21:23","2","default","203499907","Sensor2","5.558","min","246.341","μmol/L","Humid","22.054","deg","92156","µV","18.711","°C","985.000","hPa","35.0","pmil","0","51.462","deg","22.621","°C","100.000","%a.s.","22.257","deg","22.682","°C","985.000","hPa","0.861","-0.02056","0.00035","-0.00011","0","14.7","Humid","28.35","0","65.20","250282.82","SABD0002000014","AAV2.0.0.13","4.0.0.2353","PSt7-10","000000-000","8/7/2024 3:37:09 PM","0000-00","0","no battery","V","215852","µV","96196","µV"
"08/11/2024","11:21:24","2","default","203499907","Sensor2","5.575","min","246.364","μmol/L","Humid","22.053","deg","92160","µV","18.711","°C","985.000","hPa","35.0","pmil","0","51.462","deg","22.621","°C","100.000","%a.s.","22.257","deg","22.682","°C","985.000","hPa","0.861","-0.02056","0.00035","-0.00011","0","14.7","Humid","28.35","0","65.20","250285.71","SABD0002000014","AAV2.0.0.13","4.0.0.2353","PSt7-10","000000-000","8/7/2024 3:37:09 PM","0000-00","0","no battery","V","215852","µV","96196","µV"
"08/11/2024","11:21:25","2","default","203499907","Sensor2","5.591","min","246.274","μmol/L","Humid","22.057","deg","92157","µV","18.711","°C","985.000","hPa","35.0","pmil","0","51.462","deg","22.621","°C","100.000","%a.s.","22.257","deg","22.682","°C","985.000","hPa","0.861","-0.02056","0.00035","-0.00011","0","14.7","Humid","28.35","0","65.20","250277.09","SABD0002000014","AAV2.0.0.13","4.0.0.2353","PSt7-10","000000-000","8/7/2024 3:37:09 PM","0000-00","0","no battery","V","215852","µV","96196","µV"
"08/11/2024","11:21:26","2","default","203499907","Sensor2","5.608","min","246.274","μmol/L","Humid","22.057","deg","92153","µV","18.711","°C","985.000","hPa","35.0","pmil","0","51.462","deg","22.621","°C","100.000","%a.s.","22.257","deg","22.682","°C","985.000","hPa","0.861","-0.02056","0.00035","-0.00011","0","14.7","Humid","28.35","0","65.20","250278.76","SABD0002000014","AAV2.0.0.13","4.0.0.2353","PSt7-10","000000-000","8/7/2024 3:37:09 PM","0000-00","0","no battery","V","215852","µV","96196","µV"
"08/11/2024","11:21:27","2","default","203499907","Sensor2","5.625","min","246.248","μmol/L","Humid","22.056","deg","92160","µV","18.718","°C","985.000","hPa","35.0","pmil","0","51.462","deg","22.621","°C","100.000","%a.s.","22.257","deg","22.682","°C","985.000","hPa","0.861","-0.02056","0.00035","-0.00011","0","14.7","Humid","28.35","0","65.20","250276.28","SABD0002000014","AAV2.0.0.13","4.0.0.2353","PSt7-10","000000-000","8/7/2024 3:37:09 PM","0000-00","0","no battery","V","215852","µV","96196","µV"
"08/11/2024","11:21:28","2","default","203499907","Sensor2","5.642","min","246.252","μmol/L","Humid","22.058","deg","92154","µV","18.711","°C","985.000","hPa","35.0","pmil","0","51.462","deg","22.621","°C","100.000","%a.s.","22.257","deg","22.682","°C","985.000","hPa","0.861","-0.02056","0.00035","-0.00011","0","14.7","Humid","28.35","0","65.20","250283.55","SABD0002000014","AAV2.0.0.13","4.0.0.2353","PSt7-10","000000-000","8/7/2024 3:37:09 PM","0000-00","0","no battery","V","215852","µV","96196","µV"
"08/11/2024","11:21:29","2","default","203499907","Sensor2","5.658","min","246.293","μmol/L","Humid","22.054","deg","92159","µV","18.718","°C","985.000","hPa","35.0","pmil","0","51.462","deg","22.621","°C","100.000","%a.s.","22.257","deg","22.682","°C","985.000","hPa","0.861","-0.02056","0.00035","-0.00011","0","14.7","Humid","28.35","0","65.20","250274.25","SABD0002000014","AAV2.0.0.13","4.0.0.2353","PSt7-10","000000-000","8/7/2024 3:37:09 PM","0000-00","0","no battery","V","215852","µV","96196","µV"
"08/11/2024","11:21:30","2","default","203499907","Sensor2","5.675","min","246.248","μmol/L","Humid","22.056","deg","92152","µV","18.718","°C","985.000","hPa","35.0","pmil","0","51.462","deg","22.621","°C","100.000","%a.s.","22.257","deg","22.682","°C","985.000","hPa","0.861","-0.02056","0.00035","-0.00011","0","14.7","Humid","28.35","0","65.20","250286.51","SABD0002000014","AAV2.0.0.13","4.0.0.2353","PSt7-10","000000-000","8/7/2024 3:37:09 PM","0000-00","0","no battery","V","215852","µV","96196","µV"
"08/11/2024","11:21:31","2","default","203499907","Sensor2","5.692","min","246.296","μmol/L","Humid","22.056","deg","92147","µV","18.711","°C","985.000","hPa","35.0","pmil","0","51.462","deg","22.621","°C","100.000","%a.s.","22.257","deg","22.682","°C","985.000","hPa","0.861","-0.02056","0.00035","-0.00011","0","14.7","Humid","28.35","0","65.20","250277.96","SABD0002000014","AAV2.0.0.13","4.0.0.2353","PSt7-10","000000-000","8/7/2024 3:37:09 PM","0000-00","0","no battery","V","215852","µV","96196","µV"
"08/11/2024","11:21:32","2","default","203499907","Sensor2","5.708","min","246.315","μmol/L","Humid","22.053","deg","92149","µV","18.718","°C","985.000","hPa","35.0","pmil","0","51.462","deg","22.621","°C","100.000","%a.s.","22.257","deg","22.682","°C","985.000","hPa","0.861","-0.02056","0.00035","-0.00011","0","14.7","Humid","28.35","0","65.20","250269.87","SABD0002000014","AAV2.0.0.13","4.0.0.2353","PSt7-10","000000-000","8/7/2024 3:37:09 PM","0000-00","0","no battery","V","215852","µV","96196","µV"
"08/11/2024","11:21:33","2","default","203499907","Sensor2","5.725","min","246.293","μmol/L","Humid","22.054","deg","92154","µV","18.718","°C","985.000","hPa","35.0","pmil","0","51.462","deg","22.621","°C","100.000","%a.s.","22.257","deg","22.682","°C","985.000","hPa","0.861","-0.02056","0.00035","-0.00011","0","14.7","Humid","28.35","0","65.20","250278.80","SABD0002000014","AAV2.0.0.13","4.0.0.2353","PSt7-10","000000-000","8/7/2024 3:37:09 PM","0000-00","0","no battery","V","215852","µV","96196","µV"
"08/11/2024","11:21:34","2","default","203499907","Sensor2","5.741","min","246.203","μmol/L","Humid","22.058","deg","92143","µV","18.718","°C","985.000","hPa","35.0","pmil","0","51.462","deg","22.621","°C","100.000","%a.s.","22.257","deg","22.682","°C","985.000","hPa","0.861","-0.02056","0.00035","-0.00011","0","14.7","Humid","28.35","0","65.20","250273.77","SABD0002000014","AAV2.0.0.13","4.0.0.2353","PSt7-10","000000-000","8/7/2024 3:37:09 PM","0000-00","0","no battery","V","215852","µV","96196","µV"
"08/11/2024","11:21:35","2","default","203499907","Sensor2","5.758","min","246.319","μmol/L","Humid","22.055","deg","92151","µV","18.711","°C","985.000","hPa","35.0","pmil","0","51.462","deg","22.621","°C","100.000","%a.s.","22.257","deg","22.682","°C","985.000","hPa","0.861","-0.02056","0.00035","-0.00011","0","14.7","Humid","28.35","0","65.20","250274.81","SABD0002000014","AAV2.0.0.13","4.0.0.2353","PSt7-10","000000-000","8/7/2024 3:37:09 PM","0000-00","0","no battery","V","215852","µV","96196","µV"
"08/11/2024","11:21:36","2","default","203499907","Sensor2","5.774","min","246.337","μmol/L","Humid","22.052","deg","92147","µV","18.718","°C","985.000","hPa","35.0","pmil","0","51.462","deg","22.621","°C","100.000","%a.s.","22.257","deg","22.682","°C","985.000","hPa","0.861","-0.02056","0.00035","-0.00011","0","14.7","Humid","28.35","0","65.20","250271.38","SABD0002000014","AAV2.0.0.13","4.0.0.2353","PSt7-10","000000-000","8/7/2024 3:37:09 PM","0000-00","0","no battery","V","215852","µV","96196","µV"
"08/11/2024","11:21:37","2","default","203499907","Sensor2","5.791","min","246.337","μmol/L","Humid","22.052","deg","92149","µV","18.718","°C","985.000","hPa","35.0","pmil","0","51.462","deg","22.621","°C","100.000","%a.s.","22.257","deg","22.682","°C","985.000","hPa","0.861","-0.02056","0.00035","-0.00011","0","14.7","Humid","28.35","0","65.20","250260.94","SABD0002000014","AAV2.0.0.13","4.0.0.2353","PSt7-10","000000-000","8/7/2024 3:37:09 PM","0000-00","0","no battery","V","215852","µV","96196","µV"
"08/11/2024","11:21:38","2","default","203499907","Sensor2","5.808","min","246.248","μmol/L","Humid","22.056","deg","92147","µV","18.718","°C","985.000","hPa","35.0","pmil","0","51.462","deg","22.621","°C","100.000","%a.s.","22.257","deg","22.682","°C","985.000","hPa","0.861","-0.02056","0.00035","-0.00011","0","14.7","Humid","28.35","0","65.20","250266.17","SABD0002000014","AAV2.0.0.13","4.0.0.2353","PSt7-10","000000-000","8/7/2024 3:37:09 PM","0000-00","0","no battery","V","215852","µV","96196","µV"
"08/11/2024","11:21:39","2","default","203499907","Sensor2","5.825","min","246.319","μmol/L","Humid","22.055","deg","92154","µV","18.711","°C","985.000","hPa","35.0","pmil","0","51.462","deg","22.621","°C","100.000","%a.s.","22.257","deg","22.682","°C","985.000","hPa","0.861","-0.02056","0.00035","-0.00011","0","14.7","Humid","28.35","0","65.20","250264.28","SABD0002000014","AAV2.0.0.13","4.0.0.2353","PSt7-10","000000-000","8/7/2024 3:37:09 PM","0000-00","0","no battery","V","215852","µV","96196","µV"
"08/11/2024","11:21:40","2","default","203499907","Sensor2","5.841","min","246.229","μmol/L","Humid","22.059","deg","92145","µV","18.711","°C","985.000","hPa","35.0","pmil","0","51.462","deg","22.621","°C","100.000","%a.s.","22.257","deg","22.682","°C","985.000","hPa","0.861","-0.02056","0.00035","-0.00011","0","14.7","Humid","28.35","0","65.20","250246.54","SABD0002000014","AAV2.0.0.13","4.0.0.2353","PSt7-10","000000-000","8/7/2024 3:37:09 PM","0000-00","0","no battery","V","215852","µV","96196","µV"
"08/11/2024","11:21:41","2","default","203499907","Sensor2","5.858","min","246.181","μmol/L","Humid","22.059","deg","92140","µV","18.718","°C","985.000","hPa","35.0","pmil","0","51.462","deg","22.621","°C","100.000","%a.s.","22.257","deg","22.682","°C","985.000","hPa","0.861","-0.02056","0.00035","-0.00011","0","14.7","Humid","28.35","0","65.20","250267.78","SABD0002000014","AAV2.0.0.13","4.0.0.2353","PSt7-10","000000-000","8/7/2024 3:37:09 PM","0000-00","0","no battery","V","215852","µV","96196","µV"
"08/11/2024","11:21:42","2","default","203499907","Sensor2","5.875","min","246.199","μmol/L","Humid","22.056","deg","92148","µV","18.724","°C","985.000","hPa","35.0","pmil","0","51.462","deg","22.621","°C","100.000","%a.s.","22.257","deg","22.682","°C","985.000","hPa","0.861","-0.02056","0.00035","-0.00011","0","14.7","Humid","28.35","0","65.20","250263.50","SABD0002000014","AAV2.0.0.13","4.0.0.2353","PSt7-10","000000-000","8/7/2024 3:37:09 PM","0000-00","0","no battery","V","215852","µV","96196","µV"
"08/11/2024","11:21:43","2","default","203499907","Sensor2","5.892","min","246.345","μmol/L","Humid","22.056","deg","92152","µV","18.705","°C","985.000","hPa","35.0","pmil","0","51.462","deg","22.621","°C","100.000","%a.s.","22.257","deg","22.682","°C","985.000","hPa","0.861","-0.02056","0.00035","-0.00011","0","14.7","Humid","28.35","0","65.20","250246.26","SABD0002000014","AAV2.0.0.13","4.0.0.2353","PSt7-10","000000-000","8/7/2024 3:37:09 PM","0000-00","0","no battery","V","215852","µV","96196","µV"
"08/11/2024","11:21:44","2","default","203499907","Sensor2","5.908","min","246.274","μmol/L","Humid","22.057","deg","92141","µV","18.711","°C","985.000","hPa","35.0","pmil","0","51.462","deg","22.621","°C","100.000","%a.s.","22.257","deg","22.682","°C","985.000","hPa","0.861","-0.02056","0.00035","-0.00011","0","14.7","Humid","28.35","0","65.20","250253.76","SABD0002000014","AAV2.0.0.13","4.0.0.2353","PSt7-10","000000-000","8/7/2024 3:37:09 PM","0000-00","0","no battery","V","215852","µV","96196","µV"
"08/11/2024","11:21:45","2","default","203499907","Sensor2","5.925","min","246.248","μmol/L","Humid","22.056","deg","92141","µV","18.718","°C","985.000","hPa","35.0","pmil","0","51.462","deg","22.621","°C","100.000","%a.s.","22.257","deg","22.682","°C","985.000","hPa","0.861","-0.02056","0.00035","-0.00011","0","14.7","Humid","28.35","0","65.20","250246.20","SABD0002000014","AAV2.0.0.13","4.0.0.2353","PSt7-10","000000-000","8/7/2024 3:37:09 PM","0000-00","0","no battery","V","215852","µV","96196","µV"
"08/11/2024","11:21:46","2","default","203499907","Sensor2","5.942","min","246.274","μmol/L","Humid","22.057","deg","92144","µV","18.711","°C","985.000","hPa","35.0","pmil","0","51.462","deg","22.621","°C","100.000","%a.s.","22.257","deg","22.682","°C","985.000","hPa","0.861","-0.02056","0.00035","-0.00011","0","14.7","Humid","28.35","0","65.20","250252.90","SABD0002000014","AAV2.0.0.13","4.0.0.2353","PSt7-10","000000-000","8/7/2024 3:37:09 PM","0000-00","0","no battery","V","215852","µV","96196","µV"
"08/11/2024","11:21:47","2","default","203499907","Sensor2","5.958","min","246.226","μmol/L","Humid","22.057","deg","92144","µV","18.718","°C","985.000","hPa","35.0","pmil","0","51.462","deg","22.621","°C","100.000","%a.s.","22.257","deg","22.682","°C","985.000","hPa","0.861","-0.02056","0.00035","-0.00011","0","14.7","Humid","28.35","0","65.20","250248.52","SABD0002000014","AAV2.0.0.13","4.0.0.2353","PSt7-10","000000-000","8/7/2024 3:37:09 PM","0000-00","0","no battery","V","215852","µV","96196","µV"
"08/11/2024","11:21:48","2","default","203499907","Sensor2","5.975","min","246.226","μmol/L","Humid","22.057","deg","92141","µV","18.718","°C","985.000","hPa","35.0","pmil","0","51.462","deg","22.621","°C","100.000","%a.s.","22.257","deg","22.682","°C","985.000","hPa","0.861","-0.02056","0.00035","-0.00011","0","14.7","Humid","28.35","0","65.20","250238.88","SABD0002000014","AAV2.0.0.13","4.0.0.2353","PSt7-10","000000-000","8/7/2024 3:37:09 PM","0000-00","0","no battery","V","215852","µV","96196","µV"
"08/11/2024","11:21:49","2","default","203499907","Sensor2","5.991","min","246.274","μmol/L","Humid","22.057","deg","92142","µV","18.711","°C","985.000","hPa","35.0","pmil","0","51.462","deg","22.621","°C","100.000","%a.s.","22.257","deg","22.682","°C","985.000","hPa","0.861","-0.02056","0.00035","-0.00011","0","14.7","Humid","28.35","0","65.20","250248.36","SABD0002000014","AAV2.0.0.13","4.0.0.2353","PSt7-10","000000-000","8/7/2024 3:37:09 PM","0000-00","0","no battery","V","215852","µV","96196","µV"
"08/11/2024","11:21:50","2","default","203499907","Sensor2","6.008","min","246.296","μmol/L","Humid","22.056","deg","92141","µV","18.711","°C","985.000","hPa","35.0","pmil","0","51.462","deg","22.621","°C","100.000","%a.s.","22.257","deg","22.682","°C","985.000","hPa","0.861","-0.02056","0.00035","-0.00011","0","14.7","Humid","28.35","0","65.20","250235.93","SABD0002000014","AAV2.0.0.13","4.0.0.2353","PSt7-10","000000-000","8/7/2024 3:37:09 PM","0000-00","0","no battery","V","215852","µV","96196","µV"
"08/11/2024","11:21:51","2","default","203499907","Sensor2","6.024","min","246.274","μmol/L","Humid","22.057","deg","92139","µV","18.711","°C","985.000","hPa","35.0","pmil","0","51.462","deg","22.621","°C","100.000","%a.s.","22.257","deg","22.682","°C","985.000","hPa","0.861","-0.02056","0.00035","-0.00011","0","14.7","Humid","28.35","0","65.20","250237.71","SABD0002000014","AAV2.0.0.13","4.0.0.2353","PSt7-10","000000-000","8/7/2024 3:37:09 PM","0000-00","0","no battery","V","215852","µV","96196","µV"
"08/11/2024","11:21:52","2","default","203499907","Sensor2","6.041","min","246.155","μmol/L","Humid","22.058","deg","92150","µV","18.724","°C","985.000","hPa","35.0","pmil","0","51.462","deg","22.621","°C","100.000","%a.s.","22.257","deg","22.682","°C","985.000","hPa","0.861","-0.02056","0.00035","-0.00011","0","14.7","Humid","28.35","0","65.20","250242.27","SABD0002000014","AAV2.0.0.13","4.0.0.2353","PSt7-10","000000-000","8/7/2024 3:37:09 PM","0000-00","0","no battery","V","215852","µV","96196","µV"
"08/11/2024","11:21:53","2","default","203499907","Sensor2","6.058","min","246.248","μmol/L","Humid","22.056","deg","92144","µV","18.718","°C","985.000","hPa","35.0","pmil","0","51.462","deg","22.621","°C","100.000","%a.s.","22.257","deg","22.682","°C","985.000","hPa","0.861","-0.02056","0.00035","-0.00011","0","14.7","Humid","28.35","0","65.20","250244.33","SABD0002000014","AAV2.0.0.13","4.0.0.2353","PSt7-10","000000-000","8/7/2024 3:37:09 PM","0000-00","0","no battery","V","215852","µV","96196","µV"
"08/11/2024","11:21:54","2","default","203499907","Sensor2","6.075","min","246.364","μmol/L","Humid","22.053","deg","92147","µV","18.711","°C","985.000","hPa","35.0","pmil","0","51.462","deg","22.621","°C","100.000","%a.s.","22.257","deg","22.682","°C","985.000","hPa","0.861","-0.02056","0.00035","-0.00011","0","14.7","Humid","28.35","0","65.20","250249.27","SABD0002000014","AAV2.0.0.13","4.0.0.2353","PSt7-10","000000-000","8/7/2024 3:37:09 PM","0000-00","0","no battery","V","215852","µV","96196","µV"
"08/11/2024","11:21:55","2","default","203499907","Sensor2","6.091","min","246.319","μmol/L","Humid","22.055","deg","92144","µV","18.711","°C","985.000","hPa","35.0","pmil","0","51.462","deg","22.621","°C","100.000","%a.s.","22.257","deg","22.682","°C","985.000","hPa","0.861","-0.02056","0.00035","-0.00011","0","14.7","Humid","28.35","0","65.20","250238.88","SABD0002000014","AAV2.0.0.13","4.0.0.2353","PSt7-10","000000-000","8/7/2024 3:37:09 PM","0000-00","0","no battery","V","215852","µV","96196","µV"
"08/11/2024","11:21:56","2","default","203499907","Sensor2","6.108","min","246.248","μmol/L","Humid","22.056","deg","92144","µV","18.718","°C","985.000","hPa","35.0","pmil","0","51.462","deg","22.621","°C","100.000","%a.s.","22.257","deg","22.682","°C","985.000","hPa","0.861","-0.02056","0.00035","-0.00011","0","14.7","Humid","28.35","0","65.20","250244.09","SABD0002000014","AAV2.0.0.13","4.0.0.2353","PSt7-10","000000-000","8/7/2024 3:37:09 PM","0000-00","0","no battery","V","215852","µV","96196","µV"
"08/11/2024","11:21:57","2","default","203499907","Sensor2","6.125","min","246.233","μmol/L","Humid","22.061","deg","92139","µV","18.705","°C","985.000","hPa","35.0","pmil","0","51.462","deg","22.621","°C","100.000","%a.s.","22.257","deg","22.682","°C","985.000","hPa","0.861","-0.02056","0.00035","-0.00011","0","14.7","Humid","28.35","0","65.20","250248.40","SABD0002000014","AAV2.0.0.13","4.0.0.2353","PSt7-10","000000-000","8/7/2024 3:37:09 PM","0000-00","0","no battery","V","215852","µV","96196","µV"
"08/11/2024","11:21:58","2","default","203499907","Sensor2","6.142","min","246.229","μmol/L","Humid","22.059","deg","92138","µV","18.711","°C","985.000","hPa","35.0","pmil","0","51.462","deg","22.621","°C","100.000","%a.s.","22.257","deg","22.682","°C","985.000","hPa","0.861","-0.02056","0.00035","-0.00011","0","14.7","Humid","28.35","0","65.20","250244.58","SABD0002000014","AAV2.0.0.13","4.0.0.2353","PSt7-10","000000-000","8/7/2024 3:37:09 PM","0000-00","0","no battery","V","215852","µV","96196","µV"
"08/11/2024","11:21:59","2","default","203499907","Sensor2","6.158","min","246.274","μmol/L","Humid","22.057","deg","92133","µV","18.711","°C","985.000","hPa","35.0","pmil","0","51.462","deg","22.621","°C","100.000","%a.s.","22.257","deg","22.682","°C","985.000","hPa","0.861","-0.02056","0.00035","-0.00011","0","14.7","Humid","28.35","0","65.20","250224.13","SABD0002000014","AAV2.0.0.13","4.0.0.2353","PSt7-10","000000-000","8/7/2024 3:37:09 PM","0000-00","0","no battery","V","215852","µV","96196","µV"
"08/11/2024","11:22:00","2","default","203499907","Sensor2","6.175","min","246.341","μmol/L","Humid","22.054","deg","92138","µV","18.711","°C","985.000","hPa","35.0","pmil","0","51.462","deg","22.621","°C","100.000","%a.s.","22.257","deg","22.682","°C","985.000","hPa","0.861","-0.02056","0.00035","-0.00011","0","14.7","Humid","28.35","0","65.20","250238.46","SABD0002000014","AAV2.0.0.13","4.0.0.2353","PSt7-10","000000-000","8/7/2024 3:37:09 PM","0000-00","0","no battery","V","215852","µV","96196","µV"
"08/11/2024","11:22:01","2","default","203499907","Sensor2","6.191","min","246.270","μmol/L","Humid","22.055","deg","92135","µV","18.718","°C","985.000","hPa","35.0","pmil","0","51.462","deg","22.621","°C","100.000","%a.s.","22.257","deg","22.682","°C","985.000","hPa","0.861","-0.02056","0.00035","-0.00011","0","14.7","Humid","28.35","0","65.20","250230.21","SABD0002000014","AAV2.0.0.13","4.0.0.2353","PSt7-10","000000-000","8/7/2024 3:37:09 PM","0000-00","0","no battery","V","215852","µV","96196","µV"
"08/11/2024","11:22:02","2","default","203499907","Sensor2","6.208","min","246.300","μmol/L","Humid","22.058","deg","92145","µV","18.705","°C","985.000","hPa","35.0","pmil","0","51.462","deg","22.621","°C","100.000","%a.s.","22.257","deg","22.682","°C","985.000","hPa","0.861","-0.02056","0.00035","-0.00011","0","14.7","Humid","28.35","0","65.20","250231.57","SABD0002000014","AAV2.0.0.13","4.0.0.2353","PSt7-10","000000-000","8/7/2024 3:37:09 PM","0000-00","0","no battery","V","215852","µV","96196","µV"
"08/11/2024","11:22:03","2","default","203499907","Sensor2","6.224","min","246.140","μmol/L","Humid","22.063","deg","92137","µV","18.711","°C","985.000","hPa","35.0","pmil","0","51.462","deg","22.621","°C","100.000","%a.s.","22.257","deg","22.682","°C","985.000","hPa","0.861","-0.02056","0.00035","-0.00011","0","14.7","Humid","28.35","0","65.20","250229.03","SABD0002000014","AAV2.0.0.13","4.0.0.2353","PSt7-10","000000-000","8/7/2024 3:37:09 PM","0000-00","0","no battery","V","215852","µV","96196","µV"
"08/11/2024","11:22:04","2","default","203499907","Sensor2","6.241","min","246.270","μmol/L","Humid","22.055","deg","92138","µV","18.718","°C","985.000","hPa","35.0","pmil","0","51.462","deg","22.621","°C","100.000","%a.s.","22.257","deg","22.682","°C","985.000","hPa","0.861","-0.02056","0.00035","-0.00011","0","14.7","Humid","28.35","0","65.20","250226.75","SABD0002000014","AAV2.0.0.13","4.0.0.2353","PSt7-10","000000-000","8/7/2024 3:37:09 PM","0000-00","0","no battery","V","215852","µV","96196","µV"
"08/11/2024","11:22:05","2","default","203499907","Sensor2","6.258","min","246.390","μmol/L","Humid","22.054","deg","92131","µV","18.705","°C","985.000","hPa","35.0","pmil","0","51.462","deg","22.621","°C","100.000","%a.s.","22.257","deg","22.682","°C","985.000","hPa","0.861","-0.02056","0.00035","-0.00011","0","14.7","Humid","28.35","0","65.20","250228.11","SABD0002000014","AAV2.0.0.13","4.0.0.2353","PSt7-10","000000-000","8/7/2024 3:37:09 PM","0000-00","0","no battery","V","215852","µV","96196","µV"
"08/11/2024","11:22:06","2","default","203499907","Sensor2","6.275","min","246.229","μmol/L","Humid","22.059","deg","92129","µV","18.711","°C","985.000","hPa","35.0","pmil","0","51.462","deg","22.621","°C","100.000","%a.s.","22.257","deg","22.682","°C","985.000","hPa","0.861","-0.02056","0.00035","-0.00011","0","14.7","Humid","28.35","0","65.20","250227.61","SABD0002000014","AAV2.0.0.13","4.0.0.2353","PSt7-10","000000-000","8/7/2024 3:37:09 PM","0000-00","0","no battery","V","215852","µV","96196","µV"
"08/11/2024","11:22:07","2","default","203499907","Sensor2","6.291","min","246.296","μmol/L","Humid","22.056","deg","92127","µV","18.711","°C","985.000","hPa","35.0","pmil","0","51.462","deg","22.621","°C","100.000","%a.s.","22.257","deg","22.682","°C","985.000","hPa","0.861","-0.02056","0.00035","-0.00011","0","14.7","Humid","28.35","0","65.20","250210.59","SABD0002000014","AAV2.0.0.13","4.0.0.2353","PSt7-10","000000-000","8/7/2024 3:37:09 PM","0000-00","0","no battery","V","215852","µV","96196","µV"
"08/11/2024","11:22:08","2","default","203499907","Sensor2","6.308","min","246.252","μmol/L","Humid","22.058","deg","92125","µV","18.711","°C","985.000","hPa","35.0","pmil","0","51.462","deg","22.621","°C","100.000","%a.s.","22.257","deg","22.682","°C","985.000","hPa","0.861","-0.02056","0.00035","-0.00011","0","14.7","Humid","28.35","0","65.20","250216.41","SABD0002000014","AAV2.0.0.13","4.0.0.2353","PSt7-10","000000-000","8/7/2024 3:37:09 PM","0000-00","0","no battery","V","215852","µV","96196","µV"
"08/11/2024","11:22:09","2","default","203499907","Sensor2","6.325","min","246.274","μmol/L","Humid","22.057","deg","92132","µV","18.711","°C","985.000","hPa","35.0","pmil","0","51.462","deg","22.621","°C","100.000","%a.s.","22.257","deg","22.682","°C","985.000","hPa","0.861","-0.02056","0.00035","-0.00011","0","14.7","Humid","28.35","0","65.20","250210.30","SABD0002000014","AAV2.0.0.13","4.0.0.2353","PSt7-10","000000-000","8/7/2024 3:37:09 PM","0000-00","0","no battery","V","215852","µV","96196","µV"
"08/11/2024","11:22:10","2","default","203499907","Sensor2","6.342","min","246.274","μmol/L","Humid","22.057","deg","92126","µV","18.711","°C","985.000","hPa","35.0","pmil","0","51.462","deg","22.621","°C","100.000","%a.s.","22.257","deg","22.682","°C","985.000","hPa","0.861","-0.02056","0.00035","-0.00011","0","14.7","Humid","28.35","0","65.20","250226.76","SABD0002000014","AAV2.0.0.13","4.0.0.2353","PSt7-10","000000-000","8/7/2024 3:37:09 PM","0000-00","0","no battery","V","215852","µV","96196","µV"
"08/11/2024","11:22:11","2","default","203499907","Sensor2","6.358","min","246.296","μmol/L","Humid","22.056","deg","92127","µV","18.711","°C","985.000","hPa","35.0","pmil","0","51.462","deg","22.621","°C","100.000","%a.s.","22.257","deg","22.682","°C","985.000","hPa","0.861","-0.02056","0.00035","-0.00011","0","14.7","Humid","28.35","0","65.20","250215.23","SABD0002000014","AAV2.0.0.13","4.0.0.2353","PSt7-10","000000-000","8/7/2024 3:37:09 PM","0000-00","0","no battery","V","215852","µV","96196","µV"
"08/11/2024","11:22:12","2","default","203499907","Sensor2","6.374","min","246.226","μmol/L","Humid","22.057","deg","92121","µV","18.718","°C","985.000","hPa","35.0","pmil","0","51.462","deg","22.621","°C","100.000","%a.s.","22.257","deg","22.682","°C","985.000","hPa","0.861","-0.02056","0.00035","-0.00011","0","14.7","Humid","28.35","0","65.20","250221.60","SABD0002000014","AAV2.0.0.13","4.0.0.2353","PSt7-10","000000-000","8/7/2024 3:37:09 PM","0000-00","0","no battery","V","215852","µV","96196","µV"
"08/11/2024","11:22:13","2","default","203499907","Sensor2","6.391","min","246.315","μmol/L","Humid","22.053","deg","92127","µV","18.718","°C","985.000","hPa","35.0","pmil","0","51.462","deg","22.621","°C","100.000","%a.s.","22.257","deg","22.682","°C","985.000","hPa","0.861","-0.02056","0.00035","-0.00011","0","14.7","Humid","28.35","0","65.20","250203.73","SABD0002000014","AAV2.0.0.13","4.0.0.2353","PSt7-10","000000-000","8/7/2024 3:37:09 PM","0000-00","0","no battery","V","215852","µV","96196","µV"
"08/11/2024","11:22:14","2","default","203499907","Sensor2","6.408","min","246.322","μmol/L","Humid","22.057","deg","92130","µV","18.705","°C","985.000","hPa","35.0","pmil","0","51.462","deg","22.621","°C","100.000","%a.s.","22.257","deg","22.682","°C","985.000","hPa","0.861","-0.02056","0.00035","-0.00011","0","14.7","Humid","28.35","0","65.20","250228.57","SABD0002000014","AAV2.0.0.13","4.0.0.2353","PSt7-10","000000-000","8/7/2024 3:37:09 PM","0000-00","0","no battery","V","215852","µV","96196","µV"
"08/11/2024","11:22:15","2","default","203499907","Sensor2","6.425","min","246.162","μmol/L","Humid","22.062","deg","92128","µV","18.711","°C","985.000","hPa","35.0","pmil","0","51.462","deg","22.621","°C","100.000","%a.s.","22.257","deg","22.682","°C","985.000","hPa","0.861","-0.02056","0.00035","-0.00011","0","14.7","Humid","28.35","0","65.20","250215.29","SABD0002000014","AAV2.0.0.13","4.0.0.2353","PSt7-10","000000-000","8/7/2024 3:37:09 PM","0000-00","0","no battery","V","215852","µV","96196","µV"
"08/11/2024","11:22:16","2","default","203499907","Sensor2","6.441","min","246.229","μmol/L","Humid","22.059","deg","92123","µV","18.711","°C","985.000","hPa","35.0","pmil","0","51.462","deg","22.621","°C","100.000","%a.s.","22.257","deg","22.682","°C","985.000","hPa","0.861","-0.02056","0.00035","-0.00011","0","14.7","Humid","28.35","0","65.20","250208.21","SABD0002000014","AAV2.0.0.13","4.0.0.2353","PSt7-10","000000-000","8/7/2024 3:37:09 PM","0000-00","0","no battery","V","215852","µV","96196","µV"
"08/11/2024","11:22:17","2","default","203499907","Sensor2","6.458","min","246.233","μmol/L","Humid","22.061","deg","92126","µV","18.705","°C","985.000","hPa","35.0","pmil","0","51.462","deg","22.621","°C","100.000","%a.s.","22.257","deg","22.682","°C","985.000","hPa","0.861","-0.02056","0.00035","-0.00011","0","14.7","Humid","28.35","0","65.20","250206.22","SABD0002000014","AAV2.0.0.13","4.0.0.2353","PSt7-10","000000-000","8/7/2024 3:37:09 PM","0000-00","0","no battery","V","215852","µV","96196","µV"
"08/11/2024","11:22:18","2","default","203499907","Sensor2","6.475","min","246.293","μmol/L","Humid","22.054","deg","92124","µV","18.718","°C","985.000","hPa","35.0","pmil","0","51.462","deg","22.621","°C","100.000","%a.s.","22.257","deg","22.682","°C","985.000","hPa","0.861","-0.02056","0.00035","-0.00011","0","14.7","Humid","28.35","0","65.20","250211.00","SABD0002000014","AAV2.0.0.13","4.0.0.2353","PSt7-10","000000-000","8/7/2024 3:37:09 PM","0000-00","0","no battery","V","215852","µV","96196","µV"
"08/11/2024","11:22:19","2","default","203499907","Sensor2","6.492","min","246.252","μmol/L","Humid","22.058","deg","92124","µV","18.711","°C","985.000","hPa","35.0","pmil","0","51.462","deg","22.621","°C","100.000","%a.s.","22.257","deg","22.682","°C","985.000","hPa","0.861","-0.02056","0.00035","-0.00011","0","14.7","Humid","28.35","0","65.20","250202.38","SABD0002000014","AAV2.0.0.13","4.0.0.2353","PSt7-10","000000-000","8/7/2024 3:37:09 PM","0000-00","0","no battery","V","215852","µV","96196","µV"
"08/11/2024","11:22:20","2","default","203499907","Sensor2","6.508","min","246.341","μmol/L","Humid","22.054","deg","92123","µV","18.711","°C","985.000","hPa","35.0","pmil","0","51.462","deg","22.621","°C","100.000","%a.s.","22.257","deg","22.682","°C","985.000","hPa","0.861","-0.02056","0.00035","-0.00011","0","14.7","Humid","28.35","0","65.20","250212.79","SABD0002000014","AAV2.0.0.13","4.0.0.2353","PSt7-10","000000-000","8/7/2024 3:37:09 PM","0000-00","0","no battery","V","215852","µV","96196","µV"
"08/11/2024","11:22:21","2","default","203499907","Sensor2","6.525","min","246.296","μmol/L","Humid","22.056","deg","92122","µV","18.711","°C","985.000","hPa","35.0","pmil","0","51.462","deg","22.621","°C","100.000","%a.s.","22.257","deg","22.682","°C","985.000","hPa","0.861","-0.02056","0.00035","-0.00011","0","14.7","Humid","28.35","0","65.20","250222.14","SABD0002000014","AAV2.0.0.13","4.0.0.2353","PSt7-10","000000-000","8/7/2024 3:37:09 PM","0000-00","0","no battery","V","215852","µV","96196","µV"
"08/11/2024","11:22:22","2","default","203499907","Sensor2","6.541","min","246.199","μmol/L","Humid","22.056","deg","92125","µV","18.724","°C","985.000","hPa","35.0","pmil","0","51.462","deg","22.621","°C","100.000","%a.s.","22.257","deg","22.682","°C","985.000","hPa","0.861","-0.02056","0.00035","-0.00011","0","14.7","Humid","28.35","0","65.20","250210.25","SABD0002000014","AAV2.0.0.13","4.0.0.2353","PSt7-10","000000-000","8/7/2024 3:37:09 PM","0000-00","0","no battery","V","215852","µV","96196","µV"
"08/11/2024","11:22:23","2","default","203499907","Sensor2","6.558","min","246.229","μmol/L","Humid","22.059","deg","92124","µV","18.711","°C","985.000","hPa","35.0","pmil","0","51.462","deg","22.621","°C","100.000","%a.s.","22.257","deg","22.682","°C","985.000","hPa","0.861","-0.02056","0.00035","-0.00011","0","14.7","Humid","28.35","0","65.20","250222.17","SABD0002000014","AAV2.0.0.13","4.0.0.2353","PSt7-10","000000-000","8/7/2024 3:37:09 PM","0000-00","0","no battery","V","215852","µV","96196","µV"
"08/11/2024","11:22:24","2","default","203499907","Sensor2","6.574","min","246.319","μmol/L","Humid","22.055","deg","92128","µV","18.711","°C","985.000","hPa","35.0","pmil","0","51.462","deg","22.621","°C","100.000","%a.s.","22.257","deg","22.682","°C","985.000","hPa","0.861","-0.02056","0.00035","-0.00011","0","14.7","Humid","28.35","0","65.20","250215.77","SABD0002000014","AAV2.0.0.13","4.0.0.2353","PSt7-10","000000-000","8/7/2024 3:37:09 PM","0000-00","0","no battery","V","215852","µV","96196","µV"
"08/11/2024","11:22:25","2","default","203499907","Sensor2","6.591","min","246.248","μmol/L","Humid","22.056","deg","92121","µV","18.718","°C","985.000","hPa","35.0","pmil","0","51.462","deg","22.621","°C","100.000","%a.s.","22.257","deg","22.682","°C","985.000","hPa","0.861","-0.02056","0.00035","-0.00011","0","14.7","Humid","28.35","0","65.20","250218.75","SABD0002000014","AAV2.0.0.13","4.0.0.2353","PSt7-10","000000-000","8/7/2024 3:37:09 PM","0000-00","0","no battery","V","215852","µV","96196","µV"
"08/11/2024","11:22:26","2","default","203499907","Sensor2","6.608","min","246.371","μmol/L","Humid","22.057","deg","92121","µV","18.699","°C","985.000","hPa","35.0","pmil","0","51.462","deg","22.621","°C","100.000","%a.s.","22.257","deg","22.682","°C","985.000","hPa","0.861","-0.02056","0.00035","-0.00011","0","14.7","Humid","28.35","0","65.20","250204.57","SABD0002000014","AAV2.0.0.13","4.0.0.2353","PSt7-10","000000-000","8/7/2024 3:37:09 PM","0000-00","0","no battery","V","215852","µV","96196","µV"
"08/11/2024","11:22:27","2","default","203499907","Sensor2","6.625","min","246.229","μmol/L","Humid","22.059","deg","92119","µV","18.711","°C","985.000","hPa","35.0","pmil","0","51.462","deg","22.621","°C","100.000","%a.s.","22.257","deg","22.682","°C","985.000","hPa","0.861","-0.02056","0.00035","-0.00011","0","14.7","Humid","28.35","0","65.20","250205.34","SABD0002000014","AAV2.0.0.13","4.0.0.2353","PSt7-10","000000-000","8/7/2024 3:37:09 PM","0000-00","0","no battery","V","215852","µV","96196","µV"
"08/11/2024","11:22:28","2","default","203499907","Sensor2","6.641","min","246.207","μmol/L","Humid","22.060","deg","92111","µV","18.711","°C","985.000","hPa","35.0","pmil","0","51.462","deg","22.621","°C","100.000","%a.s.","22.257","deg","22.682","°C","985.000","hPa","0.861","-0.02056","0.00035","-0.00011","0","14.7","Humid","28.35","0","65.20","250197.21","SABD0002000014","AAV2.0.0.13","4.0.0.2353","PSt7-10","000000-000","8/7/2024 3:37:09 PM","0000-00","0","no battery","V","215852","µV","96196","µV"
"08/11/2024","11:22:29","2","default","203499907","Sensor2","6.658","min","246.229","μmol/L","Humid","22.059","deg","92111","µV","18.711","°C","985.000","hPa","35.0","pmil","0","51.462","deg","22.621","°C","100.000","%a.s.","22.257","deg","22.682","°C","985.000","hPa","0.861","-0.02056","0.00035","-0.00011","0","14.7","Humid","28.35","0","65.20","250202.08","SABD0002000014","AAV2.0.0.13","4.0.0.2353","PSt7-10","000000-000","8/7/2024 3:37:09 PM","0000-00","0","no battery","V","215852","µV","96196","µV"
"08/11/2024","11:22:30","2","default","203499907","Sensor2","6.675","min","246.162","μmol/L","Humid","22.062","deg","92118","µV","18.711","°C","985.000","hPa","35.0","pmil","0","51.462","deg","22.621","°C","100.000","%a.s.","22.257","deg","22.682","°C","985.000","hPa","0.861","-0.02056","0.00035","-0.00011","0","14.7","Humid","28.35","0","65.20","250202.28","SABD0002000014","AAV2.0.0.13","4.0.0.2353","PSt7-10","000000-000","8/7/2024 3:37:09 PM","0000-00","0","no battery","V","215852","µV","96196","µV"
"08/11/2024","11:22:31","2","default","203499907","Sensor2","6.691","min","246.255","μmol/L","Humid","22.060","deg","92116","µV","18.705","°C","985.000","hPa","35.0","pmil","0","51.462","deg","22.621","°C","100.000","%a.s.","22.257","deg","22.682","°C","985.000","hPa","0.861","-0.02056","0.00035","-0.00011","0","14.7","Humid","28.35","0","65.20","250185.47","SABD0002000014","AAV2.0.0.13","4.0.0.2353","PSt7-10","000000-000","8/7/2024 3:37:09 PM","0000-00","0","no battery","V","215852","µV","96196","µV"
"08/11/2024","11:22:32","2","default","203499907","Sensor2","6.708","min","246.274","μmol/L","Humid","22.057","deg","92115","µV","18.711","°C","985.000","hPa","35.0","pmil","0","51.462","deg","22.621","°C","100.000","%a.s.","22.257","deg","22.682","°C","985.000","hPa","0.861","-0.02056","0.00035","-0.00011","0","14.7","Humid","28.35","0","65.20","250196.76","SABD0002000014","AAV2.0.0.13","4.0.0.2353","PSt7-10","000000-000","8/7/2024 3:37:09 PM","0000-00","0","no battery","V","215852","µV","96196","µV"
"08/11/2024","11:22:33","2","default","203499907","Sensor2","6.725","min","246.300","μmol/L","Humid","22.058","deg","92115","µV","18.705","°C","985.000","hPa","35.0","pmil","0","51.462","deg","22.621","°C","100.000","%a.s.","22.257","deg","22.682","°C","985.000","hPa","0.861","-0.02056","0.00035","-0.00011","0","14.7","Humid","28.35","0","65.20","250201.30","SABD0002000014","AAV2.0.0.13","4.0.0.2353","PSt7-10","000000-000","8/7/2024 3:37:09 PM","0000-00","0","no battery","V","215852","µV","96196","µV"
"08/11/2024","11:22:34","2","default","203499907","Sensor2","6.742","min","246.326","μmol/L","Humid","22.059","deg","92104","µV","18.699","°C","985.000","hPa","35.0","pmil","0","51.462","deg","22.621","°C","100.000","%a.s.","22.257","deg","22.682","°C","985.000","hPa","0.861","-0.02056","0.00035","-0.00011","0","14.7","Humid","28.35","0","65.20","250198.69","SABD0002000014","AAV2.0.0.13","4.0.0.2353","PSt7-10","000000-000","8/7/2024 3:37:09 PM","0000-00","0","no battery","V","215852","µV","96196","µV"
"08/11/2024","11:22:35","2","default","203499907","Sensor2","6.758","min","246.319","μmol/L","Humid","22.055","deg","92112","µV","18.711","°C","985.000","hPa","35.0","pmil","0","51.462","deg","22.621","°C","100.000","%a.s.","22.257","deg","22.682","°C","985.000","hPa","0.861","-0.02056","0.00035","-0.00011","0","14.7","Humid","28.35","0","65.20","250195.93","SABD0002000014","AAV2.0.0.13","4.0.0.2353","PSt7-10","000000-000","8/7/2024 3:37:09 PM","0000-00","0","no battery","V","215852","µV","96196","µV"
"08/11/2024","11:22:36","2","default","203499907","Sensor2","6.775","min","246.203","μmol/L","Humid","22.058","deg","92111","µV","18.718","°C","985.000","hPa","35.0","pmil","0","51.462","deg","22.621","°C","100.000","%a.s.","22.257","deg","22.682","°C","985.000","hPa","0.861","-0.02056","0.00035","-0.00011","0","14.7","Humid","28.35","0","65.20","250195.41","SABD0002000014","AAV2.0.0.13","4.0.0.2353","PSt7-10","000000-000","8/7/2024 3:37:09 PM","0000-00","0","no battery","V","215852","µV","96196","µV"
"08/11/2024","11:22:37","2","default","203499907","Sensor2","6.792","min","246.322","μmol/L","Humid","22.057","deg","92107","µV","18.705","°C","985.000","hPa","35.0","pmil","0","51.462","deg","22.621","°C","100.000","%a.s.","22.257","deg","22.682","°C","985.000","hPa","0.861","-0.02056","0.00035","-0.00011","0","14.7","Humid","28.35","0","65.20","250194.16","SABD0002000014","AAV2.0.0.13","4.0.0.2353","PSt7-10","000000-000","8/7/2024 3:37:09 PM","0000-00","0","no battery","V","215852","µV","96196","µV"
"08/11/2024","11:22:38","2","default","203499907","Sensor2","6.808","min","246.319","μmol/L","Humid","22.055","deg","92111","µV","18.711","°C","985.000","hPa","35.0","pmil","0","51.462","deg","22.621","°C","100.000","%a.s.","22.257","deg","22.682","°C","985.000","hPa","0.861","-0.02056","0.00035","-0.00011","0","14.7","Humid","28.35","0","65.20","250196.54","SABD0002000014","AAV2.0.0.13","4.0.0.2353","PSt7-10","000000-000","8/7/2024 3:37:09 PM","0000-00","0","no battery","V","215852","µV","96196","µV"
"08/11/2024","11:22:39","2","default","203499907","Sensor2","6.825","min","246.252","μmol/L","Humid","22.058","deg","92111","µV","18.711","°C","985.000","hPa","35.0","pmil","0","51.462","deg","22.621","°C","100.000","%a.s.","22.257","deg","22.682","°C","985.000","hPa","0.861","-0.02056","0.00035","-0.00011","0","14.7","Humid","28.35","0","65.20","250196.83","SABD0002000014","AAV2.0.0.13","4.0.0.2353","PSt7-10","000000-000","8/7/2024 3:37:09 PM","0000-00","0","no battery","V","215852","µV","96196","µV"
"08/11/2024","11:22:40","2","default","203499907","Sensor2","6.842","min","246.278","μmol/L","Humid","22.059","deg","92113","µV","18.705","°C","985.000","hPa","35.0","pmil","0","51.462","deg","22.621","°C","100.000","%a.s.","22.257","deg","22.682","°C","985.000","hPa","0.861","-0.02056","0.00035","-0.00011","0","14.7","Humid","28.35","0","65.20","250193.98","SABD0002000014","AAV2.0.0.13","4.0.0.2353","PSt7-10","000000-000","8/7/2024 3:37:09 PM","0000-00","0","no battery","V","215852","µV","96196","µV"
"08/11/2024","11:22:41","2","default","203499907","Sensor2","6.858","min","246.274","μmol/L","Humid","22.057","deg","92106","µV","18.711","°C","985.000","hPa","35.0","pmil","0","51.462","deg","22.621","°C","100.000","%a.s.","22.257","deg","22.682","°C","985.000","hPa","0.861","-0.02056","0.00035","-0.00011","0","14.7","Humid","28.35","0","65.20","250190.63","SABD0002000014","AAV2.0.0.13","4.0.0.2353","PSt7-10","000000-000","8/7/2024 3:37:09 PM","0000-00","0","no battery","V","215852","µV","96196","µV"
"08/11/2024","11:22:42","2","default","203499907","Sensor2","6.875","min","246.274","μmol/L","Humid","22.057","deg","92111","µV","18.711","°C","985.000","hPa","35.0","pmil","0","51.462","deg","22.621","°C","100.000","%a.s.","22.257","deg","22.682","°C","985.000","hPa","0.861","-0.02056","0.00035","-0.00011","0","14.7","Humid","28.35","0","65.20","250199.71","SABD0002000014","AAV2.0.0.13","4.0.0.2353","PSt7-10","000000-000","8/7/2024 3:37:09 PM","0000-00","0","no battery","V","215852","µV","96196","µV"
"08/11/2024","11:22:43","2","default","203499907","Sensor2","6.891","min","246.136","μmol/L","Humid","22.061","deg","92107","µV","18.718","°C","985.000","hPa","35.0","pmil","0","51.462","deg","22.621","°C","100.000","%a.s.","22.257","deg","22.682","°C","985.000","hPa","0.861","-0.02056","0.00035","-0.00011","0","14.7","Humid","28.35","0","65.20","250189.98","SABD0002000014","AAV2.0.0.13","4.0.0.2353","PSt7-10","000000-000","8/7/2024 3:37:09 PM","0000-00","0","no battery","V","215852","µV","96196","µV"
"08/11/2024","11:22:44","2","default","203499907","Sensor2","6.908","min","246.229","μmol/L","Humid","22.059","deg","92111","µV","18.711","°C","985.000","hPa","35.0","pmil","0","51.462","deg","22.621","°C","100.000","%a.s.","22.257","deg","22.682","°C","985.000","hPa","0.861","-0.02056","0.00035","-0.00011","0","14.7","Humid","28.35","0","65.20","250196.82","SABD0002000014","AAV2.0.0.13","4.0.0.2353","PSt7-10","000000-000","8/7/2024 3:37:09 PM","0000-00","0","no battery","V","215852","µV","96196","µV"
"08/11/2024","11:22:45","2","default","203499907","Sensor2","6.924","min","246.229","μmol/L","Humid","22.059","deg","92103","µV","18.711","°C","985.000","hPa","35.0","pmil","0","51.462","deg","22.621","°C","100.000","%a.s.","22.257","deg","22.682","°C","985.000","hPa","0.861","-0.02056","0.00035","-0.00011","0","14.7","Humid","28.35","0","65.20","250181.81","SABD0002000014","AAV2.0.0.13","4.0.0.2353","PSt7-10","000000-000","8/7/2024 3:37:09 PM","0000-00","0","no battery","V","215852","µV","96196","µV"
"08/11/2024","11:22:46","2","default","203499907","Sensor2","6.941","min","246.207","μmol/L","Humid","22.060","deg","92101","µV","18.711","°C","985.000","hPa","35.0","pmil","0","51.462","deg","22.621","°C","100.000","%a.s.","22.257","deg","22.682","°C","985.000","hPa","0.861","-0.02056","0.00035","-0.00011","0","14.7","Humid","28.35","0","65.20","250195.05","SABD0002000014","AAV2.0.0.13","4.0.0.2353","PSt7-10","000000-000","8/7/2024 3:37:09 PM","0000-00","0","no battery","V","215852","µV","96196","µV"
"08/11/2024","11:22:47","2","default","203499907","Sensor2","6.958","min","246.203","μmol/L","Humid","22.058","deg","92105","µV","18.718","°C","985.000","hPa","35.0","pmil","0","51.462","deg","22.621","°C","100.000","%a.s.","22.257","deg","22.682","°C","985.000","hPa","0.861","-0.02056","0.00035","-0.00011","0","14.7","Humid","28.35","0","65.20","250192.20","SABD0002000014","AAV2.0.0.13","4.0.0.2353","PSt7-10","000000-000","8/7/2024 3:37:09 PM","0000-00","0","no battery","V","215852","µV","96196","µV"
"08/11/2024","11:22:48","2","default","203499907","Sensor2","6.975","min","246.274","μmol/L","Humid","22.057","deg","92099","µV","18.711","°C","985.000","hPa","35.0","pmil","0","51.462","deg","22.621","°C","100.000","%a.s.","22.257","deg","22.682","°C","985.000","hPa","0.861","-0.02056","0.00035","-0.00011","0","14.7","Humid","28.35","0","65.20","250185.74","SABD0002000014","AAV2.0.0.13","4.0.0.2353","PSt7-10","000000-000","8/7/2024 3:37:09 PM","0000-00","0","no battery","V","215852","µV","96196","µV"
"08/11/2024","11:22:49","2","default","203499907","Sensor2","6.991","min","246.233","μmol/L","Humid","22.061","deg","92095","µV","18.705","°C","985.000","hPa","35.0","pmil","0","51.462","deg","22.621","°C","100.000","%a.s.","22.257","deg","22.682","°C","985.000","hPa","0.861","-0.02056","0.00035","-0.00011","0","14.7","Humid","28.35","0","65.20","250195.37","SABD0002000014","AAV2.0.0.13","4.0.0.2353","PSt7-10","000000-000","8/7/2024 3:37:09 PM","0000-00","0","no battery","V","215852","µV","96196","µV"
"08/11/2024","11:22:50","2","default","203499907","Sensor2","7.008","min","246.181","μmol/L","Humid","22.059","deg","92097","µV","18.718","°C","985.000","hPa","35.0","pmil","0","51.462","deg","22.621","°C","100.000","%a.s.","22.257","deg","22.682","°C","985.000","hPa","0.861","-0.02056","0.00035","-0.00011","0","14.7","Humid","28.35","0","65.20","250177.63","SABD0002000014","AAV2.0.0.13","4.0.0.2353","PSt7-10","000000-000","8/7/2024 3:37:09 PM","0000-00","0","no battery","V","215852","µV","96196","µV"
"08/11/2024","11:22:51","2","default","203499907","Sensor2","7.025","min","246.226","μmol/L","Humid","22.057","deg","92098","µV","18.718","°C","985.000","hPa","35.0","pmil","0","51.462","deg","22.621","°C","100.000","%a.s.","22.257","deg","22.682","°C","985.000","hPa","0.861","-0.02056","0.00035","-0.00011","0","14.7","Humid","28.35","0","65.20","250168.47","SABD0002000014","AAV2.0.0.13","4.0.0.2353","PSt7-10","000000-000","8/7/2024 3:37:09 PM","0000-00","0","no battery","V","215852","µV","96196","µV"
"08/11/2024","11:22:52","2","default","203499907","Sensor2","7.042","min","246.185","μmol/L","Humid","22.061","deg","92093","µV","18.711","°C","985.000","hPa","35.0","pmil","0","51.462","deg","22.621","°C","100.000","%a.s.","22.257","deg","22.682","°C","985.000","hPa","0.861","-0.02056","0.00035","-0.00011","0","14.7","Humid","28.35","0","65.20","250174.05","SABD0002000014","AAV2.0.0.13","4.0.0.2353","PSt7-10","000000-000","8/7/2024 3:37:09 PM","0000-00","0","no battery","V","215852","µV","96196","µV"
"08/11/2024","11:22:53","2","default","203499907","Sensor2","7.058","min","246.319","μmol/L","Humid","22.055","deg","92092","µV","18.711","°C","985.000","hPa","35.0","pmil","0","51.462","deg","22.621","°C","100.000","%a.s.","22.257","deg","22.682","°C","985.000","hPa","0.861","-0.02056","0.00035","-0.00011","0","14.7","Humid","28.35","0","65.20","250175.73","SABD0002000014","AAV2.0.0.13","4.0.0.2353","PSt7-10","000000-000","8/7/2024 3:37:09 PM","0000-00","0","no battery","V","215852","µV","96196","µV"
"08/11/2024","11:22:54","2","default","203499907","Sensor2","7.074","min","246.207","μmol/L","Humid","22.060","deg","92095","µV","18.711","°C","985.000","hPa","35.0","pmil","0","51.462","deg","22.621","°C","100.000","%a.s.","22.257","deg","22.682","°C","985.000","hPa","0.861","-0.02056","0.00035","-0.00011","0","14.7","Humid","28.35","0","65.20","250193.60","SABD0002000014","AAV2.0.0.13","4.0.0.2353","PSt7-10","000000-000","8/7/2024 3:37:09 PM","0000-00","0","no battery","V","215852","µV","96196","µV"
"08/11/2024","11:22:55","2","default","203499907","Sensor2","7.091","min","246.233","μmol/L","Humid","22.061","deg","92102","µV","18.705","°C","985.000","hPa","35.0","pmil","0","51.462","deg","22.621","°C","100.000","%a.s.","22.257","deg","22.682","°C","985.000","hPa","0.861","-0.02056","0.00035","-0.00011","0","14.7","Humid","28.35","0","65.20","250188.95","SABD0002000014","AAV2.0.0.13","4.0.0.2353","PSt7-10","000000-000","8/7/2024 3:37:09 PM","0000-00","0","no battery","V","215852","µV","96196","µV"
"08/11/2024","11:22:56","2","default","203499907","Sensor2","7.108","min","246.229","μmol/L","Humid","22.059","deg","92099","µV","18.711","°C","985.000","hPa","35.0","pmil","0","51.462","deg","22.621","°C","100.000","%a.s.","22.257","deg","22.682","°C","985.000","hPa","0.861","-0.02056","0.00035","-0.00011","0","14.7","Humid","28.35","0","65.20","250185.65","SABD0002000014","AAV2.0.0.13","4.0.0.2353","PSt7-10","000000-000","8/7/2024 3:37:09 PM","0000-00","0","no battery","V","215852","µV","96196","µV"
"08/11/2024","11:22:57","2","default","203499907","Sensor2","7.125","min","246.296","μmol/L","Humid","22.056","deg","92090","µV","18.711","°C","985.000","hPa","35.0","pmil","0","51.462","deg","22.621","°C","100.000","%a.s.","22.257","deg","22.682","°C","985.000","hPa","0.861","-0.02056","0.00035","-0.00011","0","14.7","Humid","28.35","0","65.20","250185.22","SABD0002000014","AAV2.0.0.13","4.0.0.2353","PSt7-10","000000-000","8/7/2024 3:37:09 PM","0000-00","0","no battery","V","215852","µV","96196","µV"
"08/11/2024","11:22:58","2","default","203499907","Sensor2","7.141","min","246.278","μmol/L","Humid","22.059","deg","92100","µV","18.705","°C","985.000","hPa","35.0","pmil","0","51.462","deg","22.621","°C","100.000","%a.s.","22.257","deg","22.682","°C","985.000","hPa","0.861","-0.02056","0.00035","-0.00011","0","14.7","Humid","28.35","0","65.20","250185.31","SABD0002000014","AAV2.0.0.13","4.0.0.2353","PSt7-10","000000-000","8/7/2024 3:37:09 PM","0000-00","0","no battery","V","215852","µV","96196","µV"
"08/11/2024","11:22:59","2","default","203499907","Sensor2","7.158","min","246.207","μmol/L","Humid","22.060","deg","92096","µV","18.711","°C","985.000","hPa","35.0","pmil","0","51.462","deg","22.621","°C","100.000","%a.s.","22.257","deg","22.682","°C","985.000","hPa","0.861","-0.02056","0.00035","-0.00011","0","14.7","Humid","28.35","0","65.20","250175.45","SABD0002000014","AAV2.0.0.13","4.0.0.2353","PSt7-10","000000-000","8/7/2024 3:37:09 PM","0000-00","0","no battery","V","215852","µV","96196","µV"
"08/11/2024","11:23:00","2","default","203499907","Sensor2","7.175","min","246.162","μmol/L","Humid","22.062","deg","92094","µV","18.711","°C","985.000","hPa","35.0","pmil","0","51.462","deg","22.621","°C","100.000","%a.s.","22.257","deg","22.682","°C","985.000","hPa","0.861","-0.02056","0.00035","-0.00011","0","14.7","Humid","28.35","0","65.20","250162.75","SABD0002000014","AAV2.0.0.13","4.0.0.2353","PSt7-10","000000-000","8/7/2024 3:37:09 PM","0000-00","0","no battery","V","215852","µV","96196","µV"
"08/11/2024","11:23:01","2","default","203499907","Sensor2","7.191","min","246.252","μmol/L","Humid","22.058","deg","92094","µV","18.711","°C","985.000","hPa","35.0","pmil","0","51.462","deg","22.621","°C","100.000","%a.s.","22.257","deg","22.682","°C","985.000","hPa","0.861","-0.02056","0.00035","-0.00011","0","14.7","Humid","28.35","0","65.20","250161.04","SABD0002000014","AAV2.0.0.13","4.0.0.2353","PSt7-10","000000-000","8/7/2024 3:37:09 PM","0000-00","0","no battery","V","215852","µV","96196","µV"
"08/11/2024","11:23:02","2","default","203499907","Sensor2","7.208","min","246.252","μmol/L","Humid","22.058","deg","92096","µV","18.711","°C","985.000","hPa","35.0","pmil","0","51.462","deg","22.621","°C","100.000","%a.s.","22.257","deg","22.682","°C","985.000","hPa","0.861","-0.02056","0.00035","-0.00011","0","14.7","Humid","28.35","0","65.20","250164.52","SABD0002000014","AAV2.0.0.13","4.0.0.2353","PSt7-10","000000-000","8/7/2024 3:37:09 PM","0000-00","0","no battery","V","215852","µV","96196","µV"
"08/11/2024","11:23:03","2","default","203499907","Sensor2","7.225","min","246.185","μmol/L","Humid","22.061","deg","92092","µV","18.711","°C","985.000","hPa","35.0","pmil","0","51.462","deg","22.621","°C","100.000","%a.s.","22.257","deg","22.682","°C","985.000","hPa","0.861","-0.02056","0.00035","-0.00011","0","14.7","Humid","28.35","0","65.20","250170.41","SABD0002000014","AAV2.0.0.13","4.0.0.2353","PSt7-10","000000-000","8/7/2024 3:37:09 PM","0000-00","0","no battery","V","215852","µV","96196","µV"
"08/11/2024","11:23:04","2","default","203499907","Sensor2","7.242","min","246.296","μmol/L","Humid","22.056","deg","92086","µV","18.711","°C","985.000","hPa","35.0","pmil","0","51.462","deg","22.621","°C","100.000","%a.s.","22.257","deg","22.682","°C","985.000","hPa","0.861","-0.02056","0.00035","-0.00011","0","14.7","Humid","28.35","0","65.20","250165.42","SABD0002000014","AAV2.0.0.13","4.0.0.2353","PSt7-10","000000-000","8/7/2024 3:37:09 PM","0000-00","0","no battery","V","215852","µV","96196","µV"
"08/11/2024","11:23:05","2","default","203499907","Sensor2","7.258","min","246.274","μmol/L","Humid","22.057","deg","92085","µV","18.711","°C","985.000","hPa","35.0","pmil","0","51.462","deg","22.621","°C","100.000","%a.s.","22.257","deg","22.682","°C","985.000","hPa","0.861","-0.02056","0.00035","-0.00011","0","14.7","Humid","28.35","0","65.20","250163.09","SABD0002000014","AAV2.0.0.13","4.0.0.2353","PSt7-10","000000-000","8/7/2024 3:37:09 PM","0000-00","0","no battery","V","215852","µV","96196","µV"
"08/11/2024","11:23:06","2","default","203499907","Sensor2","7.274","min","246.252","μmol/L","Humid","22.058","deg","92085","µV","18.711","°C","985.000","hPa","35.0","pmil","0","51.462","deg","22.621","°C","100.000","%a.s.","22.257","deg","22.682","°C","985.000","hPa","0.861","-0.02056","0.00035","-0.00011","0","14.7","Humid","28.35","0","65.20","250166.75","SABD0002000014","AAV2.0.0.13","4.0.0.2353","PSt7-10","000000-000","8/7/2024 3:37:09 PM","0000-00","0","no battery","V","215852","µV","96196","µV"
"08/11/2024","11:23:07","2","default","203499907","Sensor2","7.291","min","246.185","μmol/L","Humid","22.061","deg","92082","µV","18.711","°C","985.000","hPa","35.0","pmil","0","51.462","deg","22.621","°C","100.000","%a.s.","22.257","deg","22.682","°C","985.000","hPa","0.861","-0.02056","0.00035","-0.00011","0","14.7","Humid","28.35","0","65.20","250158.80","SABD0002000014","AAV2.0.0.13","4.0.0.2353","PSt7-10","000000-000","8/7/2024 3:37:09 PM","0000-00","0","no battery","V","215852","µV","96196","µV"
"08/11/2024","11:23:08","2","default","203499907","Sensor2","7.308","min","246.229","μmol/L","Humid","22.059","deg","92085","µV","18.711","°C","985.000","hPa","35.0","pmil","0","51.462","deg","22.621","°C","100.000","%a.s.","22.257","deg","22.682","°C","985.000","hPa","0.861","-0.02056","0.00035","-0.00011","0","14.7","Humid","28.35","0","65.20","250168.20","SABD0002000014","AAV2.0.0.13","4.0.0.2353","PSt7-10","000000-000","8/7/2024 3:37:09 PM","0000-00","0","no battery","V","215852","µV","96196","µV"
"08/11/2024","11:23:09","2","default","203499907","Sensor2","7.325","min","246.233","μmol/L","Humid","22.061","deg","92086","µV","18.705","°C","985.000","hPa","35.0","pmil","0","51.462","deg","22.621","°C","100.000","%a.s.","22.257","deg","22.682","°C","985.000","hPa","0.861","-0.02056","0.00035","-0.00011","0","14.7","Humid","28.35","0","65.20","250174.22","SABD0002000014","AAV2.0.0.13","4.0.0.2353","PSt7-10","000000-000","8/7/2024 3:37:09 PM","0000-00","0","no battery","V","215852","µV","96196","µV"
"08/11/2024","11:23:10","2","default","203499907","Sensor2","7.341","min","246.144","μmol/L","Humid","22.065","deg","92090","µV","18.705","°C","985.000","hPa","35.0","pmil","0","51.462","deg","22.621","°C","100.000","%a.s.","22.257","deg","22.682","°C","985.000","hPa","0.861","-0.02056","0.00035","-0.00011","0","14.7","Humid","28.35","0","65.20","250170.58","SABD0002000014","AAV2.0.0.13","4.0.0.2353","PSt7-10","000000-000","8/7/2024 3:37:09 PM","0000-00","0","no battery","V","215852","µV","96196","µV"
"08/11/2024","11:23:11","2","default","203499907","Sensor2","7.358","min","246.162","μmol/L","Humid","22.062","deg","92084","µV","18.711","°C","985.000","hPa","35.0","pmil","0","51.462","deg","22.621","°C","100.000","%a.s.","22.257","deg","22.682","°C","985.000","hPa","0.861","-0.02056","0.00035","-0.00011","0","14.7","Humid","28.35","0","65.20","250166.09","SABD0002000014","AAV2.0.0.13","4.0.0.2353","PSt7-10","000000-000","8/7/2024 3:37:09 PM","0000-00","0","no battery","V","215852","µV","96196","µV"
"08/11/2024","11:23:12","2","default","203499907","Sensor2","7.375","min","246.207","μmol/L","Humid","22.060","deg","92084","µV","18.711","°C","985.000","hPa","35.0","pmil","0","51.462","deg","22.621","°C","100.000","%a.s.","22.257","deg","22.682","°C","985.000","hPa","0.861","-0.02056","0.00035","-0.00011","0","14.7","Humid","28.35","0","65.20","250169.44","SABD0002000014","AAV2.0.0.13","4.0.0.2353","PSt7-10","000000-000","8/7/2024 3:37:09 PM","0000-00","0","no battery","V","215852","µV","96196","µV"
"08/11/2024","11:23:13","2","default","203499907","Sensor2","7.391","min","246.117","μmol/L","Humid","22.064","deg","92084","µV","18.711","°C","985.000","hPa","35.0","pmil","0","51.462","deg","22.621","°C","100.000","%a.s.","22.257","deg","22.682","°C","985.000","hPa","0.861","-0.02056","0.00035","-0.00011","0","14.7","Humid","28.35","0","65.20","250154.70","SABD0002000014","AAV2.0.0.13","4.0.0.2353","PSt7-10","000000-000","8/7/2024 3:37:09 PM","0000-00","0","no battery","V","215852","µV","96196","µV"
"08/11/2024","11:23:14","2","default","203499907","Sensor2","7.408","min","246.252","μmol/L","Humid","22.058","deg","92085","µV","18.711","°C","985.000","hPa","35.0","pmil","0","51.462","deg","22.621","°C","100.000","%a.s.","22.257","deg","22.682","°C","985.000","hPa","0.861","-0.02056","0.00035","-0.00011","0","14.7","Humid","28.35","0","65.20","250167.86","SABD0002000014","AAV2.0.0.13","4.0.0.2353","PSt7-10","000000-000","8/7/2024 3:37:09 PM","0000-00","0","no battery","V","215852","µV","96196","µV"
"08/11/2024","11:23:15","2","default","203499907","Sensor2","7.425","min","246.252","μmol/L","Humid","22.058","deg","92083","µV","18.711","°C","985.000","hPa","35.0","pmil","0","51.462","deg","22.621","°C","100.000","%a.s.","22.257","deg","22.682","°C","985.000","hPa","0.861","-0.02056","0.00035","-0.00011","0","14.7","Humid","28.35","0","65.20","250173.48","SABD0002000014","AAV2.0.0.13","4.0.0.2353","PSt7-10","000000-000","8/7/2024 3:37:09 PM","0000-00","0","no battery","V","215852","µV","96196","µV"
"08/11/2024","11:23:16","2","default","203499907","Sensor2","7.442","min","246.162","μmol/L","Humid","22.062","deg","92087","µV","18.711","°C","985.000","hPa","35.0","pmil","0","51.462","deg","22.621","°C","100.000","%a.s.","22.257","deg","22.682","°C","985.000","hPa","0.861","-0.02056","0.00035","-0.00011","0","14.7","Humid","28.35","0","65.20","250168.81","SABD0002000014","AAV2.0.0.13","4.0.0.2353","PSt7-10","000000-000","8/7/2024 3:37:09 PM","0000-00","0","no battery","V","215852","µV","96196","µV"
"08/11/2024","11:23:17","2","default","203499907","Sensor2","7.458","min","246.207","μmol/L","Humid","22.060","deg","92081","µV","18.711","°C","985.000","hPa","35.0","pmil","0","51.462","deg","22.621","°C","100.000","%a.s.","22.257","deg","22.682","°C","985.000","hPa","0.861","-0.02056","0.00035","-0.00011","0","14.7","Humid","28.35","0","65.20","250158.89","SABD0002000014","AAV2.0.0.13","4.0.0.2353","PSt7-10","000000-000","8/7/2024 3:37:09 PM","0000-00","0","no battery","V","215852","µV","96196","µV"
"08/11/2024","11:23:18","2","default","203499907","Sensor2","7.475","min","246.162","μmol/L","Humid","22.062","deg","92079","µV","18.711","°C","985.000","hPa","35.0","pmil","0","51.462","deg","22.621","°C","100.000","%a.s.","22.257","deg","22.682","°C","985.000","hPa","0.861","-0.02056","0.00035","-0.00011","0","14.7","Humid","28.35","0","65.20","250154.87","SABD0002000014","AAV2.0.0.13","4.0.0.2353","PSt7-10","000000-000","8/7/2024 3:37:09 PM","0000-00","0","no battery","V","215852","µV","96196","µV"
"08/11/2024","11:23:19","2","default","203499907","Sensor2","7.491","min","246.252","μmol/L","Humid","22.058","deg","92081","µV","18.711","°C","985.000","hPa","35.0","pmil","0","51.462","deg","22.621","°C","100.000","%a.s.","22.257","deg","22.682","°C","985.000","hPa","0.861","-0.02056","0.00035","-0.00011","0","14.7","Humid","28.35","0","65.20","250161.95","SABD0002000014","AAV2.0.0.13","4.0.0.2353","PSt7-10","000000-000","8/7/2024 3:37:09 PM","0000-00","0","no battery","V","215852","µV","96196","µV"
"08/11/2024","11:23:20","2","default","203499907","Sensor2","7.508","min","246.140","μmol/L","Humid","22.063","deg","92081","µV","18.711","°C","985.000","hPa","35.0","pmil","0","51.462","deg","22.621","°C","100.000","%a.s.","22.257","deg","22.682","°C","985.000","hPa","0.861","-0.02056","0.00035","-0.00011","0","14.7","Humid","28.35","0","65.20","250170.25","SABD0002000014","AAV2.0.0.13","4.0.0.2353","PSt7-10","000000-000","8/7/2024 3:37:09 PM","0000-00","0","no battery","V","215852","µV","96196","µV"
"08/11/2024","11:23:21","2","default","203499907","Sensor2","7.524","min","246.140","μmol/L","Humid","22.063","deg","92082","µV","18.711","°C","985.000","hPa","35.0","pmil","0","51.462","deg","22.621","°C","100.000","%a.s.","22.257","deg","22.682","°C","985.000","hPa","0.861","-0.02056","0.00035","-0.00011","0","14.7","Humid","28.35","0","65.20","250158.56","SABD0002000014","AAV2.0.0.13","4.0.0.2353","PSt7-10","000000-000","8/7/2024 3:37:09 PM","0000-00","0","no battery","V","215852","µV","96196","µV"
"08/11/2024","11:23:22","2","default","203499907","Sensor2","7.541","min","246.233","μmol/L","Humid","22.061","deg","92085","µV","18.705","°C","985.000","hPa","35.0","pmil","0","51.462","deg","22.621","°C","100.000","%a.s.","22.257","deg","22.682","°C","985.000","hPa","0.861","-0.02056","0.00035","-0.00011","0","14.7","Humid","28.35","0","65.20","250162.16","SABD0002000014","AAV2.0.0.13","4.0.0.2353","PSt7-10","000000-000","8/7/2024 3:37:09 PM","0000-00","0","no battery","V","215852","µV","96196","µV"
"08/11/2024","11:23:23","2","default","203499907","Sensor2","7.558","min","246.278","μmol/L","Humid","22.059","deg","92077","µV","18.705","°C","985.000","hPa","35.0","pmil","0","51.462","deg","22.621","°C","100.000","%a.s.","22.257","deg","22.682","°C","985.000","hPa","0.861","-0.02056","0.00035","-0.00011","0","14.7","Humid","28.35","0","65.20","250158.94","SABD0002000014","AAV2.0.0.13","4.0.0.2353","PSt7-10","000000-000","8/7/2024 3:37:09 PM","0000-00","0","no battery","V","215852","µV","96196","µV"
"08/11/2024","11:23:24","2","default","203499907","Sensor2","7.575","min","246.233","μmol/L","Humid","22.061","deg","92079","µV","18.705","°C","985.000","hPa","35.0","pmil","0","51.462","deg","22.621","°C","100.000","%a.s.","22.257","deg","22.682","°C","985.000","hPa","0.861","-0.02056","0.00035","-0.00011","0","14.7","Humid","28.35","0","65.20","250158.56","SABD0002000014","AAV2.0.0.13","4.0.0.2353","PSt7-10","000000-000","8/7/2024 3:37:09 PM","0000-00","0","no battery","V","215852","µV","96196","µV"
"08/11/2024","11:23:25","2","default","203499907","Sensor2","7.591","min","246.140","μmol/L","Humid","22.063","deg","92071","µV","18.711","°C","985.000","hPa","35.0","pmil","0","51.462","deg","22.621","°C","100.000","%a.s.","22.257","deg","22.682","°C","985.000","hPa","0.861","-0.02056","0.00035","-0.00011","0","14.7","Humid","28.35","0","65.20","250145.61","SABD0002000014","AAV2.0.0.13","4.0.0.2353","PSt7-10","000000-000","8/7/2024 3:37:09 PM","0000-00","0","no battery","V","215852","µV","96196","µV"
"08/11/2024","11:23:26","2","default","203499907","Sensor2","7.608","min","246.211","μmol/L","Humid","22.062","deg","92073","µV","18.705","°C","985.000","hPa","35.0","pmil","0","51.462","deg","22.621","°C","100.000","%a.s.","22.257","deg","22.682","°C","985.000","hPa","0.861","-0.02056","0.00035","-0.00011","0","14.7","Humid","28.35","0","65.20","250151.19","SABD0002000014","AAV2.0.0.13","4.0.0.2353","PSt7-10","000000-000","8/7/2024 3:37:09 PM","0000-00","0","no battery","V","215852","µV","96196","µV"
"08/11/2024","11:23:27","2","default","203499907","Sensor2","7.625","min","246.121","μmol/L","Humid","22.066","deg","92071","µV","18.705","°C","985.000","hPa","35.0","pmil","0","51.462","deg","22.621","°C","100.000","%a.s.","22.257","deg","22.682","°C","985.000","hPa","0.861","-0.02056","0.00035","-0.00011","0","14.7","Humid","28.35","0","65.20","250155.98","SABD0002000014","AAV2.0.0.13","4.0.0.2353","PSt7-10","000000-000","8/7/2024 3:37:09 PM","0000-00","0","no battery","V","215852","µV","96196","µV"
"08/11/2024","11:23:28","2","default","203499907","Sensor2","7.642","min","246.207","μmol/L","Humid","22.060","deg","92083","µV","18.711","°C","985.000","hPa","35.0","pmil","0","51.462","deg","22.621","°C","100.000","%a.s.","22.257","deg","22.682","°C","985.000","hPa","0.861","-0.02056","0.00035","-0.00011","0","14.7","Humid","28.35","0","65.20","250163.38","SABD0002000014","AAV2.0.0.13","4.0.0.2353","PSt7-10","000000-000","8/7/2024 3:37:09 PM","0000-00","0","no battery","V","215852","µV","96196","µV"
"08/11/2024","11:23:29","2","default","203499907","Sensor2","7.658","min","246.207","μmol/L","Humid","22.060","deg","92074","µV","18.711","°C","985.000","hPa","35.0","pmil","0","51.462","deg","22.621","°C","100.000","%a.s.","22.257","deg","22.682","°C","985.000","hPa","0.861","-0.02056","0.00035","-0.00011","0","14.7","Humid","28.35","0","65.20","250158.83","SABD0002000014","AAV2.0.0.13","4.0.0.2353","PSt7-10","000000-000","8/7/2024 3:37:09 PM","0000-00","0","no battery","V","215852","µV","96196","µV"
"08/11/2024","11:23:30","2","default","203499907","Sensor2","7.675","min","246.207","μmol/L","Humid","22.060","deg","92080","µV","18.711","°C","985.000","hPa","35.0","pmil","0","51.462","deg","22.621","°C","100.000","%a.s.","22.257","deg","22.682","°C","985.000","hPa","0.861","-0.02056","0.00035","-0.00011","0","14.7","Humid","28.35","0","65.20","250151.49","SABD0002000014","AAV2.0.0.13","4.0.0.2353","PSt7-10","000000-000","8/7/2024 3:37:09 PM","0000-00","0","no battery","V","215852","µV","96196","µV"
"08/11/2024","11:23:31","2","default","203499907","Sensor2","7.691","min","246.252","μmol/L","Humid","22.058","deg","92073","µV","18.711","°C","985.000","hPa","35.0","pmil","0","51.462","deg","22.621","°C","100.000","%a.s.","22.257","deg","22.682","°C","985.000","hPa","0.861","-0.02056","0.00035","-0.00011","0","14.7","Humid","28.35","0","65.20","250151.82","SABD0002000014","AAV2.0.0.13","4.0.0.2353","PSt7-10","000000-000","8/7/2024 3:37:09 PM","0000-00","0","no battery","V","215852","µV","96196","µV"
"08/11/2024","11:23:32","2","default","203499907","Sensor2","7.708","min","246.278","μmol/L","Humid","22.059","deg","92074","µV","18.705","°C","985.000","hPa","35.0","pmil","0","51.462","deg","22.621","°C","100.000","%a.s.","22.257","deg","22.682","°C","985.000","hPa","0.861","-0.02056","0.00035","-0.00011","0","14.7","Humid","28.35","0","65.20","250143.39","SABD0002000014","AAV2.0.0.13","4.0.0.2353","PSt7-10","000000-000","8/7/2024 3:37:09 PM","0000-00","0","no battery","V","215852","µV","96196","µV"
"08/11/2024","11:23:33","2","default","203499907","Sensor2","7.724","min","246.229","μmol/L","Humid","22.059","deg","92071","µV","18.711","°C","985.000","hPa","35.0","pmil","0","51.462","deg","22.621","°C","100.000","%a.s.","22.257","deg","22.682","°C","985.000","hPa","0.861","-0.02056","0.00035","-0.00011","0","14.7","Humid","28.35","0","65.20","250140.94","SABD0002000014","AAV2.0.0.13","4.0.0.2353","PSt7-10","000000-000","8/7/2024 3:37:09 PM","0000-00","0","no battery","V","215852","µV","96196","µV"
"08/11/2024","11:23:34","2","default","203499907","Sensor2","7.741","min","246.278","μmol/L","Humid","22.059","deg","92075","µV","18.705","°C","985.000","hPa","35.0","pmil","0","51.462","deg","22.621","°C","100.000","%a.s.","22.257","deg","22.682","°C","985.000","hPa","0.861","-0.02056","0.00035","-0.00011","0","14.7","Humid","28.35","0","65.20","250150.91","SABD0002000014","AAV2.0.0.13","4.0.0.2353","PSt7-10","000000-000","8/7/2024 3:37:09 PM","0000-00","0","no battery","V","215852","µV","96196","µV"
"08/11/2024","11:23:35","2","default","203499907","Sensor2","7.758","min","246.255","μmol/L","Humid","22.060","deg","92074","µV","18.705","°C","985.000","hPa","35.0","pmil","0","51.462","deg","22.621","°C","100.000","%a.s.","22.257","deg","22.682","°C","985.000","hPa","0.861","-0.02056","0.00035","-0.00011","0","14.7","Humid","28.35","0","65.20","250147.87","SABD0002000014","AAV2.0.0.13","4.0.0.2353","PSt7-10","000000-000","8/7/2024 3:37:09 PM","0000-00","0","no battery","V","215852","µV","96196","µV"
"08/11/2024","11:23:36","2","default","203499907","Sensor2","7.775","min","246.233","μmol/L","Humid","22.061","deg","92073","µV","18.705","°C","985.000","hPa","35.0","pmil","0","51.462","deg","22.621","°C","100.000","%a.s.","22.257","deg","22.682","°C","985.000","hPa","0.861","-0.02056","0.00035","-0.00011","0","14.7","Humid","28.35","0","65.20","250147.20","SABD0002000014","AAV2.0.0.13","4.0.0.2353","PSt7-10","000000-000","8/7/2024 3:37:09 PM","0000-00","0","no battery","V","215852","µV","96196","µV"
"08/11/2024","11:23:37","2","default","203499907","Sensor2","7.791","min","246.233","μmol/L","Humid","22.061","deg","92072","µV","18.705","°C","985.000","hPa","35.0","pmil","0","51.462","deg","22.621","°C","100.000","%a.s.","22.257","deg","22.682","°C","985.000","hPa","0.861","-0.02056","0.00035","-0.00011","0","14.7","Humid","28.35","0","65.20","250139.55","SABD0002000014","AAV2.0.0.13","4.0.0.2353","PSt7-10","000000-000","8/7/2024 3:37:09 PM","0000-00","0","no battery","V","215852","µV","96196","µV"
"08/11/2024","11:23:38","2","default","203499907","Sensor2","7.808","min","246.188","μmol/L","Humid","22.063","deg","92065","µV","18.705","°C","985.000","hPa","35.0","pmil","0","51.462","deg","22.621","°C","100.000","%a.s.","22.257","deg","22.682","°C","985.000","hPa","0.861","-0.02056","0.00035","-0.00011","0","14.7","Humid","28.35","0","65.20","250139.16","SABD0002000014","AAV2.0.0.13","4.0.0.2353","PSt7-10","000000-000","8/7/2024 3:37:09 PM","0000-00","0","no battery","V","215852","µV","96196","µV"
"08/11/2024","11:23:39","2","default","203499907","Sensor2","7.825","min","246.255","μmol/L","Humid","22.060","deg","92067","µV","18.705","°C","985.000","hPa","35.0","pmil","0","51.462","deg","22.621","°C","100.000","%a.s.","22.257","deg","22.682","°C","985.000","hPa","0.861","-0.02056","0.00035","-0.00011","0","14.7","Humid","28.35","0","65.20","250145.09","SABD0002000014","AAV2.0.0.13","4.0.0.2353","PSt7-10","000000-000","8/7/2024 3:37:09 PM","0000-00","0","no battery","V","215852","µV","96196","µV"
"08/11/2024","11:23:40","2","default","203499907","Sensor2","7.842","min","246.114","μmol/L","Humid","22.062","deg","92068","µV","18.718","°C","985.000","hPa","35.0","pmil","0","51.462","deg","22.621","°C","100.000","%a.s.","22.257","deg","22.682","°C","985.000","hPa","0.861","-0.02056","0.00035","-0.00011","0","14.7","Humid","28.35","0","65.20","250151.92","SABD0002000014","AAV2.0.0.13","4.0.0.2353","PSt7-10","000000-000","8/7/2024 3:37:09 PM","0000-00","0","no battery","V","215852","µV","96196","µV"
"08/11/2024","11:23:41","2","default","203499907","Sensor2","7.858","min","246.233","μmol/L","Humid","22.061","deg","92066","µV","18.705","°C","985.000","hPa","35.0","pmil","0","51.462","deg","22.621","°C","100.000","%a.s.","22.257","deg","22.682","°C","985.000","hPa","0.861","-0.02056","0.00035","-0.00011","0","14.7","Humid","28.35","0","65.20","250141.06","SABD0002000014","AAV2.0.0.13","4.0.0.2353","PSt7-10","000000-000","8/7/2024 3:37:09 PM","0000-00","0","no battery","V","215852","µV","96196","µV"
"08/11/2024","11:23:42","2","default","203499907","Sensor2","7.875","min","246.144","μmol/L","Humid","22.065","deg","92061","µV","18.705","°C","985.000","hPa","35.0","pmil","0","51.462","deg","22.621","°C","100.000","%a.s.","22.257","deg","22.682","°C","985.000","hPa","0.861","-0.02056","0.00035","-0.00011","0","14.7","Humid","28.35","0","65.20","250134.75","SABD0002000014","AAV2.0.0.13","4.0.0.2353","PSt7-10","000000-000","8/7/2024 3:37:09 PM","0000-00","0","no battery","V","215852","µV","96196","µV"
"08/11/2024","11:23:43","2","default","203499907","Sensor2","7.892","min","246.162","μmol/L","Humid","22.062","deg","92065","µV","18.711","°C","985.000","hPa","35.0","pmil","0","51.462","deg","22.621","°C","100.000","%a.s.","22.257","deg","22.682","°C","985.000","hPa","0.861","-0.02056","0.00035","-0.00011","0","14.7","Humid","28.35","0","65.20","250133.84","SABD0002000014","AAV2.0.0.13","4.0.0.2353","PSt7-10","000000-000","8/7/2024 3:37:09 PM","0000-00","0","no battery","V","215852","µV","96196","µV"
"08/11/2024","11:23:44","2","default","203499907","Sensor2","7.908","min","246.211","μmol/L","Humid","22.062","deg","92061","µV","18.705","°C","985.000","hPa","35.0","pmil","0","51.462","deg","22.621","°C","100.000","%a.s.","22.257","deg","22.682","°C","985.000","hPa","0.861","-0.02056","0.00035","-0.00011","0","14.7","Humid","28.35","0","65.20","250132.09","SABD0002000014","AAV2.0.0.13","4.0.0.2353","PSt7-10","000000-000","8/7/2024 3:37:09 PM","0000-00","0","no battery","V","215852","µV","96196","µV"
"08/11/2024","11:23:45","2","default","203499907","Sensor2","7.925","min","246.233","μmol/L","Humid","22.061","deg","92065","µV","18.705","°C","985.000","hPa","35.0","pmil","0","51.462","deg","22.621","°C","100.000","%a.s.","22.257","deg","22.682","°C","985.000","hPa","0.861","-0.02056","0.00035","-0.00011","0","14.7","Humid","28.35","0","65.20","250137.03","SABD0002000014","AAV2.0.0.13","4.0.0.2353","PSt7-10","000000-000","8/7/2024 3:37:09 PM","0000-00","0","no battery","V","215852","µV","96196","µV"
"08/11/2024","11:23:46","2","default","203499907","Sensor2","7.941","min","246.117","μmol/L","Humid","22.064","deg","92066","µV","18.711","°C","985.000","hPa","35.0","pmil","0","51.462","deg","22.621","°C","100.000","%a.s.","22.257","deg","22.682","°C","985.000","hPa","0.861","-0.02056","0.00035","-0.00011","0","14.7","Humid","28.35","0","65.20","250138.04","SABD0002000014","AAV2.0.0.13","4.0.0.2353","PSt7-10","000000-000","8/7/2024 3:37:09 PM","0000-00","0","no battery","V","215852","µV","96196","µV"
"08/11/2024","11:23:47","2","default","203499907","Sensor2","7.958","min","246.211","μmol/L","Humid","22.062","deg","92073","µV","18.705","°C","985.000","hPa","35.0","pmil","0","51.462","deg","22.621","°C","100.000","%a.s.","22.257","deg","22.682","°C","985.000","hPa","0.861","-0.02056","0.00035","-0.00011","0","14.7","Humid","28.35","0","65.20","250138.65","SABD0002000014","AAV2.0.0.13","4.0.0.2353","PSt7-10","000000-000","8/7/2024 3:37:09 PM","0000-00","0","no battery","V","215852","µV","96196","µV"
"08/11/2024","11:23:48","2","default","203499907","Sensor2","7.974","min","246.211","μmol/L","Humid","22.062","deg","92064","µV","18.705","°C","985.000","hPa","35.0","pmil","0","51.462","deg","22.621","°C","100.000","%a.s.","22.257","deg","22.682","°C","985.000","hPa","0.861","-0.02056","0.00035","-0.00011","0","14.7","Humid","28.35","0","65.20","250134.15","SABD0002000014","AAV2.0.0.13","4.0.0.2353","PSt7-10","000000-000","8/7/2024 3:37:09 PM","0000-00","0","no battery","V","215852","µV","96196","µV"
"08/11/2024","11:23:49","2","default","203499907","Sensor2","7.991","min","246.136","μmol/L","Humid","22.061","deg","92059","µV","18.718","°C","985.000","hPa","35.0","pmil","0","51.462","deg","22.621","°C","100.000","%a.s.","22.257","deg","22.682","°C","985.000","hPa","0.861","-0.02056","0.00035","-0.00011","0","14.7","Humid","28.35","0","65.20","250134.92","SABD0002000014","AAV2.0.0.13","4.0.0.2353","PSt7-10","000000-000","8/7/2024 3:37:09 PM","0000-00","0","no battery","V","215852","µV","96196","µV"
"08/11/2024","11:23:50","2","default","203499907","Sensor2","8.008","min","246.162","μmol/L","Humid","22.062","deg","92065","µV","18.711","°C","985.000","hPa","35.0","pmil","0","51.462","deg","22.621","°C","100.000","%a.s.","22.257","deg","22.682","°C","985.000","hPa","0.861","-0.02056","0.00035","-0.00011","0","14.7","Humid","28.35","0","65.20","250131.32","SABD0002000014","AAV2.0.0.13","4.0.0.2353","PSt7-10","000000-000","8/7/2024 3:37:09 PM","0000-00","0","no battery","V","215852","µV","96196","µV"
"08/11/2024","11:23:51","2","default","203499907","Sensor2","8.025","min","246.095","μmol/L","Humid","22.065","deg","92062","µV","18.711","°C","985.000","hPa","35.0","pmil","0","51.462","deg","22.621","°C","100.000","%a.s.","22.257","deg","22.682","°C","985.000","hPa","0.861","-0.02056","0.00035","-0.00011","0","14.7","Humid","28.35","0","65.20","250125.22","SABD0002000014","AAV2.0.0.13","4.0.0.2353","PSt7-10","000000-000","8/7/2024 3:37:09 PM","0000-00","0","no battery","V","215852","µV","96196","µV"
"08/11/2024","11:23:52","2","default","203499907","Sensor2","8.041","min","246.233","μmol/L","Humid","22.061","deg","92064","µV","18.705","°C","985.000","hPa","35.0","pmil","0","51.462","deg","22.621","°C","100.000","%a.s.","22.257","deg","22.682","°C","985.000","hPa","0.861","-0.02056","0.00035","-0.00011","0","14.7","Humid","28.35","0","65.20","250113.02","SABD0002000014","AAV2.0.0.13","4.0.0.2353","PSt7-10","000000-000","8/7/2024 3:37:09 PM","0000-00","0","no battery","V","215852","µV","96196","µV"
"08/11/2024","11:23:53","2","default","203499907","Sensor2","8.058","min","246.162","μmol/L","Humid","22.062","deg","92058","µV","18.711","°C","985.000","hPa","35.0","pmil","0","51.462","deg","22.621","°C","100.000","%a.s.","22.257","deg","22.682","°C","985.000","hPa","0.861","-0.02056","0.00035","-0.00011","0","14.7","Humid","28.35","0","65.20","250126.95","SABD0002000014","AAV2.0.0.13","4.0.0.2353","PSt7-10","000000-000","8/7/2024 3:37:09 PM","0000-00","0","no battery","V","215852","µV","96196","µV"
"08/11/2024","11:23:54","2","default","203499907","Sensor2","8.075","min","246.207","μmol/L","Humid","22.060","deg","92054","µV","18.711","°C","985.000","hPa","35.0","pmil","0","51.462","deg","22.621","°C","100.000","%a.s.","22.257","deg","22.682","°C","985.000","hPa","0.861","-0.02056","0.00035","-0.00011","0","14.7","Humid","28.35","0","65.20","250122.66","SABD0002000014","AAV2.0.0.13","4.0.0.2353","PSt7-10","000000-000","8/7/2024 3:37:09 PM","0000-00","0","no battery","V","215852","µV","96196","µV"
"08/11/2024","11:23:55","2","default","203499907","Sensor2","8.091","min","246.185","μmol/L","Humid","22.061","deg","92059","µV","18.711","°C","985.000","hPa","35.0","pmil","0","51.462","deg","22.621","°C","100.000","%a.s.","22.257","deg","22.682","°C","985.000","hPa","0.861","-0.02056","0.00035","-0.00011","0","14.7","Humid","28.35","0","65.20","250118.62","SABD0002000014","AAV2.0.0.13","4.0.0.2353","PSt7-10","000000-000","8/7/2024 3:37:09 PM","0000-00","0","no battery","V","215852","µV","96196","µV"
"08/11/2024","11:23:56","2","default","203499907","Sensor2","8.108","min","246.185","μmol/L","Humid","22.061","deg","92061","µV","18.711","°C","985.000","hPa","35.0","pmil","0","51.462","deg","22.621","°C","100.000","%a.s.","22.257","deg","22.682","°C","985.000","hPa","0.861","-0.02056","0.00035","-0.00011","0","14.7","Humid","28.35","0","65.20","250125.23","SABD0002000014","AAV2.0.0.13","4.0.0.2353","PSt7-10","000000-000","8/7/2024 3:37:09 PM","0000-00","0","no battery","V","215852","µV","96196","µV"
"08/11/2024","11:23:57","2","default","203499907","Sensor2","8.125","min","246.166","μmol/L","Humid","22.064","deg","92055","µV","18.705","°C","985.000","hPa","35.0","pmil","0","51.462","deg","22.621","°C","100.000","%a.s.","22.257","deg","22.682","°C","985.000","hPa","0.861","-0.02056","0.00035","-0.00011","0","14.7","Humid","28.35","0","65.20","250119.42","SABD0002000014","AAV2.0.0.13","4.0.0.2353","PSt7-10","000000-000","8/7/2024 3:37:09 PM","0000-00","0","no battery","V","215852","µV","96196","µV"
"08/11/2024","11:23:58","2","default","203499907","Sensor2","8.142","min","246.140","μmol/L","Humid","22.063","deg","92057","µV","18.711","°C","985.000","hPa","35.0","pmil","0","51.462","deg","22.621","°C","100.000","%a.s.","22.257","deg","22.682","°C","985.000","hPa","0.861","-0.02056","0.00035","-0.00011","0","14.7","Humid","28.35","0","65.20","250120.49","SABD0002000014","AAV2.0.0.13","4.0.0.2353","PSt7-10","000000-000","8/7/2024 3:37:09 PM","0000-00","0","no battery","V","215852","µV","96196","µV"
"08/11/2024","11:23:59","2","default","203499907","Sensor2","8.158","min","246.117","μmol/L","Humid","22.064","deg","92052","µV","18.711","°C","985.000","hPa","35.0","pmil","0","51.462","deg","22.621","°C","100.000","%a.s.","22.257","deg","22.682","°C","985.000","hPa","0.861","-0.02056","0.00035","-0.00011","0","14.7","Humid","28.35","0","65.20","250108.87","SABD0002000014","AAV2.0.0.13","4.0.0.2353","PSt7-10","000000-000","8/7/2024 3:37:09 PM","0000-00","0","no battery","V","215852","µV","96196","µV"
"08/11/2024","11:24:00","2","default","203499907","Sensor2","8.175","min","246.233","μmol/L","Humid","22.061","deg","92057","µV","18.705","°C","985.000","hPa","35.0","pmil","0","51.462","deg","22.621","°C","100.000","%a.s.","22.257","deg","22.682","°C","985.000","hPa","0.861","-0.02056","0.00035","-0.00011","0","14.7","Humid","28.35","0","65.20","250119.10","SABD0002000014","AAV2.0.0.13","4.0.0.2353","PSt7-10","000000-000","8/7/2024 3:37:09 PM","0000-00","0","no battery","V","215852","µV","96196","µV"
"08/11/2024","11:24:01","2","default","203499907","Sensor2","8.191","min","246.188","μmol/L","Humid","22.063","deg","92052","µV","18.705","°C","985.000","hPa","35.0","pmil","0","51.462","deg","22.621","°C","100.000","%a.s.","22.257","deg","22.682","°C","985.000","hPa","0.861","-0.02056","0.00035","-0.00011","0","14.7","Humid","28.35","0","65.20","250119.16","SABD0002000014","AAV2.0.0.13","4.0.0.2353","PSt7-10","000000-000","8/7/2024 3:37:09 PM","0000-00","0","no battery","V","215852","µV","96196","µV"
"08/11/2024","11:24:02","2","default","203499907","Sensor2","8.208","min","246.073","μmol/L","Humid","22.066","deg","92059","µV","18.711","°C","985.000","hPa","35.0","pmil","0","51.462","deg","22.621","°C","100.000","%a.s.","22.257","deg","22.682","°C","985.000","hPa","0.861","-0.02056","0.00035","-0.00011","0","14.7","Humid","28.35","0","65.20","250110.88","SABD0002000014","AAV2.0.0.13","4.0.0.2353","PSt7-10","000000-000","8/7/2024 3:37:09 PM","0000-00","0","no battery","V","215852","µV","96196","µV"
"08/11/2024","11:24:03","2","default","203499907","Sensor2","8.224","min","246.140","μmol/L","Humid","22.063","deg","92054","µV","18.711","°C","985.000","hPa","35.0","pmil","0","51.462","deg","22.621","°C","100.000","%a.s.","22.257","deg","22.682","°C","985.000","hPa","0.861","-0.02056","0.00035","-0.00011","0","14.7","Humid","28.35","0","65.20","250111.28","SABD0002000014","AAV2.0.0.13","4.0.0.2353","PSt7-10","000000-000","8/7/2024 3:37:09 PM","0000-00","0","no battery","V","215852","µV","96196","µV"
"08/11/2024","11:24:04","2","default","203499907","Sensor2","8.241","min","246.185","μmol/L","Humid","22.061","deg","92050","µV","18.711","°C","985.000","hPa","35.0","pmil","0","51.462","deg","22.621","°C","100.000","%a.s.","22.257","deg","22.682","°C","985.000","hPa","0.861","-0.02056","0.00035","-0.00011","0","14.7","Humid","28.35","0","65.20","250117.17","SABD0002000014","AAV2.0.0.13","4.0.0.2353","PSt7-10","000000-000","8/7/2024 3:37:09 PM","0000-00","0","no battery","V","215852","µV","96196","µV"
"08/11/2024","11:24:05","2","default","203499907","Sensor2","8.258","min","246.077","μmol/L","Humid","22.068","deg","92051","µV","18.705","°C","985.000","hPa","35.0","pmil","0","51.462","deg","22.621","°C","100.000","%a.s.","22.257","deg","22.682","°C","985.000","hPa","0.861","-0.02056","0.00035","-0.00011","0","14.7","Humid","28.35","0","65.20","250111.96","SABD0002000014","AAV2.0.0.13","4.0.0.2353","PSt7-10","000000-000","8/7/2024 3:37:09 PM","0000-00","0","no battery","V","215852","µV","96196","µV"
"08/11/2024","11:24:06","2","default","203499907","Sensor2","8.274","min","246.095","μmol/L","Humid","22.065","deg","92051","µV","18.711","°C","985.000","hPa","35.0","pmil","0","51.462","deg","22.621","°C","100.000","%a.s.","22.257","deg","22.682","°C","985.000","hPa","0.861","-0.02056","0.00035","-0.00011","0","14.7","Humid","28.35","0","65.20","250100.02","SABD0002000014","AAV2.0.0.13","4.0.0.2353","PSt7-10","000000-000","8/7/2024 3:37:09 PM","0000-00","0","no battery","V","215852","µV","96196","µV"
"08/11/2024","11:24:07","2","default","203499907","Sensor2","8.291","min","246.326","μmol/L","Humid","22.059","deg","92050","µV","18.699","°C","985.000","hPa","35.0","pmil","0","51.462","deg","22.621","°C","100.000","%a.s.","22.257","deg","22.682","°C","985.000","hPa","0.861","-0.02056","0.00035","-0.00011","0","14.7","Humid","28.35","0","65.20","250112.61","SABD0002000014","AAV2.0.0.13","4.0.0.2353","PSt7-10","000000-000","8/7/2024 3:37:09 PM","0000-00","0","no battery","V","215852","µV","96196","µV"
"08/11/2024","11:24:08","2","default","203499907","Sensor2","8.308","min","246.188","μmol/L","Humid","22.063","deg","92054","µV","18.705","°C","985.000","hPa","35.0","pmil","0","51.462","deg","22.621","°C","100.000","%a.s.","22.257","deg","22.682","°C","985.000","hPa","0.861","-0.02056","0.00035","-0.00011","0","14.7","Humid","28.35","0","65.20","250108.55","SABD0002000014","AAV2.0.0.13","4.0.0.2353","PSt7-10","000000-000","8/7/2024 3:37:09 PM","0000-00","0","no battery","V","215852","µV","96196","µV"
"08/11/2024","11:24:09","2","default","203499907","Sensor2","8.325","min","246.211","μmol/L","Humid","22.062","deg","92049","µV","18.705","°C","985.000","hPa","35.0","pmil","0","51.462","deg","22.621","°C","100.000","%a.s.","22.257","deg","22.682","°C","985.000","hPa","0.861","-0.02056","0.00035","-0.00011","0","14.7","Humid","28.35","0","65.20","250110.38","SABD0002000014","AAV2.0.0.13","4.0.0.2353","PSt7-10","000000-000","8/7/2024 3:37:09 PM","0000-00","0","no battery","V","215852","µV","96196","µV"
"08/11/2024","11:24:10","2","default","203499907","Sensor2","8.341","min","246.117","μmol/L","Humid","22.064","deg","92049","µV","18.711","°C","985.000","hPa","35.0","pmil","0","51.462","deg","22.621","°C","100.000","%a.s.","22.257","deg","22.682","°C","985.000","hPa","0.861","-0.02056","0.00035","-0.00011","0","14.7","Humid","28.35","0","65.20","250100.21","SABD0002000014","AAV2.0.0.13","4.0.0.2353","PSt7-10","000000-000","8/7/2024 3:37:09 PM","0000-00","0","no battery","V","215852","µV","96196","µV"
"08/11/2024","11:24:11","2","default","203499907","Sensor2","8.358","min","246.140","μmol/L","Humid","22.063","deg","92050","µV","18.711","°C","985.000","hPa","35.0","pmil","0","51.462","deg","22.621","°C","100.000","%a.s.","22.257","deg","22.682","°C","985.000","hPa","0.861","-0.02056","0.00035","-0.00011","0","14.7","Humid","28.35","0","65.20","250106.22","SABD0002000014","AAV2.0.0.13","4.0.0.2353","PSt7-10","000000-000","8/7/2024 3:37:09 PM","0000-00","0","no battery","V","215852","µV","96196","µV"
"08/11/2024","11:24:12","2","default","203499907","Sensor2","8.375","min","246.233","μmol/L","Humid","22.061","deg","92040","µV","18.705","°C","985.000","hPa","35.0","pmil","0","51.462","deg","22.621","°C","100.000","%a.s.","22.257","deg","22.682","°C","985.000","hPa","0.861","-0.02056","0.00035","-0.00011","0","14.7","Humid","28.35","0","65.20","250092.66","SABD0002000014","AAV2.0.0.13","4.0.0.2353","PSt7-10","000000-000","8/7/2024 3:37:09 PM","0000-00","0","no battery","V","215852","µV","96196","µV"
"08/11/2024","11:24:13","2","default","203499907","Sensor2","8.392","min","246.207","μmol/L","Humid","22.060","deg","92045","µV","18.711","°C","985.000","hPa","35.0","pmil","0","51.462","deg","22.621","°C","100.000","%a.s.","22.257","deg","22.682","°C","985.000","hPa","0.861","-0.02056","0.00035","-0.00011","0","14.7","Humid","28.35","0","65.20","250088.11","SABD0002000014","AAV2.0.0.13","4.0.0.2353","PSt7-10","000000-000","8/7/2024 3:37:09 PM","0000-00","0","no battery","V","215852","µV","96196","µV"
"08/11/2024","11:24:14","2","default","203499907","Sensor2","8.408","min","246.117","μmol/L","Humid","22.064","deg","92043","µV","18.711","°C","985.000","hPa","35.0","pmil","0","51.462","deg","22.621","°C","100.000","%a.s.","22.257","deg","22.682","°C","985.000","hPa","0.861","-0.02056","0.00035","-0.00011","0","14.7","Humid","28.35","0","65.20","250091.07","SABD0002000014","AAV2.0.0.13","4.0.0.2353","PSt7-10","000000-000","8/7/2024 3:37:09 PM","0000-00","0","no battery","V","215852","µV","96196","µV"
"08/11/2024","11:24:15","2","default","203499907","Sensor2","8.425","min","246.147","μmol/L","Humid","22.067","deg","92044","µV","18.699","°C","985.000","hPa","35.0","pmil","0","51.462","deg","22.621","°C","100.000","%a.s.","22.257","deg","22.682","°C","985.000","hPa","0.861","-0.02056","0.00035","-0.00011","0","14.7","Humid","28.35","0","65.20","250108.53","SABD0002000014","AAV2.0.0.13","4.0.0.2353","PSt7-10","000000-000","8/7/2024 3:37:09 PM","0000-00","0","no battery","V","215852","µV","96196","µV"
"08/11/2024","11:24:16","2","default","203499907","Sensor2","8.442","min","246.229","μmol/L","Humid","22.059","deg","92042","µV","18.711","°C","985.000","hPa","35.0","pmil","0","51.462","deg","22.621","°C","100.000","%a.s.","22.257","deg","22.682","°C","985.000","hPa","0.861","-0.02056","0.00035","-0.00011","0","14.7","Humid","28.35","0","65.20","250103.13","SABD0002000014","AAV2.0.0.13","4.0.0.2353","PSt7-10","000000-000","8/7/2024 3:37:09 PM","0000-00","0","no battery","V","215852","µV","96196","µV"
"08/11/2024","11:24:17","2","default","203499907","Sensor2","8.458","min","246.170","μmol/L","Humid","22.066","deg","92046","µV","18.699","°C","985.000","hPa","35.0","pmil","0","51.462","deg","22.621","°C","100.000","%a.s.","22.257","deg","22.682","°C","985.000","hPa","0.861","-0.02056","0.00035","-0.00011","0","14.7","Humid","28.35","0","65.20","250095.16","SABD0002000014","AAV2.0.0.13","4.0.0.2353","PSt7-10","000000-000","8/7/2024 3:37:09 PM","0000-00","0","no battery","V","215852","µV","96196","µV"
"08/11/2024","11:24:18","2","default","203499907","Sensor2","8.474","min","246.099","μmol/L","Humid","22.067","deg","92045","µV","18.705","°C","985.000","hPa","35.0","pmil","0","51.462","deg","22.621","°C","100.000","%a.s.","22.257","deg","22.682","°C","985.000","hPa","0.861","-0.02056","0.00035","-0.00011","0","14.7","Humid","28.35","0","65.20","250095.24","SABD0002000014","AAV2.0.0.13","4.0.0.2353","PSt7-10","000000-000","8/7/2024 3:37:09 PM","0000-00","0","no battery","V","215852","µV","96196","µV"
"08/11/2024","11:24:19","2","default","203499907","Sensor2","8.491","min","246.188","μmol/L","Humid","22.063","deg","92040","µV","18.705","°C","985.000","hPa","35.0","pmil","0","51.462","deg","22.621","°C","100.000","%a.s.","22.257","deg","22.682","°C","985.000","hPa","0.861","-0.02056","0.00035","-0.00011","0","14.7","Humid","28.35","0","65.20","250101.63","SABD0002000014","AAV2.0.0.13","4.0.0.2353","PSt7-10","000000-000","8/7/2024 3:37:09 PM","0000-00","0","no battery","V","215852","µV","96196","µV"
"08/11/2024","11:24:20","2","default","203499907","Sensor2","8.508","min","246.166","μmol/L","Humid","22.064","deg","92041","µV","18.705","°C","985.000","hPa","35.0","pmil","0","51.462","deg","22.621","°C","100.000","%a.s.","22.257","deg","22.682","°C","985.000","hPa","0.861","-0.02056","0.00035","-0.00011","0","14.7","Humid","28.35","0","65.20","250101.79","SABD0002000014","AAV2.0.0.13","4.0.0.2353","PSt7-10","000000-000","8/7/2024 3:37:09 PM","0000-00","0","no battery","V","215852","µV","96196","µV"
"08/11/2024","11:24:21","2","default","203499907","Sensor2","8.525","min","246.166","μmol/L","Humid","22.064","deg","92039","µV","18.705","°C","985.000","hPa","35.0","pmil","0","51.462","deg","22.621","°C","100.000","%a.s.","22.257","deg","22.682","°C","985.000","hPa","0.861","-0.02056","0.00035","-0.00011","0","14.7","Humid","28.35","0","65.20","250096.10","SABD0002000014","AAV2.0.0.13","4.0.0.2353","PSt7-10","000000-000","8/7/2024 3:37:09 PM","0000-00","0","no battery","V","215852","µV","96196","µV"
"08/11/2024","11:24:22","2","default","203499907","Sensor2","8.541","min","246.095","μmol/L","Humid","22.065","deg","92035","µV","18.711","°C","985.000","hPa","35.0","pmil","0","51.462","deg","22.621","°C","100.000","%a.s.","22.257","deg","22.682","°C","985.000","hPa","0.861","-0.02056","0.00035","-0.00011","0","14.7","Humid","28.35","0","65.20","250099.38","SABD0002000014","AAV2.0.0.13","4.0.0.2353","PSt7-10","000000-000","8/7/2024 3:37:09 PM","0000-00","0","no battery","V","215852","µV","96196","µV"
"08/11/2024","11:24:23","2","default","203499907","Sensor2","8.558","min","246.166","μmol/L","Humid","22.064","deg","92036","µV","18.705","°C","985.000","hPa","35.0","pmil","0","51.462","deg","22.621","°C","100.000","%a.s.","22.257","deg","22.682","°C","985.000","hPa","0.861","-0.02056","0.00035","-0.00011","0","14.7","Humid","28.35","0","65.20","250096.71","SABD0002000014","AAV2.0.0.13","4.0.0.2353","PSt7-10","000000-000","8/7/2024 3:37:09 PM","0000-00","0","no battery","V","215852","µV","96196","µV"
"08/11/2024","11:24:24","2","default","203499907","Sensor2","8.575","min","246.233","μmol/L","Humid","22.061","deg","92043","µV","18.705","°C","985.000","hPa","35.0","pmil","0","51.462","deg","22.621","°C","100.000","%a.s.","22.257","deg","22.682","°C","985.000","hPa","0.861","-0.02056","0.00035","-0.00011","0","14.7","Humid","28.35","0","65.20","250096.44","SABD0002000014","AAV2.0.0.13","4.0.0.2353","PSt7-10","000000-000","8/7/2024 3:37:09 PM","0000-00","0","no battery","V","215852","µV","96196","µV"
"08/11/2024","11:24:25","2","default","203499907","Sensor2","8.592","min","246.185","μmol/L","Humid","22.061","deg","92041","µV","18.711","°C","985.000","hPa","35.0","pmil","0","51.462","deg","22.621","°C","100.000","%a.s.","22.257","deg","22.682","°C","985.000","hPa","0.861","-0.02056","0.00035","-0.00011","0","14.7","Humid","28.35","0","65.20","250093.44","SABD0002000014","AAV2.0.0.13","4.0.0.2353","PSt7-10","000000-000","8/7/2024 3:37:09 PM","0000-00","0","no battery","V","215852","µV","96196","µV"
"08/11/2024","11:24:26","2","default","203499907","Sensor2","8.608","min","246.188","μmol/L","Humid","22.063","deg","92042","µV","18.705","°C","985.000","hPa","35.0","pmil","0","51.462","deg","22.621","°C","100.000","%a.s.","22.257","deg","22.682","°C","985.000","hPa","0.861","-0.02056","0.00035","-0.00011","0","14.7","Humid","28.35","0","65.20","250092.19","SABD0002000014","AAV2.0.0.13","4.0.0.2353","PSt7-10","000000-000","8/7/2024 3:37:09 PM","0000-00","0","no battery","V","215852","µV","96196","µV"
"08/11/2024","11:24:27","2","default","203499907","Sensor2","8.625","min","246.095","μmol/L","Humid","22.065","deg","92034","µV","18.711","°C","985.000","hPa","35.0","pmil","0","51.462","deg","22.621","°C","100.000","%a.s.","22.257","deg","22.682","°C","985.000","hPa","0.861","-0.02056","0.00035","-0.00011","0","14.7","Humid","28.35","0","65.20","250097.67","SABD0002000014","AAV2.0.0.13","4.0.0.2353","PSt7-10","000000-000","8/7/2024 3:37:09 PM","0000-00","0","no battery","V","215852","µV","96196","µV"
"08/11/2024","11:24:28","2","default","203499907","Sensor2","8.641","min","246.162","μmol/L","Humid","22.062","deg","92038","µV","18.711","°C","985.000","hPa","35.0","pmil","0","51.462","deg","22.621","°C","100.000","%a.s.","22.257","deg","22.682","°C","985.000","hPa","0.861","-0.02056","0.00035","-0.00011","0","14.7","Humid","28.35","0","65.20","250085.07","SABD0002000014","AAV2.0.0.13","4.0.0.2353","PSt7-10","000000-000","8/7/2024 3:37:09 PM","0000-00","0","no battery","V","215852","µV","96196","µV"
"08/11/2024","11:24:29","2","default","203499907","Sensor2","8.658","min","246.144","μmol/L","Humid","22.065","deg","92034","µV","18.705","°C","985.000","hPa","35.0","pmil","0","51.462","deg","22.621","°C","100.000","%a.s.","22.257","deg","22.682","°C","985.000","hPa","0.861","-0.02056","0.00035","-0.00011","0","14.7","Humid","28.35","0","65.20","250097.45","SABD0002000014","AAV2.0.0.13","4.0.0.2353","PSt7-10","000000-000","8/7/2024 3:37:09 PM","0000-00","0","no battery","V","215852","µV","96196","µV"
"08/11/2024","11:24:30","2","default","203499907","Sensor2","8.675","min","246.188","μmol/L","Humid","22.063","deg","92034","µV","18.705","°C","985.000","hPa","35.0","pmil","0","51.462","deg","22.621","°C","100.000","%a.s.","22.257","deg","22.682","°C","985.000","hPa","0.861","-0.02056","0.00035","-0.00011","0","14.7","Humid","28.35","0","65.20","250089.63","SABD0002000014","AAV2.0.0.13","4.0.0.2353","PSt7-10","000000-000","8/7/2024 3:37:09 PM","0000-00","0","no battery","V","215852","µV","96196","µV"
"08/11/2024","11:24:31","2","default","203499907","Sensor2","8.691","min","246.233","μmol/L","Humid","22.061","deg","92031","µV","18.705","°C","985.000","hPa","35.0","pmil","0","51.462","deg","22.621","°C","100.000","%a.s.","22.257","deg","22.682","°C","985.000","hPa","0.861","-0.02056","0.00035","-0.00011","0","14.7","Humid","28.35","0","65.20","250094.22","SABD0002000014","AAV2.0.0.13","4.0.0.2353","PSt7-10","000000-000","8/7/2024 3:37:09 PM","0000-00","0","no battery","V","215852","µV","96196","µV"
"08/11/2024","11:24:32","2","default","203499907","Sensor2","8.708","min","246.188","μmol/L","Humid","22.063","deg","92031","µV","18.705","°C","985.000","hPa","35.0","pmil","0","51.462","deg","22.621","°C","100.000","%a.s.","22.257","deg","22.682","°C","985.000","hPa","0.861","-0.02056","0.00035","-0.00011","0","14.7","Humid","28.35","0","65.20","250085.53","SABD0002000014","AAV2.0.0.13","4.0.0.2353","PSt7-10","000000-000","8/7/2024 3:37:09 PM","0000-00","0","no battery","V","215852","µV","96196","µV"
"08/11/2024","11:24:33","2","default","203499907","Sensor2","8.725","min","246.170","μmol/L","Humid","22.066","deg","92033","µV","18.699","°C","985.000","hPa","35.0","pmil","0","51.462","deg","22.621","°C","100.000","%a.s.","22.257","deg","22.682","°C","985.000","hPa","0.861","-0.02056","0.00035","-0.00011","0","14.7","Humid","28.35","0","65.20","250096.88","SABD0002000014","AAV2.0.0.13","4.0.0.2353","PSt7-10","000000-000","8/7/2024 3:37:09 PM","0000-00","0","no battery","V","215852","µV","96196","µV"
"08/11/2024","11:24:34","2","default","203499907","Sensor2","8.741","min","246.099","μmol/L","Humid","22.067","deg","92022","µV","18.705","°C","985.000","hPa","35.0","pmil","0","51.462","deg","22.621","°C","100.000","%a.s.","22.257","deg","22.682","°C","985.000","hPa","0.861","-0.02056","0.00035","-0.00011","0","14.7","Humid","28.35","0","65.20","250093.03","SABD0002000014","AAV2.0.0.13","4.0.0.2353","PSt7-10","000000-000","8/7/2024 3:37:09 PM","0000-00","0","no battery","V","215852","µV","96196","µV"
"08/11/2024","11:24:35","2","default","203499907","Sensor2","8.758","min","246.259","μmol/L","Humid","22.062","deg","92032","µV","18.699","°C","985.000","hPa","35.0","pmil","0","51.462","deg","22.621","°C","100.000","%a.s.","22.257","deg","22.682","°C","985.000","hPa","0.861","-0.02056","0.00035","-0.00011","0","14.7","Humid","28.35","0","65.20","250090.17","SABD0002000014","AAV2.0.0.13","4.0.0.2353","PSt7-10","000000-000","8/7/2024 3:37:09 PM","0000-00","0","no battery","V","215852","µV","96196","µV"
"08/11/2024","11:24:36","2","default","203499907","Sensor2","8.775","min","246.144","μmol/L","Humid","22.065","deg","92028","µV","18.705","°C","985.000","hPa","35.0","pmil","0","51.462","deg","22.621","°C","100.000","%a.s.","22.257","deg","22.682","°C","985.000","hPa","0.861","-0.02056","0.00035","-0.00011","0","14.7","Humid","28.35","0","65.20","250100.82","SABD0002000014","AAV2.0.0.13","4.0.0.2353","PSt7-10","000000-000","8/7/2024 3:37:09 PM","0000-00","0","no battery","V","215852","µV","96196","µV"
"08/11/2024","11:24:37","2","default","203499907","Sensor2","8.792","min","246.144","μmol/L","Humid","22.065","deg","92030","µV","18.705","°C","985.000","hPa","35.0","pmil","0","51.462","deg","22.621","°C","100.000","%a.s.","22.257","deg","22.682","°C","985.000","hPa","0.861","-0.02056","0.00035","-0.00011","0","14.7","Humid","28.35","0","65.20","250089.86","SABD0002000014","AAV2.0.0.13","4.0.0.2353","PSt7-10","000000-000","8/7/2024 3:37:09 PM","0000-00","0","no battery","V","215852","µV","96196","µV"
"08/11/2024","11:24:38","2","default","203499907","Sensor2","8.808","min","246.188","μmol/L","Humid","22.063","deg","92029","µV","18.705","°C","985.000","hPa","35.0","pmil","0","51.462","deg","22.621","°C","100.000","%a.s.","22.257","deg","22.682","°C","985.000","hPa","0.861","-0.02056","0.00035","-0.00011","0","14.7","Humid","28.35","0","65.20","250087.81","SABD0002000014","AAV2.0.0.13","4.0.0.2353","PSt7-10","000000-000","8/7/2024 3:37:09 PM","0000-00","0","no battery","V","215852","µV","96196","µV"
"08/11/2024","11:24:39","2","default","203499907","Sensor2","8.824","min","246.125","μmol/L","Humid","22.068","deg","92025","µV","18.699","°C","985.000","hPa","35.0","pmil","0","51.462","deg","22.621","°C","100.000","%a.s.","22.257","deg","22.682","°C","985.000","hPa","0.861","-0.02056","0.00035","-0.00011","0","14.7","Humid","28.35","0","65.20","250088.36","SABD0002000014","AAV2.0.0.13","4.0.0.2353","PSt7-10","000000-000","8/7/2024 3:37:09 PM","0000-00","0","no battery","V","215852","µV","96196","µV"
"08/11/2024","11:24:40","2","default","203499907","Sensor2","8.841","min","246.099","μmol/L","Humid","22.067","deg","92024","µV","18.705","°C","985.000","hPa","35.0","pmil","0","51.462","deg","22.621","°C","100.000","%a.s.","22.257","deg","22.682","°C","985.000","hPa","0.861","-0.02056","0.00035","-0.00011","0","14.7","Humid","28.35","0","65.20","250083.18","SABD0002000014","AAV2.0.0.13","4.0.0.2353","PSt7-10","000000-000","8/7/2024 3:37:09 PM","0000-00","0","no battery","V","215852","µV","96196","µV"
"08/11/2024","11:24:41","2","default","203499907","Sensor2","8.858","min","246.121","μmol/L","Humid","22.066","deg","92027","µV","18.705","°C","985.000","hPa","35.0","pmil","0","51.462","deg","22.621","°C","100.000","%a.s.","22.257","deg","22.682","°C","985.000","hPa","0.861","-0.02056","0.00035","-0.00011","0","14.7","Humid","28.35","0","65.20","250074.42","SABD0002000014","AAV2.0.0.13","4.0.0.2353","PSt7-10","000000-000","8/7/2024 3:37:09 PM","0000-00","0","no battery","V","215852","µV","96196","µV"
"08/11/2024","11:24:42","2","default","203499907","Sensor2","8.875","min","246.117","μmol/L","Humid","22.064","deg","92028","µV","18.711","°C","985.000","hPa","35.0","pmil","0","51.462","deg","22.621","°C","100.000","%a.s.","22.257","deg","22.682","°C","985.000","hPa","0.861","-0.02056","0.00035","-0.00011","0","14.7","Humid","28.35","0","65.20","250077.76","SABD0002000014","AAV2.0.0.13","4.0.0.2353","PSt7-10","000000-000","8/7/2024 3:37:09 PM","0000-00","0","no battery","V","215852","µV","96196","µV"
"08/11/2024","11:24:43","2","default","203499907","Sensor2","8.891","min","246.166","μmol/L","Humid","22.064","deg","92029","µV","18.705","°C","985.000","hPa","35.0","pmil","0","51.462","deg","22.621","°C","100.000","%a.s.","22.257","deg","22.682","°C","985.000","hPa","0.861","-0.02056","0.00035","-0.00011","0","14.7","Humid","28.35","0","65.20","250073.93","SABD0002000014","AAV2.0.0.13","4.0.0.2353","PSt7-10","000000-000","8/7/2024 3:37:09 PM","0000-00","0","no battery","V","215852","µV","96196","µV"
"08/11/2024","11:24:44","2","default","203499907","Sensor2","8.908","min","246.121","μmol/L","Humid","22.066","deg","92032","µV","18.705","°C","985.000","hPa","35.0","pmil","0","51.462","deg","22.621","°C","100.000","%a.s.","22.257","deg","22.682","°C","985.000","hPa","0.861","-0.02056","0.00035","-0.00011","0","14.7","Humid","28.35","0","65.20","250088.07","SABD0002000014","AAV2.0.0.13","4.0.0.2353","PSt7-10","000000-000","8/7/2024 3:37:09 PM","0000-00","0","no battery","V","215852","µV","96196","µV"
"08/11/2024","11:24:45","2","default","203499907","Sensor2","8.925","min","246.233","μmol/L","Humid","22.061","deg","92028","µV","18.705","°C","985.000","hPa","35.0","pmil","0","51.462","deg","22.621","°C","100.000","%a.s.","22.257","deg","22.682","°C","985.000","hPa","0.861","-0.02056","0.00035","-0.00011","0","14.7","Humid","28.35","0","65.20","250084.80","SABD0002000014","AAV2.0.0.13","4.0.0.2353","PSt7-10","000000-000","8/7/2024 3:37:09 PM","0000-00","0","no battery","V","215852","µV","96196","µV"
"08/11/2024","11:24:46","2","default","203499907","Sensor2","8.942","min","246.077","μmol/L","Humid","22.068","deg","92024","µV","18.705","°C","985.000","hPa","35.0","pmil","0","51.462","deg","22.621","°C","100.000","%a.s.","22.257","deg","22.682","°C","985.000","hPa","0.861","-0.02056","0.00035","-0.00011","0","14.7","Humid","28.35","0","65.20","250074.09","SABD0002000014","AAV2.0.0.13","4.0.0.2353","PSt7-10","000000-000","8/7/2024 3:37:09 PM","0000-00","0","no battery","V","215852","µV","96196","µV"
"08/11/2024","11:24:47","2","default","203499907","Sensor2","8.958","min","246.192","μmol/L","Humid","22.065","deg","92019","µV","18.699","°C","985.000","hPa","35.0","pmil","0","51.462","deg","22.621","°C","100.000","%a.s.","22.257","deg","22.682","°C","985.000","hPa","0.861","-0.02056","0.00035","-0.00011","0","14.7","Humid","28.35","0","65.20","250067.91","SABD0002000014","AAV2.0.0.13","4.0.0.2353","PSt7-10","000000-000","8/7/2024 3:37:09 PM","0000-00","0","no battery","V","215852","µV","96196","µV"
"08/11/2024","11:24:48","2","default","203499907","Sensor2","8.975","min","246.188","μmol/L","Humid","22.063","deg","92027","µV","18.705","°C","985.000","hPa","35.0","pmil","0","51.462","deg","22.621","°C","100.000","%a.s.","22.257","deg","22.682","°C","985.000","hPa","0.861","-0.02056","0.00035","-0.00011","0","14.7","Humid","28.35","0","65.20","250077.25","SABD0002000014","AAV2.0.0.13","4.0.0.2353","PSt7-10","000000-000","8/7/2024 3:37:09 PM","0000-00","0","no battery","V","215852","µV","96196","µV"
"08/11/2024","11:24:49","2","default","203499907","Sensor2","8.992","min","246.259","μmol/L","Humid","22.062","deg","92021","µV","18.699","°C","985.000","hPa","35.0","pmil","0","51.462","deg","22.621","°C","100.000","%a.s.","22.257","deg","22.682","°C","985.000","hPa","0.861","-0.02056","0.00035","-0.00011","0","14.7","Humid","28.35","0","65.20","250079.01","SABD0002000014","AAV2.0.0.13","4.0.0.2353","PSt7-10","000000-000","8/7/2024 3:37:09 PM","0000-00","0","no battery","V","215852","µV","96196","µV"
"08/11/2024","11:24:50","2","default","203499907","Sensor2","9.008","min","246.147","μmol/L","Humid","22.067","deg","92023","µV","18.699","°C","985.000","hPa","35.0","pmil","0","51.462","deg","22.621","°C","100.000","%a.s.","22.257","deg","22.682","°C","985.000","hPa","0.861","-0.02056","0.00035","-0.00011","0","14.7","Humid","28.35","0","65.20","250071.91","SABD0002000014","AAV2.0.0.13","4.0.0.2353","PSt7-10","000000-000","8/7/2024 3:37:09 PM","0000-00","0","no battery","V","215852","µV","96196","µV"
"08/11/2024","11:24:51","2","default","203499907","Sensor2","9.024","min","246.166","μmol/L","Humid","22.064","deg","92028","µV","18.705","°C","985.000","hPa","35.0","pmil","0","51.462","deg","22.621","°C","100.000","%a.s.","22.257","deg","22.682","°C","985.000","hPa","0.861","-0.02056","0.00035","-0.00011","0","14.7","Humid","28.35","0","65.20","250062.91","SABD0002000014","AAV2.0.0.13","4.0.0.2353","PSt7-10","000000-000","8/7/2024 3:37:09 PM","0000-00","0","no battery","V","215852","µV","96196","µV"
"08/11/2024","11:24:52","2","default","203499907","Sensor2","9.041","min","246.144","μmol/L","Humid","22.065","deg","92019","µV","18.705","°C","985.000","hPa","35.0","pmil","0","51.462","deg","22.621","°C","100.000","%a.s.","22.257","deg","22.682","°C","985.000","hPa","0.861","-0.02056","0.00035","-0.00011","0","14.7","Humid","28.35","0","65.20","250076.32","SABD0002000014","AAV2.0.0.13","4.0.0.2353","PSt7-10","000000-000","8/7/2024 3:37:09 PM","0000-00","0","no battery","V","215852","µV","96196","µV"
"08/11/2024","11:24:53","2","default","203499907","Sensor2","9.058","min","246.144","μmol/L","Humid","22.065","deg","92022","µV","18.705","°C","985.000","hPa","35.0","pmil","0","51.462","deg","22.621","°C","100.000","%a.s.","22.257","deg","22.682","°C","985.000","hPa","0.861","-0.02056","0.00035","-0.00011","0","14.7","Humid","28.35","0","65.20","250068.70","SABD0002000014","AAV2.0.0.13","4.0.0.2353","PSt7-10","000000-000","8/7/2024 3:37:09 PM","0000-00","0","no battery","V","215852","µV","96196","µV"
"08/11/2024","11:24:54","2","default","203499907","Sensor2","9.074","min","246.170","μmol/L","Humid","22.066","deg","92023","µV","18.699","°C","985.000","hPa","35.0","pmil","0","51.462","deg","22.621","°C","100.000","%a.s.","22.257","deg","22.682","°C","985.000","hPa","0.861","-0.02056","0.00035","-0.00011","0","14.7","Humid","28.35","0","65.20","250076.41","SABD0002000014","AAV2.0.0.13","4.0.0.2353","PSt7-10","000000-000","8/7/2024 3:37:09 PM","0000-00","0","no battery","V","215852","µV","96196","µV"
"08/11/2024","11:24:55","2","default","203499907","Sensor2","9.091","min","246.166","μmol/L","Humid","22.064","deg","92025","µV","18.705","°C","985.000","hPa","35.0","pmil","0","51.462","deg","22.621","°C","100.000","%a.s.","22.257","deg","22.682","°C","985.000","hPa","0.861","-0.02056","0.00035","-0.00011","0","14.7","Humid","28.35","0","65.20","250077.68","SABD0002000014","AAV2.0.0.13","4.0.0.2353","PSt7-10","000000-000","8/7/2024 3:37:09 PM","0000-00","0","no battery","V","215852","µV","96196","µV"
"08/11/2024","11:24:56","2","default","203499907","Sensor2","9.108","min","246.166","μmol/L","Humid","22.064","deg","92021","µV","18.705","°C","985.000","hPa","35.0","pmil","0","51.462","deg","22.621","°C","100.000","%a.s.","22.257","deg","22.682","°C","985.000","hPa","0.861","-0.02056","0.00035","-0.00011","0","14.7","Humid","28.35","0","65.20","250056.49","SABD0002000014","AAV2.0.0.13","4.0.0.2353","PSt7-10","000000-000","8/7/2024 3:37:09 PM","0000-00","0","no battery","V","215852","µV","96196","µV"
"08/11/2024","11:24:57","2","default","203499907","Sensor2","9.125","min","246.144","μmol/L","Humid","22.065","deg","92013","µV","18.705","°C","985.000","hPa","35.0","pmil","0","51.462","deg","22.621","°C","100.000","%a.s.","22.257","deg","22.682","°C","985.000","hPa","0.861","-0.02056","0.00035","-0.00011","0","14.7","Humid","28.35","0","65.20","250067.93","SABD0002000014","AAV2.0.0.13","4.0.0.2353","PSt7-10","000000-000","8/7/2024 3:37:09 PM","0000-00","0","no battery","V","215852","µV","96196","µV"
"08/11/2024","11:24:58","2","default","203499907","Sensor2","9.141","min","246.077","μmol/L","Humid","22.068","deg","92020","µV","18.705","°C","985.000","hPa","35.0","pmil","0","51.462","deg","22.621","°C","100.000","%a.s.","22.257","deg","22.682","°C","985.000","hPa","0.861","-0.02056","0.00035","-0.00011","0","14.7","Humid","28.35","0","65.20","250070.42","SABD0002000014","AAV2.0.0.13","4.0.0.2353","PSt7-10","000000-000","8/7/2024 3:37:09 PM","0000-00","0","no battery","V","215852","µV","96196","µV"
"08/11/2024","11:24:59","2","default","203499907","Sensor2","9.158","min","246.125","μmol/L","Humid","22.068","deg","92015","µV","18.699","°C","985.000","hPa","35.0","pmil","0","51.462","deg","22.621","°C","100.000","%a.s.","22.257","deg","22.682","°C","985.000","hPa","0.861","-0.02056","0.00035","-0.00011","0","14.7","Humid","28.35","0","65.20","250073.12","SABD0002000014","AAV2.0.0.13","4.0.0.2353","PSt7-10","000000-000","8/7/2024 3:37:09 PM","0000-00","0","no battery","V","215852","µV","96196","µV"
"08/11/2024","11:25:00","2","default","203499907","Sensor2","9.175","min","246.077","μmol/L","Humid","22.068","deg","92019","µV","18.705","°C","985.000","hPa","35.0","pmil","0","51.462","deg","22.621","°C","100.000","%a.s.","22.257","deg","22.682","°C","985.000","hPa","0.861","-0.02056","0.00035","-0.00011","0","14.7","Humid","28.35","0","65.20","250063.90","SABD0002000014","AAV2.0.0.13","4.0.0.2353","PSt7-10","000000-000","8/7/2024 3:37:09 PM","0000-00","0","no battery","V","215852","µV","96196","µV"
"08/11/2024","11:25:01","2","default","203499907","Sensor2","9.192","min","246.050","μmol/L","Humid","22.067","deg","92021","µV","18.711","°C","985.000","hPa","35.0","pmil","0","51.462","deg","22.621","°C","100.000","%a.s.","22.257","deg","22.682","°C","985.000","hPa","0.861","-0.02056","0.00035","-0.00011","0","14.7","Humid","28.35","0","65.20","250084.97","SABD0002000014","AAV2.0.0.13","4.0.0.2353","PSt7-10","000000-000","8/7/2024 3:37:09 PM","0000-00","0","no battery","V","215852","µV","96196","µV"
"08/11/2024","11:25:02","2","default","203499907","Sensor2","9.208","min","246.077","μmol/L","Humid","22.068","deg","92020","µV","18.705","°C","985.000","hPa","35.0","pmil","0","51.462","deg","22.621","°C","100.000","%a.s.","22.257","deg","22.682","°C","985.000","hPa","0.861","-0.02056","0.00035","-0.00011","0","14.7","Humid","28.35","0","65.20","250066.48","SABD0002000014","AAV2.0.0.13","4.0.0.2353","PSt7-10","000000-000","8/7/2024 3:37:09 PM","0000-00","0","no battery","V","215852","µV","96196","µV"
"08/11/2024","11:25:03","2","default","203499907","Sensor2","9.224","min","246.080","μmol/L","Humid","22.070","deg","92021","µV","18.699","°C","985.000","hPa","35.0","pmil","0","51.462","deg","22.621","°C","100.000","%a.s.","22.257","deg","22.682","°C","985.000","hPa","0.861","-0.02056","0.00035","-0.00011","0","14.7","Humid","28.35","0","65.20","250050.99","SABD0002000014","AAV2.0.0.13","4.0.0.2353","PSt7-10","000000-000","8/7/2024 3:37:09 PM","0000-00","0","no battery","V","215852","µV","96196","µV"
"08/11/2024","11:25:04","2","default","203499907","Sensor2","9.241","min","246.077","μmol/L","Humid","22.068","deg","92011","µV","18.705","°C","985.000","hPa","35.0","pmil","0","51.462","deg","22.621","°C","100.000","%a.s.","22.257","deg","22.682","°C","985.000","hPa","0.861","-0.02056","0.00035","-0.00011","0","14.7","Humid","28.35","0","65.20","250061.98","SABD0002000014","AAV2.0.0.13","4.0.0.2353","PSt7-10","000000-000","8/7/2024 3:37:09 PM","0000-00","0","no battery","V","215852","µV","96196","µV"
"08/11/2024","11:25:05","2","default","203499907","Sensor2","9.258","min","246.144","μmol/L","Humid","22.065","deg","92016","µV","18.705","°C","985.000","hPa","35.0","pmil","0","51.462","deg","22.621","°C","100.000","%a.s.","22.257","deg","22.682","°C","985.000","hPa","0.861","-0.02056","0.00035","-0.00011","0","14.7","Humid","28.35","0","65.20","250058.64","SABD0002000014","AAV2.0.0.13","4.0.0.2353","PSt7-10","000000-000","8/7/2024 3:37:09 PM","0000-00","0","no battery","V","215852","µV","96196","µV"
"08/11/2024","11:25:06","2","default","203499907","Sensor2","9.274","min","246.170","μmol/L","Humid","22.066","deg","92016","µV","18.699","°C","985.000","hPa","35.0","pmil","0","51.462","deg","22.621","°C","100.000","%a.s.","22.257","deg","22.682","°C","985.000","hPa","0.861","-0.02056","0.00035","-0.00011","0","14.7","Humid","28.35","0","65.20","250054.13","SABD0002000014","AAV2.0.0.13","4.0.0.2353","PSt7-10","000000-000","8/7/2024 3:37:09 PM","0000-00","0","no battery","V","215852","µV","96196","µV"
"08/11/2024","11:25:07","2","default","203499907","Sensor2","9.291","min","246.147","μmol/L","Humid","22.067","deg","92012","µV","18.699","°C","985.000","hPa","35.0","pmil","0","51.462","deg","22.621","°C","100.000","%a.s.","22.257","deg","22.682","°C","985.000","hPa","0.861","-0.02056","0.00035","-0.00011","0","14.7","Humid","28.35","0","65.20","250062.05","SABD0002000014","AAV2.0.0.13","4.0.0.2353","PSt7-10","000000-000","8/7/2024 3:37:09 PM","0000-00","0","no battery","V","215852","µV","96196","µV"
"08/11/2024","11:25:08","2","default","203499907","Sensor2","9.308","min","246.028","μmol/L","Humid","22.068","deg","92018","µV","18.711","°C","985.000","hPa","35.0","pmil","0","51.462","deg","22.621","°C","100.000","%a.s.","22.257","deg","22.682","°C","985.000","hPa","0.861","-0.02056","0.00035","-0.00011","0","14.7","Humid","28.35","0","65.20","250062.98","SABD0002000014","AAV2.0.0.13","4.0.0.2353","PSt7-10","000000-000","8/7/2024 3:37:09 PM","0000-00","0","no battery","V","215852","µV","96196","µV"
"08/11/2024","11:25:09","2","default","203499907","Sensor2","9.325","min","246.050","μmol/L","Humid","22.067","deg","92011","µV","18.711","°C","985.000","hPa","35.0","pmil","0","51.462","deg","22.621","°C","100.000","%a.s.","22.257","deg","22.682","°C","985.000","hPa","0.861","-0.02056","0.00035","-0.00011","0","14.7","Humid","28.35","0","65.20","250072.35","SABD0002000014","AAV2.0.0.13","4.0.0.2353","PSt7-10","000000-000","8/7/2024 3:37:09 PM","0000-00","0","no battery","V","215852","µV","96196","µV"
"08/11/2024","11:25:10","2","default","203499907","Sensor2","9.341","min","246.166","μmol/L","Humid","22.064","deg","92007","µV","18.705","°C","985.000","hPa","35.0","pmil","0","51.462","deg","22.621","°C","100.000","%a.s.","22.257","deg","22.682","°C","985.000","hPa","0.861","-0.02056","0.00035","-0.00011","0","14.7","Humid","28.35","0","65.20","250044.31","SABD0002000014","AAV2.0.0.13","4.0.0.2353","PSt7-10","000000-000","8/7/2024 3:37:09 PM","0000-00","0","no battery","V","215852","µV","96196","µV"
"08/11/2024","11:25:11","2","default","203499907","Sensor2","9.358","min","246.121","μmol/L","Humid","22.066","deg","92019","µV","18.705","°C","985.000","hPa","35.0","pmil","0","51.462","deg","22.621","°C","100.000","%a.s.","22.257","deg","22.682","°C","985.000","hPa","0.861","-0.02056","0.00035","-0.00011","0","14.7","Humid","28.35","0","65.20","250048.11","SABD0002000014","AAV2.0.0.13","4.0.0.2353","PSt7-10","000000-000","8/7/2024 3:37:09 PM","0000-00","0","no battery","V","215852","µV","96196","µV"
"08/11/2024","11:25:12","2","default","203499907","Sensor2","9.375","min","246.170","μmol/L","Humid","22.066","deg","92007","µV","18.699","°C","985.000","hPa","35.0","pmil","0","51.462","deg","22.621","°C","100.000","%a.s.","22.257","deg","22.682","°C","985.000","hPa","0.861","-0.02056","0.00035","-0.00011","0","14.7","Humid","28.35","0","65.20","250048.81","SABD0002000014","AAV2.0.0.13","4.0.0.2353","PSt7-10","000000-000","8/7/2024 3:37:09 PM","0000-00","0","no battery","V","215852","µV","96196","µV"
"08/11/2024","11:25:13","2","default","203499907","Sensor2","9.392","min","246.144","μmol/L","Humid","22.065","deg","92008","µV","18.705","°C","985.000","hPa","35.0","pmil","0","51.462","deg","22.621","°C","100.000","%a.s.","22.257","deg","22.682","°C","985.000","hPa","0.861","-0.02056","0.00035","-0.00011","0","14.7","Humid","28.35","0","65.20","250060.85","SABD0002000014","AAV2.0.0.13","4.0.0.2353","PSt7-10","000000-000","8/7/2024 3:37:09 PM","0000-00","0","no battery","V","215852","µV","96196","µV"
"08/11/2024","11:25:14","2","default","203499907","Sensor2","9.408","min","246.192","μmol/L","Humid","22.065","deg","92004","µV","18.699","°C","985.000","hPa","35.0","pmil","0","51.462","deg","22.621","°C","100.000","%a.s.","22.257","deg","22.682","°C","985.000","hPa","0.861","-0.02056","0.00035","-0.00011","0","14.7","Humid","28.35","0","65.20","250043.72","SABD0002000014","AAV2.0.0.13","4.0.0.2353","PSt7-10","000000-000","8/7/2024 3:37:09 PM","0000-00","0","no battery","V","215852","µV","96196","µV"
"08/11/2024","11:25:15","2","default","203499907","Sensor2","9.425","min","246.032","μmol/L","Humid","22.070","deg","92009","µV","18.705","°C","985.000","hPa","35.0","pmil","0","51.462","deg","22.621","°C","100.000","%a.s.","22.257","deg","22.682","°C","985.000","hPa","0.861","-0.02056","0.00035","-0.00011","0","14.7","Humid","28.35","0","65.20","250045.83","SABD0002000014","AAV2.0.0.13","4.0.0.2353","PSt7-10","000000-000","8/7/2024 3:37:09 PM","0000-00","0","no battery","V","215852","µV","96196","µV"
"08/11/2024","11:25:16","2","default","203499907","Sensor2","9.441","min","246.121","μmol/L","Humid","22.066","deg","92009","µV","18.705","°C","985.000","hPa","35.0","pmil","0","51.462","deg","22.621","°C","100.000","%a.s.","22.257","deg","22.682","°C","985.000","hPa","0.861","-0.02056","0.00035","-0.00011","0","14.7","Humid","28.35","0","65.20","250053.12","SABD0002000014","AAV2.0.0.13","4.0.0.2353","PSt7-10","000000-000","8/7/2024 3:37:09 PM","0000-00","0","no battery","V","215852","µV","96196","µV"
"08/11/2024","11:25:17","2","default","203499907","Sensor2","9.458","min","246.121","μmol/L","Humid","22.066","deg","92004","µV","18.705","°C","985.000","hPa","35.0","pmil","0","51.462","deg","22.621","°C","100.000","%a.s.","22.257","deg","22.682","°C","985.000","hPa","0.861","-0.02056","0.00035","-0.00011","0","14.7","Humid","28.35","0","65.20","250044.92","SABD0002000014","AAV2.0.0.13","4.0.0.2353","PSt7-10","000000-000","8/7/2024 3:37:09 PM","0000-00","0","no battery","V","215852","µV","96196","µV"
"08/11/2024","11:25:18","2","default","203499907","Sensor2","9.474","min","246.214","μmol/L","Humid","22.064","deg","92003","µV","18.699","°C","985.000","hPa","35.0","pmil","0","51.462","deg","22.621","°C","100.000","%a.s.","22.257","deg","22.682","°C","985.000","hPa","0.861","-0.02056","0.00035","-0.00011","0","14.7","Humid","28.35","0","65.20","250032.60","SABD0002000014","AAV2.0.0.13","4.0.0.2353","PSt7-10","000000-000","8/7/2024 3:37:09 PM","0000-00","0","no battery","V","215852","µV","96196","µV"
"08/11/2024","11:25:19","2","default","203499907","Sensor2","9.491","min","246.095","μmol/L","Humid","22.065","deg","92004","µV","18.711","°C","985.000","hPa","35.0","pmil","0","51.462","deg","22.621","°C","100.000","%a.s.","22.257","deg","22.682","°C","985.000","hPa","0.861","-0.02056","0.00035","-0.00011","0","14.7","Humid","28.35","0","65.20","250039.27","SABD0002000014","AAV2.0.0.13","4.0.0.2353","PSt7-10","000000-000","8/7/2024 3:37:09 PM","0000-00","0","no battery","V","215852","µV","96196","µV"
"08/11/2024","11:25:20","2","default","203499907","Sensor2","9.508","min","246.147","μmol/L","Humid","22.067","deg","92005","µV","18.699","°C","985.000","hPa","35.0","pmil","0","51.462","deg","22.621","°C","100.000","%a.s.","22.257","deg","22.682","°C","985.000","hPa","0.861","-0.02056","0.00035","-0.00011","0","14.7","Humid","28.35","0","65.20","250046.81","SABD0002000014","AAV2.0.0.13","4.0.0.2353","PSt7-10","000000-000","8/7/2024 3:37:09 PM","0000-00","0","no battery","V","215852","µV","96196","µV"
"08/11/2024","11:25:21","2","default","203499907","Sensor2","9.525","min","246.192","μmol/L","Humid","22.065","deg","92001","µV","18.699","°C","985.000","hPa","35.0","pmil","0","51.462","deg","22.621","°C","100.000","%a.s.","22.257","deg","22.682","°C","985.000","hPa","0.861","-0.02056","0.00035","-0.00011","0","14.7","Humid","28.35","0","65.20","250042.07","SABD0002000014","AAV2.0.0.13","4.0.0.2353","PSt7-10","000000-000","8/7/2024 3:37:09 PM","0000-00","0","no battery","V","215852","µV","96196","µV"
"08/11/2024","11:25:22","2","default","203499907","Sensor2","9.541","min","246.032","μmol/L","Humid","22.070","deg","92002","µV","18.705","°C","985.000","hPa","35.0","pmil","0","51.462","deg","22.621","°C","100.000","%a.s.","22.257","deg","22.682","°C","985.000","hPa","0.861","-0.02056","0.00035","-0.00011","0","14.7","Humid","28.35","0","65.20","250041.77","SABD0002000014","AAV2.0.0.13","4.0.0.2353","PSt7-10","000000-000","8/7/2024 3:37:09 PM","0000-00","0","no battery","V","215852","µV","96196","µV"
"08/11/2024","11:25:23","2","default","203499907","Sensor2","9.558","min","246.099","μmol/L","Humid","22.067","deg","92002","µV","18.705","°C","985.000","hPa","35.0","pmil","0","51.462","deg","22.621","°C","100.000","%a.s.","22.257","deg","22.682","°C","985.000","hPa","0.861","-0.02056","0.00035","-0.00011","0","14.7","Humid","28.35","0","65.20","250038.89","SABD0002000014","AAV2.0.0.13","4.0.0.2353","PSt7-10","000000-000","8/7/2024 3:37:09 PM","0000-00","0","no battery","V","215852","µV","96196","µV"
"08/11/2024","11:25:24","2","default","203499907","Sensor2","9.575","min","246.166","μmol/L","Humid","22.064","deg","91999","µV","18.705","°C","985.000","hPa","35.0","pmil","0","51.462","deg","22.621","°C","100.000","%a.s.","22.257","deg","22.682","°C","985.000","hPa","0.861","-0.02056","0.00035","-0.00011","0","14.7","Humid","28.35","0","65.20","250039.53","SABD0002000014","AAV2.0.0.13","4.0.0.2353","PSt7-10","000000-000","8/7/2024 3:37:09 PM","0000-00","0","no battery","V","215852","µV","96196","µV"
"08/11/2024","11:25:25","2","default","203499907","Sensor2","9.592","min","246.028","μmol/L","Humid","22.068","deg","91999","µV","18.711","°C","985.000","hPa","35.0","pmil","0","51.462","deg","22.621","°C","100.000","%a.s.","22.257","deg","22.682","°C","985.000","hPa","0.861","-0.02056","0.00035","-0.00011","0","14.7","Humid","28.35","0","65.20","250041.25","SABD0002000014","AAV2.0.0.13","4.0.0.2353","PSt7-10","000000-000","8/7/2024 3:37:09 PM","0000-00","0","no battery","V","215852","µV","96196","µV"
"08/11/2024","11:25:26","2","default","203499907","Sensor2","9.608","min","246.188","μmol/L","Humid","22.063","deg","91999","µV","18.705","°C","985.000","hPa","35.0","pmil","0","51.462","deg","22.621","°C","100.000","%a.s.","22.257","deg","22.682","°C","985.000","hPa","0.861","-0.02056","0.00035","-0.00011","0","14.7","Humid","28.35","0","65.20","250031.42","SABD0002000014","AAV2.0.0.13","4.0.0.2353","PSt7-10","000000-000","8/7/2024 3:37:09 PM","0000-00","0","no battery","V","215852","µV","96196","µV"
"08/11/2024","11:25:27","2","default","203499907","Sensor2","9.624","min","246.144","μmol/L","Humid","22.065","deg","91997","µV","18.705","°C","985.000","hPa","35.0","pmil","0","51.462","deg","22.621","°C","100.000","%a.s.","22.257","deg","22.682","°C","985.000","hPa","0.861","-0.02056","0.00035","-0.00011","0","14.7","Humid","28.35","0","65.20","250042.97","SABD0002000014","AAV2.0.0.13","4.0.0.2353","PSt7-10","000000-000","8/7/2024 3:37:09 PM","0000-00","0","no battery","V","215852","µV","96196","µV"
"08/11/2024","11:25:28","2","default","203499907","Sensor2","9.641","min","246.263","μmol/L","Humid","22.064","deg","92003","µV","18.693","°C","985.000","hPa","35.0","pmil","0","51.462","deg","22.621","°C","100.000","%a.s.","22.257","deg","22.682","°C","985.000","hPa","0.861","-0.02056","0.00035","-0.00011","0","14.7","Humid","28.35","0","65.20","250035.67","SABD0002000014","AAV2.0.0.13","4.0.0.2353","PSt7-10","000000-000","8/7/2024 3:37:09 PM","0000-00","0","no battery","V","215852","µV","96196","µV"
"08/11/2024","11:25:29","2","default","203499907","Sensor2","9.658","min","246.032","μmol/L","Humid","22.070","deg","92001","µV","18.705","°C","985.000","hPa","35.0","pmil","0","51.462","deg","22.621","°C","100.000","%a.s.","22.257","deg","22.682","°C","985.000","hPa","0.861","-0.02056","0.00035","-0.00011","0","14.7","Humid","28.35","0","65.20","250049.76","SABD0002000014","AAV2.0.0.13","4.0.0.2353","PSt7-10","000000-000","8/7/2024 3:37:09 PM","0000-00","0","no battery","V","215852","µV","96196","µV"
"08/11/2024","11:25:30","2","default","203499907","Sensor2","9.675","min","246.077","μmol/L","Humid","22.068","deg","92003","µV","18.705","°C","985.000","hPa","35.0","pmil","0","51.462","deg","22.621","°C","100.000","%a.s.","22.257","deg","22.682","°C","985.000","hPa","0.861","-0.02056","0.00035","-0.00011","0","14.7","Humid","28.35","0","65.20","250050.67","SABD0002000014","AAV2.0.0.13","4.0.0.2353","PSt7-10","000000-000","8/7/2024 3:37:09 PM","0000-00","0","no battery","V","215852","µV","96196","µV"
"08/11/2024","11:25:31","2","default","203499907","Sensor2","9.691","min","246.077","μmol/L","Humid","22.068","deg","91992","µV","18.705","°C","985.000","hPa","35.0","pmil","0","51.462","deg","22.621","°C","100.000","%a.s.","22.257","deg","22.682","°C","985.000","hPa","0.861","-0.02056","0.00035","-0.00011","0","14.7","Humid","28.35","0","65.20","250032.94","SABD0002000014","AAV2.0.0.13","4.0.0.2353","PSt7-10","000000-000","8/7/2024 3:37:09 PM","0000-00","0","no battery","V","215852","µV","96196","µV"
"08/11/2024","11:25:32","2","default","203499907","Sensor2","9.708","min","246.125","μmol/L","Humid","22.068","deg","91999","µV","18.699","°C","985.000","hPa","35.0","pmil","0","51.462","deg","22.621","°C","100.000","%a.s.","22.257","deg","22.682","°C","985.000","hPa","0.861","-0.02056","0.00035","-0.00011","0","14.7","Humid","28.35","0","65.20","250041.50","SABD0002000014","AAV2.0.0.13","4.0.0.2353","PSt7-10","000000-000","8/7/2024 3:37:09 PM","0000-00","0","no battery","V","215852","µV","96196","µV"
"08/11/2024","11:25:33","2","default","203499907","Sensor2","9.725","min","246.080","μmol/L","Humid","22.070","deg","91996","µV","18.699","°C","985.000","hPa","35.0","pmil","0","51.462","deg","22.621","°C","100.000","%a.s.","22.257","deg","22.682","°C","985.000","hPa","0.861","-0.02056","0.00035","-0.00011","0","14.7","Humid","28.35","0","65.20","250041.71","SABD0002000014","AAV2.0.0.13","4.0.0.2353","PSt7-10","000000-000","8/7/2024 3:37:09 PM","0000-00","0","no battery","V","215852","µV","96196","µV"
"08/11/2024","11:25:34","2","default","203499907","Sensor2","9.742","min","245.965","μmol/L","Humid","22.073","deg","91992","µV","18.705","°C","985.000","hPa","35.0","pmil","0","51.462","deg","22.621","°C","100.000","%a.s.","22.257","deg","22.682","°C","985.000","hPa","0.861","-0.02056","0.00035","-0.00011","0","14.7","Humid","28.35","0","65.20","250030.34","SABD0002000014","AAV2.0.0.13","4.0.0.2353","PSt7-10","000000-000","8/7/2024 3:37:09 PM","0000-00","0","no battery","V","215852","µV","96196","µV"
"08/11/2024","11:25:35","2","default","203499907","Sensor2","9.758","min","246.036","μmol/L","Humid","22.072","deg","91990","µV","18.699","°C","985.000","hPa","35.0","pmil","0","51.462","deg","22.621","°C","100.000","%a.s.","22.257","deg","22.682","°C","985.000","hPa","0.861","-0.02056","0.00035","-0.00011","0","14.7","Humid","28.35","0","65.20","250038.37","SABD0002000014","AAV2.0.0.13","4.0.0.2353","PSt7-10","000000-000","8/7/2024 3:37:09 PM","0000-00","0","no battery","V","215852","µV","96196","µV"
"08/11/2024","11:25:36","2","default","203499907","Sensor2","9.774","min","245.987","μmol/L","Humid","22.072","deg","91993","µV","18.705","°C","985.000","hPa","35.0","pmil","0","51.462","deg","22.621","°C","100.000","%a.s.","22.257","deg","22.682","°C","985.000","hPa","0.861","-0.02056","0.00035","-0.00011","0","14.7","Humid","28.35","0","65.20","250023.01","SABD0002000014","AAV2.0.0.13","4.0.0.2353","PSt7-10","000000-000","8/7/2024 3:37:09 PM","0000-00","0","no battery","V","215852","µV","96196","µV"
"08/11/2024","11:25:37","2","default","203499907","Sensor2","9.791","min","246.077","μmol/L","Humid","22.068","deg","91996","µV","18.705","°C","985.000","hPa","35.0","pmil","0","51.462","deg","22.621","°C","100.000","%a.s.","22.257","deg","22.682","°C","985.000","hPa","0.861","-0.02056","0.00035","-0.00011","0","14.7","Humid","28.35","0","65.20","250031.84","SABD0002000014","AAV2.0.0.13","4.0.0.2353","PSt7-10","000000-000","8/7/2024 3:37:09 PM","0000-00","0","no battery","V","215852","µV","96196","µV"
"08/11/2024","11:25:38","2","default","203499907","Sensor2","9.808","min","246.121","μmol/L","Humid","22.066","deg","91990","µV","18.705","°C","985.000","hPa","35.0","pmil","0","51.462","deg","22.621","°C","100.000","%a.s.","22.257","deg","22.682","°C","985.000","hPa","0.861","-0.02056","0.00035","-0.00011","0","14.7","Humid","28.35","0","65.20","250038.20","SABD0002000014","AAV2.0.0.13","4.0.0.2353","PSt7-10","000000-000","8/7/2024 3:37:09 PM","0000-00","0","no battery","V","215852","µV","96196","µV"
"08/11/2024","11:25:39","2","default","203499907","Sensor2","9.825","min","246.263","μmol/L","Humid","22.064","deg","91991","µV","18.693","°C","985.000","hPa","35.0","pmil","0","51.462","deg","22.621","°C","100.000","%a.s.","22.257","deg","22.682","°C","985.000","hPa","0.861","-0.02056","0.00035","-0.00011","0","14.7","Humid","28.35","0","65.20","250023.98","SABD0002000014","AAV2.0.0.13","4.0.0.2353","PSt7-10","000000-000","8/7/2024 3:37:09 PM","0000-00","0","no battery","V","215852","µV","96196","µV"
"08/11/2024","11:25:40","2","default","203499907","Sensor2","9.841","min","246.099","μmol/L","Humid","22.067","deg","91988","µV","18.705","°C","985.000","hPa","35.0","pmil","0","51.462","deg","22.621","°C","100.000","%a.s.","22.257","deg","22.682","°C","985.000","hPa","0.861","-0.02056","0.00035","-0.00011","0","14.7","Humid","28.35","0","65.20","250017.50","SABD0002000014","AAV2.0.0.13","4.0.0.2353","PSt7-10","000000-000","8/7/2024 3:37:09 PM","0000-00","0","no battery","V","215852","µV","96196","µV"
"08/11/2024","11:25:41","2","default","203499907","Sensor2","9.858","min","246.173","μmol/L","Humid","22.068","deg","91996","µV","18.693","°C","985.000","hPa","35.0","pmil","0","51.462","deg","22.621","°C","100.000","%a.s.","22.257","deg","22.682","°C","985.000","hPa","0.861","-0.02056","0.00035","-0.00011","0","14.7","Humid","28.35","0","65.20","250025.17","SABD0002000014","AAV2.0.0.13","4.0.0.2353","PSt7-10","000000-000","8/7/2024 3:37:09 PM","0000-00","0","no battery","V","215852","µV","96196","µV"
"08/11/2024","11:25:42","2","default","203499907","Sensor2","9.875","min","246.170","μmol/L","Humid","22.066","deg","91992","µV","18.699","°C","985.000","hPa","35.0","pmil","0","51.462","deg","22.621","°C","100.000","%a.s.","22.257","deg","22.682","°C","985.000","hPa","0.861","-0.02056","0.00035","-0.00011","0","14.7","Humid","28.35","0","65.20","250028.30","SABD0002000014","AAV2.0.0.13","4.0.0.2353","PSt7-10","000000-000","8/7/2024 3:37:09 PM","0000-00","0","no battery","V","215852","µV","96196","µV"
"08/11/2024","11:25:43","2","default","203499907","Sensor2","9.891","min","246.147","μmol/L","Humid","22.067","deg","91994","µV","18.699","°C","985.000","hPa","35.0","pmil","0","51.462","deg","22.621","°C","100.000","%a.s.","22.257","deg","22.682","°C","985.000","hPa","0.861","-0.02056","0.00035","-0.00011","0","14.7","Humid","28.35","0","65.20","250008.63","SABD0002000014","AAV2.0.0.13","4.0.0.2353","PSt7-10","000000-000","8/7/2024 3:37:09 PM","0000-00","0","no battery","V","215852","µV","96196","µV"
"08/11/2024","11:25:44","2","default","203499907","Sensor2","9.908","min","246.170","μmol/L","Humid","22.066","deg","91993","µV","18.699","°C","985.000","hPa","35.0","pmil","0","51.462","deg","22.621","°C","100.000","%a.s.","22.257","deg","22.682","°C","985.000","hPa","0.861","-0.02056","0.00035","-0.00011","0","14.7","Humid","28.35","0","65.20","250028.68","SABD0002000014","AAV2.0.0.13","4.0.0.2353","PSt7-10","000000-000","8/7/2024 3:37:09 PM","0000-00","0","no battery","V","215852","µV","96196","µV"
"08/11/2024","11:25:45","2","default","203499907","Sensor2","9.925","min","246.144","μmol/L","Humid","22.065","deg","91988","µV","18.705","°C","985.000","hPa","35.0","pmil","0","51.462","deg","22.621","°C","100.000","%a.s.","22.257","deg","22.682","°C","985.000","hPa","0.861","-0.02056","0.00035","-0.00011","0","14.7","Humid","28.35","0","65.20","250027.21","SABD0002000014","AAV2.0.0.13","4.0.0.2353","PSt7-10","000000-000","8/7/2024 3:37:09 PM","0000-00","0","no battery","V","215852","µV","96196","µV"
"08/11/2024","11:25:46","2","default","203499907","Sensor2","9.942","min","246.077","μmol/L","Humid","22.068","deg","91987","µV","18.705","°C","985.000","hPa","35.0","pmil","0","51.462","deg","22.621","°C","100.000","%a.s.","22.257","deg","22.682","°C","985.000","hPa","0.861","-0.02056","0.00035","-0.00011","0","14.7","Humid","28.35","0","65.20","250020.76","SABD0002000014","AAV2.0.0.13","4.0.0.2353","PSt7-10","000000-000","8/7/2024 3:37:09 PM","0000-00","0","no battery","V","215852","µV","96196","µV"
"08/11/2024","11:25:47","2","default","203499907","Sensor2","9.958","min","246.170","μmol/L","Humid","22.066","deg","91989","µV","18.699","°C","985.000","hPa","35.0","pmil","0","51.462","deg","22.621","°C","100.000","%a.s.","22.257","deg","22.682","°C","985.000","hPa","0.861","-0.02056","0.00035","-0.00011","0","14.7","Humid","28.35","0","65.20","250024.09","SABD0002000014","AAV2.0.0.13","4.0.0.2353","PSt7-10","000000-000","8/7/2024 3:37:09 PM","0000-00","0","no battery","V","215852","µV","96196","µV"
"08/11/2024","11:25:48","2","default","203499907","Sensor2","9.975","min","246.151","μmol/L","Humid","22.069","deg","91986","µV","18.693","°C","985.000","hPa","35.0","pmil","0","51.462","deg","22.621","°C","100.000","%a.s.","22.257","deg","22.682","°C","985.000","hPa","0.861","-0.02056","0.00035","-0.00011","0","14.7","Humid","28.35","0","65.20","250027.12","SABD0002000014","AAV2.0.0.13","4.0.0.2353","PSt7-10","000000-000","8/7/2024 3:37:09 PM","0000-00","0","no battery","V","215852","µV","96196","µV"
"08/11/2024","11:25:49","2","default","203499907","Sensor2","9.991","min","246.080","μmol/L","Humid","22.070","deg","91990","µV","18.699","°C","985.000","hPa","35.0","pmil","0","51.462","deg","22.621","°C","100.000","%a.s.","22.257","deg","22.682","°C","985.000","hPa","0.861","-0.02056","0.00035","-0.00011","0","14.7","Humid","28.35","0","65.20","250023.59","SABD0002000014","AAV2.0.0.13","4.0.0.2353","PSt7-10","000000-000","8/7/2024 3:37:09 PM","0000-00","0","no battery","V","215852","µV","96196","µV"
"08/11/2024","11:25:50","2","default","203499907","Sensor2","10.008","min","246.058","μmol/L","Humid","22.071","deg","91989","µV","18.699","°C","985.000","hPa","35.0","pmil","0","51.462","deg","22.621","°C","100.000","%a.s.","22.257","deg","22.682","°C","985.000","hPa","0.861","-0.02056","0.00035","-0.00011","0","14.7","Humid","28.35","0","65.20","250018.91","SABD0002000014","AAV2.0.0.13","4.0.0.2353","PSt7-10","000000-000","8/7/2024 3:37:09 PM","0000-00","0","no battery","V","215852","µV","96196","µV"
"08/11/2024","11:25:51","2","default","203499907","Sensor2","10.024","min","246.151","μmol/L","Humid","22.069","deg","91985","µV","18.693","°C","985.000","hPa","35.0","pmil","0","51.462","deg","22.621","°C","100.000","%a.s.","22.257","deg","22.682","°C","985.000","hPa","0.861","-0.02056","0.00035","-0.00011","0","14.7","Humid","28.35","0","65.20","250008.21","SABD0002000014","AAV2.0.0.13","4.0.0.2353","PSt7-10","000000-000","8/7/2024 3:37:09 PM","0000-00","0","no battery","V","215852","µV","96196","µV"
"08/11/2024","11:25:52","2","default","203499907","Sensor2","10.041","min","246.129","μmol/L","Humid","22.070","deg","91994","µV","18.693","°C","985.000","hPa","35.0","pmil","0","51.462","deg","22.621","°C","100.000","%a.s.","22.257","deg","22.682","°C","985.000","hPa","0.861","-0.02056","0.00035","-0.00011","0","14.7","Humid","28.35","0","65.20","250026.44","SABD0002000014","AAV2.0.0.13","4.0.0.2353","PSt7-10","000000-000","8/7/2024 3:37:09 PM","0000-00","0","no battery","V","215852","µV","96196","µV"
"08/11/2024","11:25:53","2","default","203499907","Sensor2","10.058","min","246.196","μmol/L","Humid","22.067","deg","91992","µV","18.693","°C","985.000","hPa","35.0","pmil","0","51.462","deg","22.621","°C","100.000","%a.s.","22.257","deg","22.682","°C","985.000","hPa","0.861","-0.02056","0.00035","-0.00011","0","14.7","Humid","28.35","0","65.20","250031.72","SABD0002000014","AAV2.0.0.13","4.0.0.2353","PSt7-10","000000-000","8/7/2024 3:37:09 PM","0000-00","0","no battery","V","215852","µV","96196","µV"
"08/11/2024","11:25:54","2","default","203499907","Sensor2","10.075","min","246.125","μmol/L","Humid","22.068","deg","91989","µV","18.699","°C","985.000","hPa","35.0","pmil","0","51.462","deg","22.621","°C","100.000","%a.s.","22.257","deg","22.682","°C","985.000","hPa","0.861","-0.02056","0.00035","-0.00011","0","14.7","Humid","28.35","0","65.20","250023.65","SABD0002000014","AAV2.0.0.13","4.0.0.2353","PSt7-10","000000-000","8/7/2024 3:37:09 PM","0000-00","0","no battery","V","215852","µV","96196","µV"
"08/11/2024","11:25:55","2","default","203499907","Sensor2","10.092","min","246.080","μmol/L","Humid","22.070","deg","91991","µV","18.699","°C","985.000","hPa","35.0","pmil","0","51.462","deg","22.621","°C","100.000","%a.s.","22.257","deg","22.682","°C","985.000","hPa","0.861","-0.02056","0.00035","-0.00011","0","14.7","Humid","28.35","0","65.20","250030.10","SABD0002000014","AAV2.0.0.13","4.0.0.2353","PSt7-10","000000-000","8/7/2024 3:37:09 PM","0000-00","0","no battery","V","215852","µV","96196","µV"
"08/11/2024","11:25:56","2","default","203499907","Sensor2","10.108","min","246.032","μmol/L","Humid","22.070","deg","91983","µV","18.705","°C","985.000","hPa","35.0","pmil","0","51.462","deg","22.621","°C","100.000","%a.s.","22.257","deg","22.682","°C","985.000","hPa","0.861","-0.02056","0.00035","-0.00011","0","14.7","Humid","28.35","0","65.20","250020.09","SABD0002000014","AAV2.0.0.13","4.0.0.2353","PSt7-10","000000-000","8/7/2024 3:37:09 PM","0000-00","0","no battery","V","215852","µV","96196","µV"
"08/11/2024","11:25:57","2","default","203499907","Sensor2","10.125","min","246.006","μmol/L","Humid","22.069","deg","91988","µV","18.711","°C","985.000","hPa","35.0","pmil","0","51.462","deg","22.621","°C","100.000","%a.s.","22.257","deg","22.682","°C","985.000","hPa","0.861","-0.02056","0.00035","-0.00011","0","14.7","Humid","28.35","0","65.20","250023.50","SABD0002000014","AAV2.0.0.13","4.0.0.2353","PSt7-10","000000-000","8/7/2024 3:37:09 PM","0000-00","0","no battery","V","215852","µV","96196","µV"
"08/11/2024","11:25:58","2","default","203499907","Sensor2","10.141","min","246.058","μmol/L","Humid","22.071","deg","91986","µV","18.699","°C","985.000","hPa","35.0","pmil","0","51.462","deg","22.621","°C","100.000","%a.s.","22.257","deg","22.682","°C","985.000","hPa","0.861","-0.02056","0.00035","-0.00011","0","14.7","Humid","28.35","0","65.20","250005.11","SABD0002000014","AAV2.0.0.13","4.0.0.2353","PSt7-10","000000-000","8/7/2024 3:37:09 PM","0000-00","0","no battery","V","215852","µV","96196","µV"
"08/11/2024","11:25:59","2","default","203499907","Sensor2","10.158","min","246.147","μmol/L","Humid","22.067","deg","91983","µV","18.699","°C","985.000","hPa","35.0","pmil","0","51.462","deg","22.621","°C","100.000","%a.s.","22.257","deg","22.682","°C","985.000","hPa","0.861","-0.02056","0.00035","-0.00011","0","14.7","Humid","28.35","0","65.20","250012.99","SABD0002000014","AAV2.0.0.13","4.0.0.2353","PSt7-10","000000-000","8/7/2024 3:37:09 PM","0000-00","0","no battery","V","215852","µV","96196","µV"
"08/11/2024","11:26:00","2","default","203499907","Sensor2","10.174","min","246.106","μmol/L","Humid","22.071","deg","91983","µV","18.693","°C","985.000","hPa","35.0","pmil","0","51.462","deg","22.621","°C","100.000","%a.s.","22.257","deg","22.682","°C","985.000","hPa","0.861","-0.02056","0.00035","-0.00011","0","14.7","Humid","28.35","0","65.20","250016.20","SABD0002000014","AAV2.0.0.13","4.0.0.2353","PSt7-10","000000-000","8/7/2024 3:37:09 PM","0000-00","0","no battery","V","215852","µV","96196","µV"
"08/11/2024","11:26:01","2","default","203499907","Sensor2","10.191","min","246.125","μmol/L","Humid","22.068","deg","91984","µV","18.699","°C","985.000","hPa","35.0","pmil","0","51.462","deg","22.621","°C","100.000","%a.s.","22.257","deg","22.682","°C","985.000","hPa","0.861","-0.02056","0.00035","-0.00011","0","14.7","Humid","28.35","0","65.20","250006.44","SABD0002000014","AAV2.0.0.13","4.0.0.2353","PSt7-10","000000-000","8/7/2024 3:37:09 PM","0000-00","0","no battery","V","215852","µV","96196","µV"
"08/11/2024","11:26:02","2","default","203499907","Sensor2","10.208","min","246.013","μmol/L","Humid","22.073","deg","91982","µV","18.699","°C","985.000","hPa","35.0","pmil","0","51.462","deg","22.621","°C","100.000","%a.s.","22.257","deg","22.682","°C","985.000","hPa","0.861","-0.02056","0.00035","-0.00011","0","14.7","Humid","28.35","0","65.20","250017.53","SABD0002000014","AAV2.0.0.13","4.0.0.2353","PSt7-10","000000-000","8/7/2024 3:37:09 PM","0000-00","0","no battery","V","215852","µV","96196","µV"
"08/11/2024","11:26:03","2","default","203499907","Sensor2","10.225","min","246.121","μmol/L","Humid","22.066","deg","91987","µV","18.705","°C","985.000","hPa","35.0","pmil","0","51.462","deg","22.621","°C","100.000","%a.s.","22.257","deg","22.682","°C","985.000","hPa","0.861","-0.02056","0.00035","-0.00011","0","14.7","Humid","28.35","0","65.20","250020.93","SABD0002000014","AAV2.0.0.13","4.0.0.2353","PSt7-10","000000-000","8/7/2024 3:37:09 PM","0000-00","0","no battery","V","215852","µV","96196","µV"
"08/11/2024","11:26:04","2","default","203499907","Sensor2","10.241","min","246.054","μmol/L","Humid","22.069","deg","91985","µV","18.705","°C","985.000","hPa","35.0","pmil","0","51.462","deg","22.621","°C","100.000","%a.s.","22.257","deg","22.682","°C","985.000","hPa","0.861","-0.02056","0.00035","-0.00011","0","14.7","Humid","28.35","0","65.20","250015.18","SABD0002000014","AAV2.0.0.13","4.0.0.2353","PSt7-10","000000-000","8/7/2024 3:37:09 PM","0000-00","0","no battery","V","215852","µV","96196","µV"
"08/11/2024","11:26:05","2","default","203499907","Sensor2","10.258","min","246.013","μmol/L","Humid","22.073","deg","91982","µV","18.699","°C","985.000","hPa","35.0","pmil","0","51.462","deg","22.621","°C","100.000","%a.s.","22.257","deg","22.682","°C","985.000","hPa","0.861","-0.02056","0.00035","-0.00011","0","14.7","Humid","28.35","0","65.20","250007.63","SABD0002000014","AAV2.0.0.13","4.0.0.2353","PSt7-10","000000-000","8/7/2024 3:37:09 PM","0000-00","0","no battery","V","215852","µV","96196","µV"
"08/11/2024","11:26:06","2","default","203499907","Sensor2","10.275","min","246.013","μmol/L","Humid","22.073","deg","91984","µV","18.699","°C","985.000","hPa","35.0","pmil","0","51.462","deg","22.621","°C","100.000","%a.s.","22.257","deg","22.682","°C","985.000","hPa","0.861","-0.02056","0.00035","-0.00011","0","14.7","Humid","28.35","0","65.20","250030.99","SABD0002000014","AAV2.0.0.13","4.0.0.2353","PSt7-10","000000-000","8/7/2024 3:37:09 PM","0000-00","0","no battery","V","215852","µV","96196","µV"
"08/11/2024","11:26:07","2","default","203499907","Sensor2","10.292","min","246.013","μmol/L","Humid","22.073","deg","91979","µV","18.699","°C","985.000","hPa","35.0","pmil","0","51.462","deg","22.621","°C","100.000","%a.s.","22.257","deg","22.682","°C","985.000","hPa","0.861","-0.02056","0.00035","-0.00011","0","14.7","Humid","28.35","0","65.20","250002.83","SABD0002000014","AAV2.0.0.13","4.0.0.2353","PSt7-10","000000-000","8/7/2024 3:37:09 PM","0000-00","0","no battery","V","215852","µV","96196","µV"
"08/11/2024","11:26:08","2","default","203499907","Sensor2","10.308","min","246.054","μmol/L","Humid","22.069","deg","91978","µV","18.705","°C","985.000","hPa","35.0","pmil","0","51.462","deg","22.621","°C","100.000","%a.s.","22.257","deg","22.682","°C","985.000","hPa","0.861","-0.02056","0.00035","-0.00011","0","14.7","Humid","28.35","0","65.20","250002.36","SABD0002000014","AAV2.0.0.13","4.0.0.2353","PSt7-10","000000-000","8/7/2024 3:37:09 PM","0000-00","0","no battery","V","215852","µV","96196","µV"
"08/11/2024","11:26:09","2","default","203499907","Sensor2","10.325","min","246.196","μmol/L","Humid","22.067","deg","91980","µV","18.693","°C","985.000","hPa","35.0","pmil","0","51.462","deg","22.621","°C","100.000","%a.s.","22.257","deg","22.682","°C","985.000","hPa","0.861","-0.02056","0.00035","-0.00011","0","14.7","Humid","28.35","0","65.20","250001.18","SABD0002000014","AAV2.0.0.13","4.0.0.2353","PSt7-10","000000-000","8/7/2024 3:37:09 PM","0000-00","0","no battery","V","215852","µV","96196","µV"
"08/11/2024","11:26:10","2","default","203499907","Sensor2","10.341","min","246.080","μmol/L","Humid","22.070","deg","91974","µV","18.699","°C","985.000","hPa","35.0","pmil","0","51.462","deg","22.621","°C","100.000","%a.s.","22.257","deg","22.682","°C","985.000","hPa","0.861","-0.02056","0.00035","-0.00011","0","14.7","Humid","28.35","0","65.20","250024.57","SABD0002000014","AAV2.0.0.13","4.0.0.2353","PSt7-10","000000-000","8/7/2024 3:37:09 PM","0000-00","0","no battery","V","215852","µV","96196","µV"
"08/11/2024","11:26:11","2","default","203499907","Sensor2","10.358","min","245.965","μmol/L","Humid","22.073","deg","91974","µV","18.705","°C","985.000","hPa","35.0","pmil","0","51.462","deg","22.621","°C","100.000","%a.s.","22.257","deg","22.682","°C","985.000","hPa","0.861","-0.02056","0.00035","-0.00011","0","14.7","Humid","28.35","0","65.20","249987.54","SABD0002000014","AAV2.0.0.13","4.0.0.2353","PSt7-10","000000-000","8/7/2024 3:37:09 PM","0000-00","0","no battery","V","215852","µV","96196","µV"
"08/11/2024","11:26:12","2","default","203499907","Sensor2","10.374","min","246.032","μmol/L","Humid","22.070","deg","91975","µV","18.705","°C","985.000","hPa","35.0","pmil","0","51.462","deg","22.621","°C","100.000","%a.s.","22.257","deg","22.682","°C","985.000","hPa","0.861","-0.02056","0.00035","-0.00011","0","14.7","Humid","28.35","0","65.20","249989.55","SABD0002000014","AAV2.0.0.13","4.0.0.2353","PSt7-10","000000-000","8/7/2024 3:37:09 PM","0000-00","0","no battery","V","215852","µV","96196","µV"
"08/11/2024","11:26:13","2","default","203499907","Sensor2","10.391","min","246.125","μmol/L","Humid","22.068","deg","91977","µV","18.699","°C","985.000","hPa","35.0","pmil","0","51.462","deg","22.621","°C","100.000","%a.s.","22.257","deg","22.682","°C","985.000","hPa","0.861","-0.02056","0.00035","-0.00011","0","14.7","Humid","28.35","0","65.20","249996.61","SABD0002000014","AAV2.0.0.13","4.0.0.2353","PSt7-10","000000-000","8/7/2024 3:37:09 PM","0000-00","0","no battery","V","215852","µV","96196","µV"
"08/11/2024","11:26:14","2","default","203499907","Sensor2","10.408","min","246.103","μmol/L","Humid","22.069","deg","91979","µV","18.699","°C","985.000","hPa","35.0","pmil","0","51.462","deg","22.621","°C","100.000","%a.s.","22.257","deg","22.682","°C","985.000","hPa","0.861","-0.02056","0.00035","-0.00011","0","14.7","Humid","28.35","0","65.20","249989.13","SABD0002000014","AAV2.0.0.13","4.0.0.2353","PSt7-10","000000-000","8/7/2024 3:37:09 PM","0000-00","0","no battery","V","215852","µV","96196","µV"
"08/11/2024","11:26:15","2","default","203499907","Sensor2","10.425","min","246.077","μmol/L","Humid","22.068","deg","91975","µV","18.705","°C","985.000","hPa","35.0","pmil","0","51.462","deg","22.621","°C","100.000","%a.s.","22.257","deg","22.682","°C","985.000","hPa","0.861","-0.02056","0.00035","-0.00011","0","14.7","Humid","28.35","0","65.20","249989.80","SABD0002000014","AAV2.0.0.13","4.0.0.2353","PSt7-10","000000-000","8/7/2024 3:37:09 PM","0000-00","0","no battery","V","215852","µV","96196","µV"
"08/11/2024","11:26:16","2","default","203499907","Sensor2","10.441","min","245.987","μmol/L","Humid","22.072","deg","91973","µV","18.705","°C","985.000","hPa","35.0","pmil","0","51.462","deg","22.621","°C","100.000","%a.s.","22.257","deg","22.682","°C","985.000","hPa","0.861","-0.02056","0.00035","-0.00011","0","14.7","Humid","28.35","0","65.20","249986.05","SABD0002000014","AAV2.0.0.13","4.0.0.2353","PSt7-10","000000-000","8/7/2024 3:37:09 PM","0000-00","0","no battery","V","215852","µV","96196","µV"
"08/11/2024","11:26:17","2","default","203499907","Sensor2","10.458","min","246.009","μmol/L","Humid","22.071","deg","91970","µV","18.705","°C","985.000","hPa","35.0","pmil","0","51.462","deg","22.621","°C","100.000","%a.s.","22.257","deg","22.682","°C","985.000","hPa","0.861","-0.02056","0.00035","-0.00011","0","14.7","Humid","28.35","0","65.20","249988.34","SABD0002000014","AAV2.0.0.13","4.0.0.2353","PSt7-10","000000-000","8/7/2024 3:37:09 PM","0000-00","0","no battery","V","215852","µV","96196","µV"
"08/11/2024","11:26:18","2","default","203499907","Sensor2","10.475","min","246.036","μmol/L","Humid","22.072","deg","91944","µV","18.699","°C","985.000","hPa","35.0","pmil","0","51.462","deg","22.621","°C","100.000","%a.s.","22.257","deg","22.682","°C","985.000","hPa","0.861","-0.02056","0.00035","-0.00011","0","14.7","Humid","28.35","0","65.20","249998.50","SABD0002000014","AAV2.0.0.13","4.0.0.2353","PSt7-10","000000-000","8/7/2024 3:37:09 PM","0000-00","0","no battery","V","215852","µV","96196","µV"
"08/11/2024","11:26:19","2","default","203499907","Sensor2","10.492","min","246.080","μmol/L","Humid","22.070","deg","91979","µV","18.699","°C","985.000","hPa","35.0","pmil","0","51.462","deg","22.621","°C","100.000","%a.s.","22.257","deg","22.682","°C","985.000","hPa","0.861","-0.02056","0.00035","-0.00011","0","14.7","Humid","28.35","0","65.20","249991.75","SABD0002000014","AAV2.0.0.13","4.0.0.2353","PSt7-10","000000-000","8/7/2024 3:37:09 PM","0000-00","0","no battery","V","215852","µV","96196","µV"
"08/11/2024","11:26:20","2","default","203499907","Sensor2","10.508","min","246.125","μmol/L","Humid","22.068","deg","91976","µV","18.699","°C","985.000","hPa","35.0","pmil","0","51.462","deg","22.621","°C","100.000","%a.s.","22.257","deg","22.682","°C","985.000","hPa","0.861","-0.02056","0.00035","-0.00011","0","14.7","Humid","28.35","0","65.20","249984.75","SABD0002000014","AAV2.0.0.13","4.0.0.2353","PSt7-10","000000-000","8/7/2024 3:37:09 PM","0000-00","0","no battery","V","215852","µV","96196","µV"
"08/11/2024","11:26:21","2","default","203499907","Sensor2","10.525","min","246.009","μmol/L","Humid","22.071","deg","91982","µV","18.705","°C","985.000","hPa","35.0","pmil","0","51.462","deg","22.621","°C","100.000","%a.s.","22.257","deg","22.682","°C","985.000","hPa","0.861","-0.02056","0.00035","-0.00011","0","14.7","Humid","28.35","0","65.20","249979.92","SABD0002000014","AAV2.0.0.13","4.0.0.2353","PSt7-10","000000-000","8/7/2024 3:37:09 PM","0000-00","0","no battery","V","215852","µV","96196","µV"
"08/11/2024","11:26:22","2","default","203499907","Sensor2","10.541","min","246.058","μmol/L","Humid","22.071","deg","91990","µV","18.699","°C","985.000","hPa","35.0","pmil","0","51.462","deg","22.621","°C","100.000","%a.s.","22.257","deg","22.682","°C","985.000","hPa","0.861","-0.02056","0.00035","-0.00011","0","14.7","Humid","28.35","0","65.20","249996.61","SABD0002000014","AAV2.0.0.13","4.0.0.2353","PSt7-10","000000-000","8/7/2024 3:37:09 PM","0000-00","0","no battery","V","215852","µV","96196","µV"
"08/11/2024","11:26:23","2","default","203499907","Sensor2","10.558","min","246.080","μmol/L","Humid","22.070","deg","91989","µV","18.699","°C","985.000","hPa","35.0","pmil","0","51.462","deg","22.621","°C","100.000","%a.s.","22.257","deg","22.682","°C","985.000","hPa","0.861","-0.02056","0.00035","-0.00011","0","14.7","Humid","28.35","0","65.20","249988.97","SABD0002000014","AAV2.0.0.13","4.0.0.2353","PSt7-10","000000-000","8/7/2024 3:37:09 PM","0000-00","0","no battery","V","215852","µV","96196","µV"
"08/11/2024","11:26:24","2","default","203499907","Sensor2","10.574","min","246.077","μmol/L","Humid","22.068","deg","91982","µV","18.705","°C","985.000","hPa","35.0","pmil","0","51.462","deg","22.621","°C","100.000","%a.s.","22.257","deg","22.682","°C","985.000","hPa","0.861","-0.02056","0.00035","-0.00011","0","14.7","Humid","28.35","0","65.20","249987.05","SABD0002000014","AAV2.0.0.13","4.0.0.2353","PSt7-10","000000-000","8/7/2024 3:37:09 PM","0000-00","0","no battery","V","215852","µV","96196","µV"
"08/11/2024","11:26:25","2","default","203499907","Sensor2","10.591","min","246.080","μmol/L","Humid","22.070","deg","91983","µV","18.699","°C","985.000","hPa","35.0","pmil","0","51.462","deg","22.621","°C","100.000","%a.s.","22.257","deg","22.682","°C","985.000","hPa","0.861","-0.02056","0.00035","-0.00011","0","14.7","Humid","28.35","0","65.20","249987.80","SABD0002000014","AAV2.0.0.13","4.0.0.2353","PSt7-10","000000-000","8/7/2024 3:37:09 PM","0000-00","0","no battery","V","215852","µV","96196","µV"
"08/11/2024","11:26:26","2","default","203499907","Sensor2","10.608","min","246.058","μmol/L","Humid","22.071","deg","91982","µV","18.699","°C","985.000","hPa","35.0","pmil","0","51.462","deg","22.621","°C","100.000","%a.s.","22.257","deg","22.682","°C","985.000","hPa","0.861","-0.02056","0.00035","-0.00011","0","14.7","Humid","28.35","0","65.20","249989.10","SABD0002000014","AAV2.0.0.13","4.0.0.2353","PSt7-10","000000-000","8/7/2024 3:37:09 PM","0000-00","0","no battery","V","215852","µV","96196","µV"
"08/11/2024","11:26:27","2","default","203499907","Sensor2","10.625","min","245.965","μmol/L","Humid","22.073","deg","91975","µV","18.705","°C","985.000","hPa","35.0","pmil","0","51.462","deg","22.621","°C","100.000","%a.s.","22.257","deg","22.682","°C","985.000","hPa","0.861","-0.02056","0.00035","-0.00011","0","14.7","Humid","28.35","0","65.20","249975.57","SABD0002000014","AAV2.0.0.13","4.0.0.2353","PSt7-10","000000-000","8/7/2024 3:37:09 PM","0000-00","0","no battery","V","215852","µV","96196","µV"
"08/11/2024","11:26:28","2","default","203499907","Sensor2","10.642","min","246.036","μmol/L","Humid","22.072","deg","91980","µV","18.699","°C","985.000","hPa","35.0","pmil","0","51.462","deg","22.621","°C","100.000","%a.s.","22.257","deg","22.682","°C","985.000","hPa","0.861","-0.02056","0.00035","-0.00011","0","14.7","Humid","28.35","0","65.20","249977.87","SABD0002000014","AAV2.0.0.13","4.0.0.2353","PSt7-10","000000-000","8/7/2024 3:37:09 PM","0000-00","0","no battery","V","215852","µV","96196","µV"
"08/11/2024","11:26:29","2","default","203499907","Sensor2","10.658","min","246.017","μmol/L","Humid","22.075","deg","91973","µV","18.693","°C","985.000","hPa","35.0","pmil","0","51.462","deg","22.621","°C","100.000","%a.s.","22.257","deg","22.682","°C","985.000","hPa","0.861","-0.02056","0.00035","-0.00011","0","14.7","Humid","28.35","0","65.20","249977.80","SABD0002000014","AAV2.0.0.13","4.0.0.2353","PSt7-10","000000-000","8/7/2024 3:37:09 PM","0000-00","0","no battery","V","215852","µV","96196","µV"
"08/11/2024","11:26:30","2","default","203499907","Sensor2","10.675","min","246.058","μmol/L","Humid","22.071","deg","91977","µV","18.699","°C","985.000","hPa","35.0","pmil","0","51.462","deg","22.621","°C","100.000","%a.s.","22.257","deg","22.682","°C","985.000","hPa","0.861","-0.02056","0.00035","-0.00011","0","14.7","Humid","28.35","0","65.20","249988.33","SABD0002000014","AAV2.0.0.13","4.0.0.2353","PSt7-10","000000-000","8/7/2024 3:37:09 PM","0000-00","0","no battery","V","215852","µV","96196","µV"
"08/11/2024","11:26:31","2","default","203499907","Sensor2","10.692","min","245.924","μmol/L","Humid","22.077","deg","91978","µV","18.699","°C","985.000","hPa","35.0","pmil","0","51.462","deg","22.621","°C","100.000","%a.s.","22.257","deg","22.682","°C","985.000","hPa","0.861","-0.02056","0.00035","-0.00011","0","14.7","Humid","28.35","0","65.20","249978.34","SABD0002000014","AAV2.0.0.13","4.0.0.2353","PSt7-10","000000-000","8/7/2024 3:37:09 PM","0000-00","0","no battery","V","215852","µV","96196","µV"
"08/11/2024","11:26:32","2","default","203499907","Sensor2","10.708","min","246.009","μmol/L","Humid","22.071","deg","91974","µV","18.705","°C","985.000","hPa","35.0","pmil","0","51.462","deg","22.621","°C","100.000","%a.s.","22.257","deg","22.682","°C","985.000","hPa","0.861","-0.02056","0.00035","-0.00011","0","14.7","Humid","28.35","0","65.20","249978.94","SABD0002000014","AAV2.0.0.13","4.0.0.2353","PSt7-10","000000-000","8/7/2024 3:37:09 PM","0000-00","0","no battery","V","215852","µV","96196","µV"
"08/11/2024","11:26:33","2","default","203499907","Sensor2","10.725","min","245.969","μmol/L","Humid","22.075","deg","91977","µV","18.699","°C","985.000","hPa","35.0","pmil","0","51.462","deg","22.621","°C","100.000","%a.s.","22.257","deg","22.682","°C","985.000","hPa","0.861","-0.02056","0.00035","-0.00011","0","14.7","Humid","28.35","0","65.20","249980.27","SABD0002000014","AAV2.0.0.13","4.0.0.2353","PSt7-10","000000-000","8/7/2024 3:37:09 PM","0000-00","0","no battery","V","215852","µV","96196","µV"
"08/11/2024","11:26:34","2","default","203499907","Sensor2","10.741","min","245.969","μmol/L","Humid","22.075","deg","91975","µV","18.699","°C","985.000","hPa","35.0","pmil","0","51.462","deg","22.621","°C","100.000","%a.s.","22.257","deg","22.682","°C","985.000","hPa","0.861","-0.02056","0.00035","-0.00011","0","14.7","Humid","28.35","0","65.20","249990.52","SABD0002000014","AAV2.0.0.13","4.0.0.2353","PSt7-10","000000-000","8/7/2024 3:37:09 PM","0000-00","0","no battery","V","215852","µV","96196","µV"
"08/11/2024","11:26:35","2","default","203499907","Sensor2","10.758","min","246.080","μmol/L","Humid","22.070","deg","91979","µV","18.699","°C","985.000","hPa","35.0","pmil","0","51.462","deg","22.621","°C","100.000","%a.s.","22.257","deg","22.682","°C","985.000","hPa","0.861","-0.02056","0.00035","-0.00011","0","14.7","Humid","28.35","0","65.20","249976.63","SABD0002000014","AAV2.0.0.13","4.0.0.2353","PSt7-10","000000-000","8/7/2024 3:37:09 PM","0000-00","0","no battery","V","215852","µV","96196","µV"
"08/11/2024","11:26:36","2","default","203499907","Sensor2","10.774","min","246.103","μmol/L","Humid","22.069","deg","91972","µV","18.699","°C","985.000","hPa","35.0","pmil","0","51.462","deg","22.621","°C","100.000","%a.s.","22.257","deg","22.682","°C","985.000","hPa","0.861","-0.02056","0.00035","-0.00011","0","14.7","Humid","28.35","0","65.20","249975.30","SABD0002000014","AAV2.0.0.13","4.0.0.2353","PSt7-10","000000-000","8/7/2024 3:37:09 PM","0000-00","0","no battery","V","215852","µV","96196","µV"
"08/11/2024","11:26:37","2","default","203499907","Sensor2","10.791","min","246.103","μmol/L","Humid","22.069","deg","91973","µV","18.699","°C","985.000","hPa","35.0","pmil","0","51.462","deg","22.621","°C","100.000","%a.s.","22.257","deg","22.682","°C","985.000","hPa","0.861","-0.02056","0.00035","-0.00011","0","14.7","Humid","28.35","0","65.20","249983.47","SABD0002000014","AAV2.0.0.13","4.0.0.2353","PSt7-10","000000-000","8/7/2024 3:37:09 PM","0000-00","0","no battery","V","215852","µV","96196","µV"
"08/11/2024","11:26:38","2","default","203499907","Sensor2","10.808","min","246.129","μmol/L","Humid","22.070","deg","91974","µV","18.693","°C","985.000","hPa","35.0","pmil","0","51.462","deg","22.621","°C","100.000","%a.s.","22.257","deg","22.682","°C","985.000","hPa","0.861","-0.02056","0.00035","-0.00011","0","14.7","Humid","28.35","0","65.20","249973.48","SABD0002000014","AAV2.0.0.13","4.0.0.2353","PSt7-10","000000-000","8/7/2024 3:37:09 PM","0000-00","0","no battery","V","215852","µV","96196","µV"
"08/11/2024","11:26:39","2","default","203499907","Sensor2","10.824","min","246.054","μmol/L","Humid","22.069","deg","91971","µV","18.705","°C","985.000","hPa","35.0","pmil","0","51.462","deg","22.621","°C","100.000","%a.s.","22.257","deg","22.682","°C","985.000","hPa","0.861","-0.02056","0.00035","-0.00011","0","14.7","Humid","28.35","0","65.20","249967.38","SABD0002000014","AAV2.0.0.13","4.0.0.2353","PSt7-10","000000-000","8/7/2024 3:37:09 PM","0000-00","0","no battery","V","215852","µV","96196","µV"
"08/11/2024","11:26:40","2","default","203499907","Sensor2","10.841","min","246.080","μmol/L","Humid","22.070","deg","92007","µV","18.699","°C","985.000","hPa","35.0","pmil","0","51.462","deg","22.621","°C","100.000","%a.s.","22.257","deg","22.682","°C","985.000","hPa","0.861","-0.02056","0.00035","-0.00011","0","14.7","Humid","28.35","0","65.20","249964.35","SABD0002000014","AAV2.0.0.13","4.0.0.2353","PSt7-10","000000-000","8/7/2024 3:37:09 PM","0000-00","0","no battery","V","215852","µV","96196","µV"
"08/11/2024","11:26:41","2","default","203499907","Sensor2","10.858","min","246.032","μmol/L","Humid","22.070","deg","91995","µV","18.705","°C","985.000","hPa","35.0","pmil","0","51.462","deg","22.621","°C","100.000","%a.s.","22.257","deg","22.682","°C","985.000","hPa","0.861","-0.02056","0.00035","-0.00011","0","14.7","Humid","28.35","0","65.20","249978.37","SABD0002000014","AAV2.0.0.13","4.0.0.2353","PSt7-10","000000-000","8/7/2024 3:37:09 PM","0000-00","0","no battery","V","215852","µV","96196","µV"
"08/11/2024","11:26:42","2","default","203499907","Sensor2","10.875","min","246.151","μmol/L","Humid","22.069","deg","92002","µV","18.693","°C","985.000","hPa","35.0","pmil","0","51.462","deg","22.621","°C","100.000","%a.s.","22.257","deg","22.682","°C","985.000","hPa","0.861","-0.02056","0.00035","-0.00011","0","14.7","Humid","28.35","0","65.20","249976.69","SABD0002000014","AAV2.0.0.13","4.0.0.2353","PSt7-10","000000-000","8/7/2024 3:37:09 PM","0000-00","0","no battery","V","215852","µV","96196","µV"
"08/11/2024","11:26:43","2","default","203499907","Sensor2","10.892","min","246.058","μmol/L","Humid","22.071","deg","92000","µV","18.699","°C","985.000","hPa","35.0","pmil","0","51.462","deg","22.621","°C","100.000","%a.s.","22.257","deg","22.682","°C","985.000","hPa","0.861","-0.02056","0.00035","-0.00011","0","14.7","Humid","28.35","0","65.20","249980.11","SABD0002000014","AAV2.0.0.13","4.0.0.2353","PSt7-10","000000-000","8/7/2024 3:37:09 PM","0000-00","0","no battery","V","215852","µV","96196","µV"
"08/11/2024","11:26:44","2","default","203499907","Sensor2","10.908","min","245.991","μmol/L","Humid","22.074","deg","92003","µV","18.699","°C","985.000","hPa","35.0","pmil","0","51.462","deg","22.621","°C","100.000","%a.s.","22.257","deg","22.682","°C","985.000","hPa","0.861","-0.02056","0.00035","-0.00011","0","14.7","Humid","28.35","0","65.20","249969.87","SABD0002000014","AAV2.0.0.13","4.0.0.2353","PSt7-10","000000-000","8/7/2024 3:37:09 PM","0000-00","0","no battery","V","215852","µV","96196","µV"
"08/11/2024","11:26:45","2","default","203499907","Sensor2","10.925","min","245.991","μmol/L","Humid","22.074","deg","92001","µV","18.699","°C","985.000","hPa","35.0","pmil","0","51.462","deg","22.621","°C","100.000","%a.s.","22.257","deg","22.682","°C","985.000","hPa","0.861","-0.02056","0.00035","-0.00011","0","14.7","Humid","28.35","0","65.20","249959.62","SABD0002000014","AAV2.0.0.13","4.0.0.2353","PSt7-10","000000-000","8/7/2024 3:37:09 PM","0000-00","0","no battery","V","215852","µV","96196","µV"
"08/11/2024","11:26:46","2","default","203499907","Sensor2","10.942","min","246.036","μmol/L","Humid","22.072","deg","91995","µV","18.699","°C","985.000","hPa","35.0","pmil","0","51.462","deg","22.621","°C","100.000","%a.s.","22.257","deg","22.682","°C","985.000","hPa","0.861","-0.02056","0.00035","-0.00011","0","14.7","Humid","28.35","0","65.20","249962.17","SABD0002000014","AAV2.0.0.13","4.0.0.2353","PSt7-10","000000-000","8/7/2024 3:37:09 PM","0000-00","0","no battery","V","215852","µV","96196","µV"
"08/11/2024","11:26:47","2","default","203499907","Sensor2","10.958","min","246.032","μmol/L","Humid","22.070","deg","92002","µV","18.705","°C","985.000","hPa","35.0","pmil","0","51.462","deg","22.621","°C","100.000","%a.s.","22.257","deg","22.682","°C","985.000","hPa","0.861","-0.02056","0.00035","-0.00011","0","14.7","Humid","28.35","0","65.20","249968.38","SABD0002000014","AAV2.0.0.13","4.0.0.2353","PSt7-10","000000-000","8/7/2024 3:37:09 PM","0000-00","0","no battery","V","215852","µV","96196","µV"
"08/11/2024","11:26:48","2","default","203499907","Sensor2","10.974","min","246.125","μmol/L","Humid","22.068","deg","91998","µV","18.699","°C","985.000","hPa","35.0","pmil","0","51.462","deg","22.621","°C","100.000","%a.s.","22.257","deg","22.682","°C","985.000","hPa","0.861","-0.02056","0.00035","-0.00011","0","14.7","Humid","28.35","0","65.20","249965.04","SABD0002000014","AAV2.0.0.13","4.0.0.2353","PSt7-10","000000-000","8/7/2024 3:37:09 PM","0000-00","0","no battery","V","215852","µV","96196","µV"
"08/11/2024","11:26:49","2","default","203499907","Sensor2","10.991","min","245.898","μmol/L","Humid","22.076","deg","91999","µV","18.705","°C","985.000","hPa","35.0","pmil","0","51.462","deg","22.621","°C","100.000","%a.s.","22.257","deg","22.682","°C","985.000","hPa","0.861","-0.02056","0.00035","-0.00011","0","14.7","Humid","28.35","0","65.20","249962.54","SABD0002000014","AAV2.0.0.13","4.0.0.2353","PSt7-10","000000-000","8/7/2024 3:37:09 PM","0000-00","0","no battery","V","215852","µV","96196","µV"
"08/11/2024","11:26:50","2","default","203499907","Sensor2","11.008","min","246.080","μmol/L","Humid","22.070","deg","91997","µV","18.699","°C","985.000","hPa","35.0","pmil","0","51.462","deg","22.621","°C","100.000","%a.s.","22.257","deg","22.682","°C","985.000","hPa","0.861","-0.02056","0.00035","-0.00011","0","14.7","Humid","28.35","0","65.20","249969.74","SABD0002000014","AAV2.0.0.13","4.0.0.2353","PSt7-10","000000-000","8/7/2024 3:37:09 PM","0000-00","0","no battery","V","215852","µV","96196","µV"
"08/11/2024","11:26:51","2","default","203499907","Sensor2","11.025","min","246.058","μmol/L","Humid","22.071","deg","91995","µV","18.699","°C","985.000","hPa","35.0","pmil","0","51.462","deg","22.621","°C","100.000","%a.s.","22.257","deg","22.682","°C","985.000","hPa","0.861","-0.02056","0.00035","-0.00011","0","14.7","Humid","28.35","0","65.20","249966.54","SABD0002000014","AAV2.0.0.13","4.0.0.2353","PSt7-10","000000-000","8/7/2024 3:37:09 PM","0000-00","0","no battery","V","215852","µV","96196","µV"
"08/11/2024","11:26:52","2","default","203499907","Sensor2","11.041","min","245.920","μmol/L","Humid","22.075","deg","91995","µV","18.705","°C","985.000","hPa","35.0","pmil","0","51.462","deg","22.621","°C","100.000","%a.s.","22.257","deg","22.682","°C","985.000","hPa","0.861","-0.02056","0.00035","-0.00011","0","14.7","Humid","28.35","0","65.20","249958.11","SABD0002000014","AAV2.0.0.13","4.0.0.2353","PSt7-10","000000-000","8/7/2024 3:37:09 PM","0000-00","0","no battery","V","215852","µV","96196","µV"
"08/11/2024","11:26:53","2","default","203499907","Sensor2","11.058","min","246.032","μmol/L","Humid","22.070","deg","91998","µV","18.705","°C","985.000","hPa","35.0","pmil","0","51.462","deg","22.621","°C","100.000","%a.s.","22.257","deg","22.682","°C","985.000","hPa","0.861","-0.02056","0.00035","-0.00011","0","14.7","Humid","28.35","0","65.20","249978.35","SABD0002000014","AAV2.0.0.13","4.0.0.2353","PSt7-10","000000-000","8/7/2024 3:37:09 PM","0000-00","0","no battery","V","215852","µV","96196","µV"
"08/11/2024","11:26:54","2","default","203499907","Sensor2","11.075","min","246.032","μmol/L","Humid","22.070","deg","92000","µV","18.705","°C","985.000","hPa","35.0","pmil","0","51.462","deg","22.621","°C","100.000","%a.s.","22.257","deg","22.682","°C","985.000","hPa","0.861","-0.02056","0.00035","-0.00011","0","14.7","Humid","28.35","0","65.20","249966.11","SABD0002000014","AAV2.0.0.13","4.0.0.2353","PSt7-10","000000-000","8/7/2024 3:37:09 PM","0000-00","0","no battery","V","215852","µV","96196","µV"
"08/11/2024","11:26:55","2","default","203499907","Sensor2","11.092","min","245.924","μmol/L","Humid","22.077","deg","91987","µV","18.699","°C","985.000","hPa","35.0","pmil","0","51.462","deg","22.621","°C","100.000","%a.s.","22.257","deg","22.682","°C","985.000","hPa","0.861","-0.02056","0.00035","-0.00011","0","14.7","Humid","28.35","0","65.20","249960.24","SABD0002000014","AAV2.0.0.13","4.0.0.2353","PSt7-10","000000-000","8/7/2024 3:37:09 PM","0000-00","0","no battery","V","215852","µV","96196","µV"
"08/11/2024","11:26:56","2","default","203499907","Sensor2","11.108","min","246.013","μmol/L","Humid","22.073","deg","91992","µV","18.699","°C","985.000","hPa","35.0","pmil","0","51.462","deg","22.621","°C","100.000","%a.s.","22.257","deg","22.682","°C","985.000","hPa","0.861","-0.02056","0.00035","-0.00011","0","14.7","Humid","28.35","0","65.20","249958.06","SABD0002000014","AAV2.0.0.13","4.0.0.2353","PSt7-10","000000-000","8/7/2024 3:37:09 PM","0000-00","0","no battery","V","215852","µV","96196","µV"
"08/11/2024","11:26:57","2","default","203499907","Sensor2","11.125","min","246.009","μmol/L","Humid","22.071","deg","91987","µV","18.705","°C","985.000","hPa","35.0","pmil","0","51.462","deg","22.621","°C","100.000","%a.s.","22.257","deg","22.682","°C","985.000","hPa","0.861","-0.02056","0.00035","-0.00011","0","14.7","Humid","28.35","0","65.20","249951.97","SABD0002000014","AAV2.0.0.13","4.0.0.2353","PSt7-10","000000-000","8/7/2024 3:37:09 PM","0000-00","0","no battery","V","215852","µV","96196","µV"
"08/11/2024","11:26:58","2","default","203499907","Sensor2","11.142","min","246.103","μmol/L","Humid","22.069","deg","91995","µV","18.699","°C","985.000","hPa","35.0","pmil","0","51.462","deg","22.621","°C","100.000","%a.s.","22.257","deg","22.682","°C","985.000","hPa","0.861","-0.02056","0.00035","-0.00011","0","14.7","Humid","28.35","0","65.20","249975.27","SABD0002000014","AAV2.0.0.13","4.0.0.2353","PSt7-10","000000-000","8/7/2024 3:37:09 PM","0000-00","0","no battery","V","215852","µV","96196","µV"
"08/11/2024","11:26:59","2","default","203499907","Sensor2","11.158","min","246.106","μmol/L","Humid","22.071","deg","91992","µV","18.693","°C","985.000","hPa","35.0","pmil","0","51.462","deg","22.621","°C","100.000","%a.s.","22.257","deg","22.682","°C","985.000","hPa","0.861","-0.02056","0.00035","-0.00011","0","14.7","Humid","28.35","0","65.20","249962.20","SABD0002000014","AAV2.0.0.13","4.0.0.2353","PSt7-10","000000-000","8/7/2024 3:37:09 PM","0000-00","0","no battery","V","215852","µV","96196","µV"
"08/11/2024","11:27:00","2","default","203499907","Sensor2","11.174","min","246.013","μmol/L","Humid","22.073","deg","91997","µV","18.699","°C","985.000","hPa","35.0","pmil","0","51.462","deg","22.621","°C","100.000","%a.s.","22.257","deg","22.682","°C","985.000","hPa","0.861","-0.02056","0.00035","-0.00011","0","14.7","Humid","28.35","0","65.20","249964.30","SABD0002000014","AAV2.0.0.13","4.0.0.2353","PSt7-10","000000-000","8/7/2024 3:37:09 PM","0000-00","0","no battery","V","215852","µV","96196","µV"
"08/11/2024","11:27:01","2","default","203499907","Sensor2","11.191","min","245.969","μmol/L","Humid","22.075","deg","91994","µV","18.699","°C","985.000","hPa","35.0","pmil","0","51.462","deg","22.621","°C","100.000","%a.s.","22.257","deg","22.682","°C","985.000","hPa","0.861","-0.02056","0.00035","-0.00011","0","14.7","Humid","28.35","0","65.20","249947.74","SABD0002000014","AAV2.0.0.13","4.0.0.2353","PSt7-10","000000-000","8/7/2024 3:37:09 PM","0000-00","0","no battery","V","215852","µV","96196","µV"
"08/11/2024","11:27:02","2","default","203499907","Sensor2","11.208","min","245.879","μmol/L","Humid","22.079","deg","91990","µV","18.699","°C","985.000","hPa","35.0","pmil","0","51.462","deg","22.621","°C","100.000","%a.s.","22.257","deg","22.682","°C","985.000","hPa","0.861","-0.02056","0.00035","-0.00011","0","14.7","Humid","28.35","0","65.20","249959.89","SABD0002000014","AAV2.0.0.13","4.0.0.2353","PSt7-10","000000-000","8/7/2024 3:37:09 PM","0000-00","0","no battery","V","215852","µV","96196","µV"
"08/11/2024","11:27:03","2","default","203499907","Sensor2","11.225","min","246.106","μmol/L","Humid","22.071","deg","91991","µV","18.693","°C","985.000","hPa","35.0","pmil","0","51.462","deg","22.621","°C","100.000","%a.s.","22.257","deg","22.682","°C","985.000","hPa","0.861","-0.02056","0.00035","-0.00011","0","14.7","Humid","28.35","0","65.20","249967.00","SABD0002000014","AAV2.0.0.13","4.0.0.2353","PSt7-10","000000-000","8/7/2024 3:37:09 PM","0000-00","0","no battery","V","215852","µV","96196","µV"
"08/11/2024","11:27:04","2","default","203499907","Sensor2","11.241","min","246.017","μmol/L","Humid","22.075","deg","91983","µV","18.693","°C","985.000","hPa","35.0","pmil","0","51.462","deg","22.621","°C","100.000","%a.s.","22.257","deg","22.682","°C","985.000","hPa","0.861","-0.02056","0.00035","-0.00011","0","14.7","Humid","28.35","0","65.20","249950.68","SABD0002000014","AAV2.0.0.13","4.0.0.2353","PSt7-10","000000-000","8/7/2024 3:37:09 PM","0000-00","0","no battery","V","215852","µV","96196","µV"
"08/11/2024","11:27:05","2","default","203499907","Sensor2","11.258","min","245.946","μmol/L","Humid","22.076","deg","91990","µV","18.699","°C","985.000","hPa","35.0","pmil","0","51.462","deg","22.621","°C","100.000","%a.s.","22.257","deg","22.682","°C","985.000","hPa","0.861","-0.02056","0.00035","-0.00011","0","14.7","Humid","28.35","0","65.20","249955.55","SABD0002000014","AAV2.0.0.13","4.0.0.2353","PSt7-10","000000-000","8/7/2024 3:37:09 PM","0000-00","0","no battery","V","215852","µV","96196","µV"
"08/11/2024","11:27:06","2","default","203499907","Sensor2","11.275","min","246.036","μmol/L","Humid","22.072","deg","91983","µV","18.699","°C","985.000","hPa","35.0","pmil","0","51.462","deg","22.621","°C","100.000","%a.s.","22.257","deg","22.682","°C","985.000","hPa","0.861","-0.02056","0.00035","-0.00011","0","14.7","Humid","28.35","0","65.20","249950.66","SABD0002000014","AAV2.0.0.13","4.0.0.2353","PSt7-10","000000-000","8/7/2024 3:37:09 PM","0000-00","0","no battery","V","215852","µV","96196","µV"
"08/11/2024","11:27:07","2","default","203499907","Sensor2","11.292","min","246.013","μmol/L","Humid","22.073","deg","91985","µV","18.699","°C","985.000","hPa","35.0","pmil","0","51.462","deg","22.621","°C","100.000","%a.s.","22.257","deg","22.682","°C","985.000","hPa","0.861","-0.02056","0.00035","-0.00011","0","14.7","Humid","28.35","0","65.20","249949.16","SABD0002000014","AAV2.0.0.13","4.0.0.2353","PSt7-10","000000-000","8/7/2024 3:37:09 PM","0000-00","0","no battery","V","215852","µV","96196","µV"
"08/11/2024","11:27:08","2","default","203499907","Sensor2","11.308","min","246.084","μmol/L","Humid","22.072","deg","91986","µV","18.693","°C","985.000","hPa","35.0","pmil","0","51.462","deg","22.621","°C","100.000","%a.s.","22.257","deg","22.682","°C","985.000","hPa","0.861","-0.02056","0.00035","-0.00011","0","14.7","Humid","28.35","0","65.20","249942.28","SABD0002000014","AAV2.0.0.13","4.0.0.2353","PSt7-10","000000-000","8/7/2024 3:37:09 PM","0000-00","0","no battery","V","215852","µV","96196","µV"
"08/11/2024","11:27:09","2","default","203499907","Sensor2","11.325","min","246.062","μmol/L","Humid","22.073","deg","91986","µV","18.693","°C","985.000","hPa","35.0","pmil","0","51.462","deg","22.621","°C","100.000","%a.s.","22.257","deg","22.682","°C","985.000","hPa","0.861","-0.02056","0.00035","-0.00011","0","14.7","Humid","28.35","0","65.20","249950.15","SABD0002000014","AAV2.0.0.13","4.0.0.2353","PSt7-10","000000-000","8/7/2024 3:37:09 PM","0000-00","0","no battery","V","215852","µV","96196","µV"
"08/11/2024","11:27:10","2","default","203499907","Sensor2","11.341","min","246.058","μmol/L","Humid","22.071","deg","91979","µV","18.699","°C","985.000","hPa","35.0","pmil","0","51.462","deg","22.621","°C","100.000","%a.s.","22.257","deg","22.682","°C","985.000","hPa","0.861","-0.02056","0.00035","-0.00011","0","14.7","Humid","28.35","0","65.20","249951.04","SABD0002000014","AAV2.0.0.13","4.0.0.2353","PSt7-10","000000-000","8/7/2024 3:37:09 PM","0000-00","0","no battery","V","215852","µV","96196","µV"
"08/11/2024","11:27:11","2","default","203499907","Sensor2","11.358","min","246.062","μmol/L","Humid","22.073","deg","91991","µV","18.693","°C","985.000","hPa","35.0","pmil","0","51.462","deg","22.621","°C","100.000","%a.s.","22.257","deg","22.682","°C","985.000","hPa","0.861","-0.02056","0.00035","-0.00011","0","14.7","Humid","28.35","0","65.20","249964.29","SABD0002000014","AAV2.0.0.13","4.0.0.2353","PSt7-10","000000-000","8/7/2024 3:37:09 PM","0000-00","0","no battery","V","215852","µV","96196","µV"
"08/11/2024","11:27:12","2","default","203499907","Sensor2","11.374","min","246.106","μmol/L","Humid","22.071","deg","91986","µV","18.693","°C","985.000","hPa","35.0","pmil","0","51.462","deg","22.621","°C","100.000","%a.s.","22.257","deg","22.682","°C","985.000","hPa","0.861","-0.02056","0.00035","-0.00011","0","14.7","Humid","28.35","0","65.20","249939.49","SABD0002000014","AAV2.0.0.13","4.0.0.2353","PSt7-10","000000-000","8/7/2024 3:37:09 PM","0000-00","0","no battery","V","215852","µV","96196","µV"
"08/11/2024","11:27:13","2","default","203499907","Sensor2","11.391","min","245.995","μmol/L","Humid","22.076","deg","91983","µV","18.693","°C","985.000","hPa","35.0","pmil","0","51.462","deg","22.621","°C","100.000","%a.s.","22.257","deg","22.682","°C","985.000","hPa","0.861","-0.02056","0.00035","-0.00011","0","14.7","Humid","28.35","0","65.20","249953.60","SABD0002000014","AAV2.0.0.13","4.0.0.2353","PSt7-10","000000-000","8/7/2024 3:37:09 PM","0000-00","0","no battery","V","215852","µV","96196","µV"
"08/11/2024","11:27:14","2","default","203499907","Sensor2","11.408","min","246.129","μmol/L","Humid","22.070","deg","91983","µV","18.693","°C","985.000","hPa","35.0","pmil","0","51.462","deg","22.621","°C","100.000","%a.s.","22.257","deg","22.682","°C","985.000","hPa","0.861","-0.02056","0.00035","-0.00011","0","14.7","Humid","28.35","0","65.20","249939.66","SABD0002000014","AAV2.0.0.13","4.0.0.2353","PSt7-10","000000-000","8/7/2024 3:37:09 PM","0000-00","0","no battery","V","215852","µV","96196","µV"
"08/11/2024","11:27:15","2","default","203499907","Sensor2","11.425","min","246.106","μmol/L","Humid","22.071","deg","91982","µV","18.693","°C","985.000","hPa","35.0","pmil","0","51.462","deg","22.621","°C","100.000","%a.s.","22.257","deg","22.682","°C","985.000","hPa","0.861","-0.02056","0.00035","-0.00011","0","14.7","Humid","28.35","0","65.20","249947.82","SABD0002000014","AAV2.0.0.13","4.0.0.2353","PSt7-10","000000-000","8/7/2024 3:37:09 PM","0000-00","0","no battery","V","215852","µV","96196","µV"
"08/11/2024","11:27:16","2","default","203499907","Sensor2","11.441","min","246.084","μmol/L","Humid","22.072","deg","91984","µV","18.693","°C","985.000","hPa","35.0","pmil","0","51.462","deg","22.621","°C","100.000","%a.s.","22.257","deg","22.682","°C","985.000","hPa","0.861","-0.02056","0.00035","-0.00011","0","14.7","Humid","28.35","0","65.20","249944.62","SABD0002000014","AAV2.0.0.13","4.0.0.2353","PSt7-10","000000-000","8/7/2024 3:37:09 PM","0000-00","0","no battery","V","215852","µV","96196","µV"
"08/11/2024","11:27:17","2","default","203499907","Sensor2","11.458","min","245.991","μmol/L","Humid","22.074","deg","91983","µV","18.699","°C","985.000","hPa","35.0","pmil","0","51.462","deg","22.621","°C","100.000","%a.s.","22.257","deg","22.682","°C","985.000","hPa","0.861","-0.02056","0.00035","-0.00011","0","14.7","Humid","28.35","0","65.20","249947.56","SABD0002000014","AAV2.0.0.13","4.0.0.2353","PSt7-10","000000-000","8/7/2024 3:37:09 PM","0000-00","0","no battery","V","215852","µV","96196","µV"
"08/11/2024","11:27:18","2","default","203499907","Sensor2","11.475","min","246.039","μmol/L","Humid","22.074","deg","91981","µV","18.693","°C","985.000","hPa","35.0","pmil","0","51.462","deg","22.621","°C","100.000","%a.s.","22.257","deg","22.682","°C","985.000","hPa","0.861","-0.02056","0.00035","-0.00011","0","14.7","Humid","28.35","0","65.20","249948.28","SABD0002000014","AAV2.0.0.13","4.0.0.2353","PSt7-10","000000-000","8/7/2024 3:37:09 PM","0000-00","0","no battery","V","215852","µV","96196","µV"
"08/11/2024","11:27:19","2","default","203499907","Sensor2","11.492","min","245.946","μmol/L","Humid","22.076","deg","91983","µV","18.699","°C","985.000","hPa","35.0","pmil","0","51.462","deg","22.621","°C","100.000","%a.s.","22.257","deg","22.682","°C","985.000","hPa","0.861","-0.02056","0.00035","-0.00011","0","14.7","Humid","28.35","0","65.20","249949.73","SABD0002000014","AAV2.0.0.13","4.0.0.2353","PSt7-10","000000-000","8/7/2024 3:37:09 PM","0000-00","0","no battery","V","215852","µV","96196","µV"
"08/11/2024","11:27:20","2","default","203499907","Sensor2","11.508","min","245.946","μmol/L","Humid","22.076","deg","91982","µV","18.699","°C","985.000","hPa","35.0","pmil","0","51.462","deg","22.621","°C","100.000","%a.s.","22.257","deg","22.682","°C","985.000","hPa","0.861","-0.02056","0.00035","-0.00011","0","14.7","Humid","28.35","0","65.20","249935.28","SABD0002000014","AAV2.0.0.13","4.0.0.2353","PSt7-10","000000-000","8/7/2024 3:37:09 PM","0000-00","0","no battery","V","215852","µV","96196","µV"
"08/11/2024","11:27:21","2","default","203499907","Sensor2","11.525","min","246.036","μmol/L","Humid","22.072","deg","91976","µV","18.699","°C","985.000","hPa","35.0","pmil","0","51.462","deg","22.621","°C","100.000","%a.s.","22.257","deg","22.682","°C","985.000","hPa","0.861","-0.02056","0.00035","-0.00011","0","14.7","Humid","28.35","0","65.20","249947.53","SABD0002000014","AAV2.0.0.13","4.0.0.2353","PSt7-10","000000-000","8/7/2024 3:37:09 PM","0000-00","0","no battery","V","215852","µV","96196","µV"
"08/11/2024","11:27:22","2","default","203499907","Sensor2","11.541","min","246.084","μmol/L","Humid","22.072","deg","91978","µV","18.693","°C","985.000","hPa","35.0","pmil","0","51.462","deg","22.621","°C","100.000","%a.s.","22.257","deg","22.682","°C","985.000","hPa","0.861","-0.02056","0.00035","-0.00011","0","14.7","Humid","28.35","0","65.20","249938.84","SABD0002000014","AAV2.0.0.13","4.0.0.2353","PSt7-10","000000-000","8/7/2024 3:37:09 PM","0000-00","0","no battery","V","215852","µV","96196","µV"
"08/11/2024","11:27:23","2","default","203499907","Sensor2","11.558","min","245.991","μmol/L","Humid","22.074","deg","91979","µV","18.699","°C","985.000","hPa","35.0","pmil","0","51.462","deg","22.621","°C","100.000","%a.s.","22.257","deg","22.682","°C","985.000","hPa","0.861","-0.02056","0.00035","-0.00011","0","14.7","Humid","28.35","0","65.20","249941.62","SABD0002000014","AAV2.0.0.13","4.0.0.2353","PSt7-10","000000-000","8/7/2024 3:37:09 PM","0000-00","0","no battery","V","215852","µV","96196","µV"
"08/11/2024","11:27:24","2","default","203499907","Sensor2","11.574","min","245.991","μmol/L","Humid","22.074","deg","91973","µV","18.699","°C","985.000","hPa","35.0","pmil","0","51.462","deg","22.621","°C","100.000","%a.s.","22.257","deg","22.682","°C","985.000","hPa","0.861","-0.02056","0.00035","-0.00011","0","14.7","Humid","28.35","0","65.20","249929.81","SABD0002000014","AAV2.0.0.13","4.0.0.2353","PSt7-10","000000-000","8/7/2024 3:37:09 PM","0000-00","0","no battery","V","215852","µV","96196","µV"
"08/11/2024","11:27:25","2","default","203499907","Sensor2","11.591","min","245.969","μmol/L","Humid","22.075","deg","91981","µV","18.699","°C","985.000","hPa","35.0","pmil","0","51.462","deg","22.621","°C","100.000","%a.s.","22.257","deg","22.682","°C","985.000","hPa","0.861","-0.02056","0.00035","-0.00011","0","14.7","Humid","28.35","0","65.20","249952.16","SABD0002000014","AAV2.0.0.13","4.0.0.2353","PSt7-10","000000-000","8/7/2024 3:37:09 PM","0000-00","0","no battery","V","215852","µV","96196","µV"
"08/11/2024","11:27:26","2","default","203499907","Sensor2","11.608","min","246.039","μmol/L","Humid","22.074","deg","91982","µV","18.693","°C","985.000","hPa","35.0","pmil","0","51.462","deg","22.621","°C","100.000","%a.s.","22.257","deg","22.682","°C","985.000","hPa","0.861","-0.02056","0.00035","-0.00011","0","14.7","Humid","28.35","0","65.20","249947.55","SABD0002000014","AAV2.0.0.13","4.0.0.2353","PSt7-10","000000-000","8/7/2024 3:37:09 PM","0000-00","0","no battery","V","215852","µV","96196","µV"
"08/11/2024","11:27:27","2","default","203499907","Sensor2","11.624","min","246.036","μmol/L","Humid","22.072","deg","91986","µV","18.699","°C","985.000","hPa","35.0","pmil","0","51.462","deg","22.621","°C","100.000","%a.s.","22.257","deg","22.682","°C","985.000","hPa","0.861","-0.02056","0.00035","-0.00011","0","14.7","Humid","28.35","0","65.20","249945.42","SABD0002000014","AAV2.0.0.13","4.0.0.2353","PSt7-10","000000-000","8/7/2024 3:37:09 PM","0000-00","0","no battery","V","215852","µV","96196","µV"
"08/11/2024","11:27:28","2","default","203499907","Sensor2","11.641","min","245.991","μmol/L","Humid","22.074","deg","91977","µV","18.699","°C","985.000","hPa","35.0","pmil","0","51.462","deg","22.621","°C","100.000","%a.s.","22.257","deg","22.682","°C","985.000","hPa","0.861","-0.02056","0.00035","-0.00011","0","14.7","Humid","28.35","0","65.20","249942.21","SABD0002000014","AAV2.0.0.13","4.0.0.2353","PSt7-10","000000-000","8/7/2024 3:37:09 PM","0000-00","0","no battery","V","215852","µV","96196","µV"
"08/11/2024","11:27:29","2","default","203499907","Sensor2","11.658","min","245.991","μmol/L","Humid","22.074","deg","91979","µV","18.699","°C","985.000","hPa","35.0","pmil","0","51.462","deg","22.621","°C","100.000","%a.s.","22.257","deg","22.682","°C","985.000","hPa","0.861","-0.02056","0.00035","-0.00011","0","14.7","Humid","28.35","0","65.20","249951.74","SABD0002000014","AAV2.0.0.13","4.0.0.2353","PSt7-10","000000-000","8/7/2024 3:37:09 PM","0000-00","0","no battery","V","215852","µV","96196","µV"
"08/11/2024","11:27:30","2","default","203499907","Sensor2","11.675","min","246.106","μmol/L","Humid","22.071","deg","91973","µV","18.693","°C","985.000","hPa","35.0","pmil","0","51.462","deg","22.621","°C","100.000","%a.s.","22.257","deg","22.682","°C","985.000","hPa","0.861","-0.02056","0.00035","-0.00011","0","14.7","Humid","28.35","0","65.20","249946.10","SABD0002000014","AAV2.0.0.13","4.0.0.2353","PSt7-10","000000-000","8/7/2024 3:37:09 PM","0000-00","0","no battery","V","215852","µV","96196","µV"
"08/11/2024","11:27:31","2","default","203499907","Sensor2","11.692","min","246.017","μmol/L","Humid","22.075","deg","91975","µV","18.693","°C","985.000","hPa","35.0","pmil","0","51.462","deg","22.621","°C","100.000","%a.s.","22.257","deg","22.682","°C","985.000","hPa","0.861","-0.02056","0.00035","-0.00011","0","14.7","Humid","28.35","0","65.20","249942.04","SABD0002000014","AAV2.0.0.13","4.0.0.2353","PSt7-10","000000-000","8/7/2024 3:37:09 PM","0000-00","0","no battery","V","215852","µV","96196","µV"
"08/11/2024","11:27:32","2","default","203499907","Sensor2","11.708","min","245.969","μmol/L","Humid","22.075","deg","91973","µV","18.699","°C","985.000","hPa","35.0","pmil","0","51.462","deg","22.621","°C","100.000","%a.s.","22.257","deg","22.682","°C","985.000","hPa","0.861","-0.02056","0.00035","-0.00011","0","14.7","Humid","28.35","0","65.20","249931.30","SABD0002000014","AAV2.0.0.13","4.0.0.2353","PSt7-10","000000-000","8/7/2024 3:37:09 PM","0000-00","0","no battery","V","215852","µV","96196","µV"
"08/11/2024","11:27:33","2","default","203499907","Sensor2","11.725","min","246.058","μmol/L","Humid","22.071","deg","91975","µV","18.699","°C","985.000","hPa","35.0","pmil","0","51.462","deg","22.621","°C","100.000","%a.s.","22.257","deg","22.682","°C","985.000","hPa","0.861","-0.02056","0.00035","-0.00011","0","14.7","Humid","28.35","0","65.20","249926.72","SABD0002000014","AAV2.0.0.13","4.0.0.2353","PSt7-10","000000-000","8/7/2024 3:37:09 PM","0000-00","0","no battery","V","215852","µV","96196","µV"
"08/11/2024","11:27:34","2","default","203499907","Sensor2","11.741","min","245.969","μmol/L","Humid","22.075","deg","91974","µV","18.699","°C","985.000","hPa","35.0","pmil","0","51.462","deg","22.621","°C","100.000","%a.s.","22.257","deg","22.682","°C","985.000","hPa","0.861","-0.02056","0.00035","-0.00011","0","14.7","Humid","28.35","0","65.20","249926.82","SABD0002000014","AAV2.0.0.13","4.0.0.2353","PSt7-10","000000-000","8/7/2024 3:37:09 PM","0000-00","0","no battery","V","215852","µV","96196","µV"
"08/11/2024","11:27:35","2","default","203499907","Sensor2","11.758","min","245.972","μmol/L","Humid","22.077","deg","91975","µV","18.693","°C","985.000","hPa","35.0","pmil","0","51.462","deg","22.621","°C","100.000","%a.s.","22.257","deg","22.682","°C","985.000","hPa","0.861","-0.02056","0.00035","-0.00011","0","14.7","Humid","28.35","0","65.20","249938.61","SABD0002000014","AAV2.0.0.13","4.0.0.2353","PSt7-10","000000-000","8/7/2024 3:37:09 PM","0000-00","0","no battery","V","215852","µV","96196","µV"
"08/11/2024","11:27:36","2","default","203499907","Sensor2","11.774","min","246.009","μmol/L","Humid","22.071","deg","91970","µV","18.705","°C","985.000","hPa","35.0","pmil","0","51.462","deg","22.621","°C","100.000","%a.s.","22.257","deg","22.682","°C","985.000","hPa","0.861","-0.02056","0.00035","-0.00011","0","14.7","Humid","28.35","0","65.20","249930.21","SABD0002000014","AAV2.0.0.13","4.0.0.2353","PSt7-10","000000-000","8/7/2024 3:37:09 PM","0000-00","0","no battery","V","215852","µV","96196","µV"
"08/11/2024","11:27:37","2","default","203499907","Sensor2","11.791","min","246.036","μmol/L","Humid","22.072","deg","91969","µV","18.699","°C","985.000","hPa","35.0","pmil","0","51.462","deg","22.621","°C","100.000","%a.s.","22.257","deg","22.682","°C","985.000","hPa","0.861","-0.02056","0.00035","-0.00011","0","14.7","Humid","28.35","0","65.20","249933.91","SABD0002000014","AAV2.0.0.13","4.0.0.2353","PSt7-10","000000-000","8/7/2024 3:37:09 PM","0000-00","0","no battery","V","215852","µV","96196","µV"
"08/11/2024","11:27:38","2","default","203499907","Sensor2","11.808","min","246.039","μmol/L","Humid","22.074","deg","91976","µV","18.693","°C","985.000","hPa","35.0","pmil","0","51.462","deg","22.621","°C","100.000","%a.s.","22.257","deg","22.682","°C","985.000","hPa","0.861","-0.02056","0.00035","-0.00011","0","14.7","Humid","28.35","0","65.20","249930.52","SABD0002000014","AAV2.0.0.13","4.0.0.2353","PSt7-10","000000-000","8/7/2024 3:37:09 PM","0000-00","0","no battery","V","215852","µV","96196","µV"
"08/11/2024","11:27:39","2","default","203499907","Sensor2","11.825","min","246.129","μmol/L","Humid","22.070","deg","91977","µV","18.693","°C","985.000","hPa","35.0","pmil","0","51.462","deg","22.621","°C","100.000","%a.s.","22.257","deg","22.682","°C","985.000","hPa","0.861","-0.02056","0.00035","-0.00011","0","14.7","Humid","28.35","0","65.20","249928.86","SABD0002000014","AAV2.0.0.13","4.0.0.2353","PSt7-10","000000-000","8/7/2024 3:37:09 PM","0000-00","0","no battery","V","215852","µV","96196","µV"
"08/11/2024","11:27:40","2","default","203499907","Sensor2","11.842","min","245.928","μmol/L","Humid","22.079","deg","91969","µV","18.693","°C","985.000","hPa","35.0","pmil","0","51.462","deg","22.621","°C","100.000","%a.s.","22.257","deg","22.682","°C","985.000","hPa","0.861","-0.02056","0.00035","-0.00011","0","14.7","Humid","28.35","0","65.20","249923.48","SABD0002000014","AAV2.0.0.13","4.0.0.2353","PSt7-10","000000-000","8/7/2024 3:37:09 PM","0000-00","0","no battery","V","215852","µV","96196","µV"
"08/11/2024","11:27:41","2","default","203499907","Sensor2","11.858","min","246.039","μmol/L","Humid","22.074","deg","91974","µV","18.693","°C","985.000","hPa","35.0","pmil","0","51.462","deg","22.621","°C","100.000","%a.s.","22.257","deg","22.682","°C","985.000","hPa","0.861","-0.02056","0.00035","-0.00011","0","14.7","Humid","28.35","0","65.20","249927.95","SABD0002000014","AAV2.0.0.13","4.0.0.2353","PSt7-10","000000-000","8/7/2024 3:37:09 PM","0000-00","0","no battery","V","215852","µV","96196","µV"
"08/11/2024","11:27:42","2","default","203499907","Sensor2","11.875","min","246.036","μmol/L","Humid","22.072","deg","91964","µV","18.699","°C","985.000","hPa","35.0","pmil","0","51.462","deg","22.621","°C","100.000","%a.s.","22.257","deg","22.682","°C","985.000","hPa","0.861","-0.02056","0.00035","-0.00011","0","14.7","Humid","28.35","0","65.20","249920.83","SABD0002000014","AAV2.0.0.13","4.0.0.2353","PSt7-10","000000-000","8/7/2024 3:37:09 PM","0000-00","0","no battery","V","215852","µV","96196","µV"
"08/11/2024","11:27:43","2","default","203499907","Sensor2","11.892","min","245.991","μmol/L","Humid","22.074","deg","91969","µV","18.699","°C","985.000","hPa","35.0","pmil","0","51.462","deg","22.621","°C","100.000","%a.s.","22.257","deg","22.682","°C","985.000","hPa","0.861","-0.02056","0.00035","-0.00011","0","14.7","Humid","28.35","0","65.20","249924.17","SABD0002000014","AAV2.0.0.13","4.0.0.2353","PSt7-10","000000-000","8/7/2024 3:37:09 PM","0000-00","0","no battery","V","215852","µV","96196","µV"
"08/11/2024","11:27:44","2","default","203499907","Sensor2","11.908","min","246.129","μmol/L","Humid","22.070","deg","91975","µV","18.693","°C","985.000","hPa","35.0","pmil","0","51.462","deg","22.621","°C","100.000","%a.s.","22.257","deg","22.682","°C","985.000","hPa","0.861","-0.02056","0.00035","-0.00011","0","14.7","Humid","28.35","0","65.20","249919.69","SABD0002000014","AAV2.0.0.13","4.0.0.2353","PSt7-10","000000-000","8/7/2024 3:37:09 PM","0000-00","0","no battery","V","215852","µV","96196","µV"
"08/11/2024","11:27:45","2","default","203499907","Sensor2","11.924","min","245.924","μmol/L","Humid","22.077","deg","91972","µV","18.699","°C","985.000","hPa","35.0","pmil","0","51.462","deg","22.621","°C","100.000","%a.s.","22.257","deg","22.682","°C","985.000","hPa","0.861","-0.02056","0.00035","-0.00011","0","14.7","Humid","28.35","0","65.20","249913.12","SABD0002000014","AAV2.0.0.13","4.0.0.2353","PSt7-10","000000-000","8/7/2024 3:37:09 PM","0000-00","0","no battery","V","215852","µV","96196","µV"
"08/11/2024","11:27:46","2","default","203499907","Sensor2","11.941","min","245.998","μmol/L","Humid","22.078","deg","91970","µV","18.687","°C","985.000","hPa","35.0","pmil","0","51.462","deg","22.621","°C","100.000","%a.s.","22.257","deg","22.682","°C","985.000","hPa","0.861","-0.02056","0.00035","-0.00011","0","14.7","Humid","28.35","0","65.20","249914.49","SABD0002000014","AAV2.0.0.13","4.0.0.2353","PSt7-10","000000-000","8/7/2024 3:37:09 PM","0000-00","0","no battery","V","215852","µV","96196","µV"
"08/11/2024","11:27:47","2","default","203499907","Sensor2","11.958","min","245.946","μmol/L","Humid","22.076","deg","91978","µV","18.699","°C","985.000","hPa","35.0","pmil","0","51.462","deg","22.621","°C","100.000","%a.s.","22.257","deg","22.682","°C","985.000","hPa","0.861","-0.02056","0.00035","-0.00011","0","14.7","Humid","28.35","0","65.20","249922.69","SABD0002000014","AAV2.0.0.13","4.0.0.2353","PSt7-10","000000-000","8/7/2024 3:37:09 PM","0000-00","0","no battery","V","215852","µV","96196","µV"
"08/11/2024","11:27:48","2","default","203499907","Sensor2","11.974","min","245.924","μmol/L","Humid","22.077","deg","91978","µV","18.699","°C","985.000","hPa","35.0","pmil","0","51.462","deg","22.621","°C","100.000","%a.s.","22.257","deg","22.682","°C","985.000","hPa","0.861","-0.02056","0.00035","-0.00011","0","14.7","Humid","28.35","0","65.20","249911.68","SABD0002000014","AAV2.0.0.13","4.0.0.2353","PSt7-10","000000-000","8/7/2024 3:37:09 PM","0000-00","0","no battery","V","215852","µV","96196","µV"
"08/11/2024","11:27:49","2","default","203499907","Sensor2","11.991","min","245.879","μmol/L","Humid","22.079","deg","91984","µV","18.699","°C","985.000","hPa","35.0","pmil","0","51.462","deg","22.621","°C","100.000","%a.s.","22.257","deg","22.682","°C","985.000","hPa","0.861","-0.02056","0.00035","-0.00011","0","14.7","Humid","28.35","0","65.20","249911.59","SABD0002000014","AAV2.0.0.13","4.0.0.2353","PSt7-10","000000-000","8/7/2024 3:37:09 PM","0000-00","0","no battery","V","215852","µV","96196","µV"
"08/11/2024","11:27:50","2","default","203499907","Sensor2","12.008","min","245.879","μmol/L","Humid","22.079","deg","91986","µV","18.699","°C","985.000","hPa","35.0","pmil","0","51.462","deg","22.621","°C","100.000","%a.s.","22.257","deg","22.682","°C","985.000","hPa","0.861","-0.02056","0.00035","-0.00011","0","14.7","Humid","28.35","0","65.20","249905.17","SABD0002000014","AAV2.0.0.13","4.0.0.2353","PSt7-10","000000-000","8/7/2024 3:37:09 PM","0000-00","0","no battery","V","215852","µV","96196","µV"
"08/11/2024","11:27:51","2","default","203499907","Sensor2","12.025","min","245.812","μmol/L","Humid","22.082","deg","91994","µV","18.699","°C","985.000","hPa","35.0","pmil","0","51.462","deg","22.621","°C","100.000","%a.s.","22.257","deg","22.682","°C","985.000","hPa","0.861","-0.02056","0.00035","-0.00011","0","14.7","Humid","28.35","0","65.20","249928.08","SABD0002000014","AAV2.0.0.13","4.0.0.2353","PSt7-10","000000-000","8/7/2024 3:37:09 PM","0000-00","0","no battery","V","215852","µV","96196","µV"
"08/11/2024","11:27:52","2","default","203499907","Sensor2","12.042","min","245.794","μmol/L","Humid","22.085","deg","92000","µV","18.693","°C","985.000","hPa","35.0","pmil","0","51.462","deg","22.621","°C","100.000","%a.s.","22.257","deg","22.682","°C","985.000","hPa","0.861","-0.02056","0.00035","-0.00011","0","14.7","Humid","28.35","0","65.20","249919.34","SABD0002000014","AAV2.0.0.13","4.0.0.2353","PSt7-10","000000-000","8/7/2024 3:37:09 PM","0000-00","0","no battery","V","215852","µV","96196","µV"
"08/11/2024","11:27:53","2","default","203499907","Sensor2","12.058","min","245.883","μmol/L","Humid","22.081","deg","91996","µV","18.693","°C","985.000","hPa","35.0","pmil","0","51.462","deg","22.621","°C","100.000","%a.s.","22.257","deg","22.682","°C","985.000","hPa","0.861","-0.02056","0.00035","-0.00011","0","14.7","Humid","28.35","0","65.20","249900.88","SABD0002000014","AAV2.0.0.13","4.0.0.2353","PSt7-10","000000-000","8/7/2024 3:37:09 PM","0000-00","0","no battery","V","215852","µV","96196","µV"
"08/11/2024","11:27:54","2","default","203499907","Sensor2","12.075","min","245.768","μmol/L","Humid","22.084","deg","92009","µV","18.699","°C","985.000","hPa","35.0","pmil","0","51.462","deg","22.621","°C","100.000","%a.s.","22.257","deg","22.682","°C","985.000","hPa","0.861","-0.02056","0.00035","-0.00011","0","14.7","Humid","28.35","0","65.20","249913.46","SABD0002000014","AAV2.0.0.13","4.0.0.2353","PSt7-10","000000-000","8/7/2024 3:37:09 PM","0000-00","0","no battery","V","215852","µV","96196","µV"
"08/11/2024","11:27:55","2","default","203499907","Sensor2","12.091","min","245.771","μmol/L","Humid","22.086","deg","92018","µV","18.693","°C","985.000","hPa","35.0","pmil","0","51.462","deg","22.621","°C","100.000","%a.s.","22.257","deg","22.682","°C","985.000","hPa","0.861","-0.02056","0.00035","-0.00011","0","14.7","Humid","28.35","0","65.20","249921.82","SABD0002000014","AAV2.0.0.13","4.0.0.2353","PSt7-10","000000-000","8/7/2024 3:37:09 PM","0000-00","0","no battery","V","215852","µV","96196","µV"
"08/11/2024","11:27:56","2","default","203499907","Sensor2","12.108","min","245.727","μmol/L","Humid","22.088","deg","92027","µV","18.693","°C","985.000","hPa","35.0","pmil","0","51.462","deg","22.621","°C","100.000","%a.s.","22.257","deg","22.682","°C","985.000","hPa","0.861","-0.02056","0.00035","-0.00011","0","14.7","Humid","28.35","0","65.20","249917.47","SABD0002000014","AAV2.0.0.13","4.0.0.2353","PSt7-10","000000-000","8/7/2024 3:37:09 PM","0000-00","0","no battery","V","215852","µV","96196","µV"
"08/11/2024","11:27:57","2","default","203499907","Sensor2","12.124","min","245.593","μmol/L","Humid","22.094","deg","92021","µV","18.693","°C","985.000","hPa","35.0","pmil","0","51.462","deg","22.621","°C","100.000","%a.s.","22.257","deg","22.682","°C","985.000","hPa","0.861","-0.02056","0.00035","-0.00011","0","14.7","Humid","28.35","0","65.20","249913.68","SABD0002000014","AAV2.0.0.13","4.0.0.2353","PSt7-10","000000-000","8/7/2024 3:37:09 PM","0000-00","0","no battery","V","215852","µV","96196","µV"
"08/11/2024","11:27:58","2","default","203499907","Sensor2","12.141","min","245.638","μmol/L","Humid","22.092","deg","92030","µV","18.693","°C","985.000","hPa","35.0","pmil","0","51.462","deg","22.621","°C","100.000","%a.s.","22.257","deg","22.682","°C","985.000","hPa","0.861","-0.02056","0.00035","-0.00011","0","14.7","Humid","28.35","0","65.20","249906.34","SABD0002000014","AAV2.0.0.13","4.0.0.2353","PSt7-10","000000-000","8/7/2024 3:37:09 PM","0000-00","0","no battery","V","215852","µV","96196","µV"
"08/11/2024","11:27:59","2","default","203499907","Sensor2","12.158","min","245.615","μmol/L","Humid","22.093","deg","92034","µV","18.693","°C","985.000","hPa","35.0","pmil","0","51.462","deg","22.621","°C","100.000","%a.s.","22.257","deg","22.682","°C","985.000","hPa","0.861","-0.02056","0.00035","-0.00011","0","14.7","Humid","28.35","0","65.20","249915.67","SABD0002000014","AAV2.0.0.13","4.0.0.2353","PSt7-10","000000-000","8/7/2024 3:37:09 PM","0000-00","0","no battery","V","215852","µV","96196","µV"
"08/11/2024","11:28:00","2","default","203499907","Sensor2","12.175","min","245.541","μmol/L","Humid","22.092","deg","92042","µV","18.705","°C","985.000","hPa","35.0","pmil","0","51.462","deg","22.621","°C","100.000","%a.s.","22.257","deg","22.682","°C","985.000","hPa","0.861","-0.02056","0.00035","-0.00011","0","14.7","Humid","28.35","0","65.20","249904.99","SABD0002000014","AAV2.0.0.13","4.0.0.2353","PSt7-10","000000-000","8/7/2024 3:37:09 PM","0000-00","0","no battery","V","215852","µV","96196","µV"
"08/11/2024","11:28:01","2","default","203499907","Sensor2","12.192","min","245.615","μmol/L","Humid","22.093","deg","92038","µV","18.693","°C","985.000","hPa","35.0","pmil","0","51.462","deg","22.621","°C","100.000","%a.s.","22.257","deg","22.682","°C","985.000","hPa","0.861","-0.02056","0.00035","-0.00011","0","14.7","Humid","28.35","0","65.20","249912.69","SABD0002000014","AAV2.0.0.13","4.0.0.2353","PSt7-10","000000-000","8/7/2024 3:37:09 PM","0000-00","0","no battery","V","215852","µV","96196","µV"
"08/11/2024","11:28:02","2","default","203499907","Sensor2","12.208","min","245.545","μmol/L","Humid","22.094","deg","92043","µV","18.699","°C","985.000","hPa","35.0","pmil","0","51.462","deg","22.621","°C","100.000","%a.s.","22.257","deg","22.682","°C","985.000","hPa","0.861","-0.02056","0.00035","-0.00011","0","14.7","Humid","28.35","0","65.20","249906.84","SABD0002000014","AAV2.0.0.13","4.0.0.2353","PSt7-10","000000-000","8/7/2024 3:37:09 PM","0000-00","0","no battery","V","215852","µV","96196","µV"
"08/11/2024","11:28:03","2","default","203499907","Sensor2","12.225","min","245.526","μmol/L","Humid","22.097","deg","92054","µV","18.693","°C","985.000","hPa","35.0","pmil","0","51.462","deg","22.621","°C","100.000","%a.s.","22.257","deg","22.682","°C","985.000","hPa","0.861","-0.02056","0.00035","-0.00011","0","14.7","Humid","28.35","0","65.20","249915.21","SABD0002000014","AAV2.0.0.13","4.0.0.2353","PSt7-10","000000-000","8/7/2024 3:37:09 PM","0000-00","0","no battery","V","215852","µV","96196","µV"
"08/11/2024","11:28:04","2","default","203499907","Sensor2","12.242","min","245.548","μmol/L","Humid","22.096","deg","92061","µV","18.693","°C","985.000","hPa","35.0","pmil","0","51.462","deg","22.621","°C","100.000","%a.s.","22.257","deg","22.682","°C","985.000","hPa","0.861","-0.02056","0.00035","-0.00011","0","14.7","Humid","28.35","0","65.20","249916.38","SABD0002000014","AAV2.0.0.13","4.0.0.2353","PSt7-10","000000-000","8/7/2024 3:37:09 PM","0000-00","0","no battery","V","215852","µV","96196","µV"
"08/11/2024","11:28:05","2","default","203499907","Sensor2","12.258","min","245.522","μmol/L","Humid","22.095","deg","92059","µV","18.699","°C","985.000","hPa","35.0","pmil","0","51.462","deg","22.621","°C","100.000","%a.s.","22.257","deg","22.682","°C","985.000","hPa","0.861","-0.02056","0.00035","-0.00011","0","14.7","Humid","28.35","0","65.20","249896.28","SABD0002000014","AAV2.0.0.13","4.0.0.2353","PSt7-10","000000-000","8/7/2024 3:37:09 PM","0000-00","0","no battery","V","215852","µV","96196","µV"
"08/11/2024","11:28:06","2","default","203499907","Sensor2","12.275","min","245.504","μmol/L","Humid","22.098","deg","92066","µV","18.693","°C","985.000","hPa","35.0","pmil","0","51.462","deg","22.621","°C","100.000","%a.s.","22.257","deg","22.682","°C","985.000","hPa","0.861","-0.02056","0.00035","-0.00011","0","14.7","Humid","28.35","0","65.20","249912.85","SABD0002000014","AAV2.0.0.13","4.0.0.2353","PSt7-10","000000-000","8/7/2024 3:37:09 PM","0000-00","0","no battery","V","215852","µV","96196","µV"
"08/11/2024","11:28:07","2","default","203499907","Sensor2","12.292","min","245.441","μmol/L","Humid","22.103","deg","92078","µV","18.687","°C","985.000","hPa","35.0","pmil","0","51.462","deg","22.621","°C","100.000","%a.s.","22.257","deg","22.682","°C","985.000","hPa","0.861","-0.02056","0.00035","-0.00011","0","14.7","Humid","28.35","0","65.20","249916.37","SABD0002000014","AAV2.0.0.13","4.0.0.2353","PSt7-10","000000-000","8/7/2024 3:37:09 PM","0000-00","0","no battery","V","215852","µV","96196","µV"
"08/11/2024","11:28:08","2","default","203499907","Sensor2","12.308","min","245.548","μmol/L","Humid","22.096","deg","92072","µV","18.693","°C","985.000","hPa","35.0","pmil","0","51.462","deg","22.621","°C","100.000","%a.s.","22.257","deg","22.682","°C","985.000","hPa","0.861","-0.02056","0.00035","-0.00011","0","14.7","Humid","28.35","0","65.20","249908.40","SABD0002000014","AAV2.0.0.13","4.0.0.2353","PSt7-10","000000-000","8/7/2024 3:37:09 PM","0000-00","0","no battery","V","215852","µV","96196","µV"
"08/11/2024","11:28:09","2","default","203499907","Sensor2","12.324","min","245.389","μmol/L","Humid","22.101","deg","92073","µV","18.699","°C","985.000","hPa","35.0","pmil","0","51.462","deg","22.621","°C","100.000","%a.s.","22.257","deg","22.682","°C","985.000","hPa","0.861","-0.02056","0.00035","-0.00011","0","14.7","Humid","28.35","0","65.20","249905.46","SABD0002000014","AAV2.0.0.13","4.0.0.2353","PSt7-10","000000-000","8/7/2024 3:37:09 PM","0000-00","0","no battery","V","215852","µV","96196","µV"
"08/11/2024","11:28:10","2","default","203499907","Sensor2","12.341","min","245.456","μmol/L","Humid","22.098","deg","92083","µV","18.699","°C","985.000","hPa","35.0","pmil","0","51.462","deg","22.621","°C","100.000","%a.s.","22.257","deg","22.682","°C","985.000","hPa","0.861","-0.02056","0.00035","-0.00011","0","14.7","Humid","28.35","0","65.20","249897.24","SABD0002000014","AAV2.0.0.13","4.0.0.2353","PSt7-10","000000-000","8/7/2024 3:37:09 PM","0000-00","0","no battery","V","215852","µV","96196","µV"
"08/11/2024","11:28:11","2","default","203499907","Sensor2","12.358","min","245.415","μmol/L","Humid","22.102","deg","92085","µV","18.693","°C","985.000","hPa","35.0","pmil","0","51.462","deg","22.621","°C","100.000","%a.s.","22.257","deg","22.682","°C","985.000","hPa","0.861","-0.02056","0.00035","-0.00011","0","14.7","Humid","28.35","0","65.20","249895.80","SABD0002000014","AAV2.0.0.13","4.0.0.2353","PSt7-10","000000-000","8/7/2024 3:37:09 PM","0000-00","0","no battery","V","215852","µV","96196","µV"
"08/11/2024","11:28:12","2","default","203499907","Sensor2","12.374","min","245.374","μmol/L","Humid","22.106","deg","92090","µV","18.687","°C","985.000","hPa","35.0","pmil","0","51.462","deg","22.621","°C","100.000","%a.s.","22.257","deg","22.682","°C","985.000","hPa","0.861","-0.02056","0.00035","-0.00011","0","14.7","Humid","28.35","0","65.20","249895.14","SABD0002000014","AAV2.0.0.13","4.0.0.2353","PSt7-10","000000-000","8/7/2024 3:37:09 PM","0000-00","0","no battery","V","215852","µV","96196","µV"
"08/11/2024","11:28:13","2","default","203499907","Sensor2","12.391","min","245.348","μmol/L","Humid","22.105","deg","92098","µV","18.693","°C","985.000","hPa","35.0","pmil","0","51.462","deg","22.621","°C","100.000","%a.s.","22.257","deg","22.682","°C","985.000","hPa","0.861","-0.02056","0.00035","-0.00011","0","14.7","Humid","28.35","0","65.20","249899.93","SABD0002000014","AAV2.0.0.13","4.0.0.2353","PSt7-10","000000-000","8/7/2024 3:37:09 PM","0000-00","0","no battery","V","215852","µV","96196","µV"
"08/11/2024","11:28:14","2","default","203499907","Sensor2","12.408","min","245.255","μmol/L","Humid","22.107","deg","92100","µV","18.699","°C","985.000","hPa","35.0","pmil","0","51.462","deg","22.621","°C","100.000","%a.s.","22.257","deg","22.682","°C","985.000","hPa","0.861","-0.02056","0.00035","-0.00011","0","14.7","Humid","28.35","0","65.20","249901.68","SABD0002000014","AAV2.0.0.13","4.0.0.2353","PSt7-10","000000-000","8/7/2024 3:37:09 PM","0000-00","0","no battery","V","215852","µV","96196","µV"
"08/11/2024","11:28:15","2","default","203499907","Sensor2","12.425","min","245.118","μmol/L","Humid","22.111","deg","92104","µV","18.705","°C","985.000","hPa","35.0","pmil","0","51.462","deg","22.621","°C","100.000","%a.s.","22.257","deg","22.682","°C","985.000","hPa","0.861","-0.02056","0.00035","-0.00011","0","14.7","Humid","28.35","0","65.20","249900.69","SABD0002000014","AAV2.0.0.13","4.0.0.2353","PSt7-10","000000-000","8/7/2024 3:37:09 PM","0000-00","0","no battery","V","215852","µV","96196","µV"
"08/11/2024","11:28:16","2","default","203499907","Sensor2","12.441","min","245.192","μmol/L","Humid","22.112","deg","92111","µV","18.693","°C","985.000","hPa","35.0","pmil","0","51.462","deg","22.621","°C","100.000","%a.s.","22.257","deg","22.682","°C","985.000","hPa","0.861","-0.02056","0.00035","-0.00011","0","14.7","Humid","28.35","0","65.20","249907.57","SABD0002000014","AAV2.0.0.13","4.0.0.2353","PSt7-10","000000-000","8/7/2024 3:37:09 PM","0000-00","0","no battery","V","215852","µV","96196","µV"
"08/11/2024","11:28:17","2","default","203499907","Sensor2","12.458","min","245.051","μmol/L","Humid","22.114","deg","92110","µV","18.705","°C","985.000","hPa","35.0","pmil","0","51.462","deg","22.621","°C","100.000","%a.s.","22.257","deg","22.682","°C","985.000","hPa","0.861","-0.02056","0.00035","-0.00011","0","14.7","Humid","28.35","0","65.20","249898.81","SABD0002000014","AAV2.0.0.13","4.0.0.2353","PSt7-10","000000-000","8/7/2024 3:37:09 PM","0000-00","0","no battery","V","215852","µV","96196","µV"
"08/11/2024","11:28:18","2","default","203499907","Sensor2","12.475","min","245.166","μmol/L","Humid","22.111","deg","92112","µV","18.699","°C","985.000","hPa","35.0","pmil","0","51.462","deg","22.621","°C","100.000","%a.s.","22.257","deg","22.682","°C","985.000","hPa","0.861","-0.02056","0.00035","-0.00011","0","14.7","Humid","28.35","0","65.20","249887.23","SABD0002000014","AAV2.0.0.13","4.0.0.2353","PSt7-10","000000-000","8/7/2024 3:37:09 PM","0000-00","0","no battery","V","215852","µV","96196","µV"
"08/11/2024","11:28:19","2","default","203499907","Sensor2","12.492","min","245.192","μmol/L","Humid","22.112","deg","92121","µV","18.693","°C","985.000","hPa","35.0","pmil","0","51.462","deg","22.621","°C","100.000","%a.s.","22.257","deg","22.682","°C","985.000","hPa","0.861","-0.02056","0.00035","-0.00011","0","14.7","Humid","28.35","0","65.20","249907.62","SABD0002000014","AAV2.0.0.13","4.0.0.2353","PSt7-10","000000-000","8/7/2024 3:37:09 PM","0000-00","0","no battery","V","215852","µV","96196","µV"
"08/11/2024","11:28:20","2","default","203499907","Sensor2","12.508","min","245.099","μmol/L","Humid","22.114","deg","92128","µV","18.699","°C","985.000","hPa","35.0","pmil","0","51.462","deg","22.621","°C","100.000","%a.s.","22.257","deg","22.682","°C","985.000","hPa","0.861","-0.02056","0.00035","-0.00011","0","14.7","Humid","28.35","0","65.20","249890.74","SABD0002000014","AAV2.0.0.13","4.0.0.2353","PSt7-10","000000-000","8/7/2024 3:37:09 PM","0000-00","0","no battery","V","215852","µV","96196","µV"
"08/11/2024","11:28:21","2","default","203499907","Sensor2","12.525","min","244.940","μmol/L","Humid","22.119","deg","92123","µV","18.705","°C","985.000","hPa","35.0","pmil","0","51.462","deg","22.621","°C","100.000","%a.s.","22.257","deg","22.682","°C","985.000","hPa","0.861","-0.02056","0.00035","-0.00011","0","14.7","Humid","28.35","0","65.20","249902.24","SABD0002000014","AAV2.0.0.13","4.0.0.2353","PSt7-10","000000-000","8/7/2024 3:37:09 PM","0000-00","0","no battery","V","215852","µV","96196","µV"
"08/11/2024","11:28:22","2","default","203499907","Sensor2","12.542","min","245.099","μmol/L","Humid","22.114","deg","92137","µV","18.699","°C","985.000","hPa","35.0","pmil","0","51.462","deg","22.621","°C","100.000","%a.s.","22.257","deg","22.682","°C","985.000","hPa","0.861","-0.02056","0.00035","-0.00011","0","14.7","Humid","28.35","0","65.20","249898.98","SABD0002000014","AAV2.0.0.13","4.0.0.2353","PSt7-10","000000-000","8/7/2024 3:37:09 PM","0000-00","0","no battery","V","215852","µV","96196","µV"
"08/11/2024","11:28:23","2","default","203499907","Sensor2","12.558","min","245.081","μmol/L","Humid","22.117","deg","92143","µV","18.693","°C","985.000","hPa","35.0","pmil","0","51.462","deg","22.621","°C","100.000","%a.s.","22.257","deg","22.682","°C","985.000","hPa","0.861","-0.02056","0.00035","-0.00011","0","14.7","Humid","28.35","0","65.20","249905.28","SABD0002000014","AAV2.0.0.13","4.0.0.2353","PSt7-10","000000-000","8/7/2024 3:37:09 PM","0000-00","0","no battery","V","215852","µV","96196","µV"
"08/11/2024","11:28:24","2","default","203499907","Sensor2","12.574","min","245.103","μmol/L","Humid","22.116","deg","92139","µV","18.693","°C","985.000","hPa","35.0","pmil","0","51.462","deg","22.621","°C","100.000","%a.s.","22.257","deg","22.682","°C","985.000","hPa","0.861","-0.02056","0.00035","-0.00011","0","14.7","Humid","28.35","0","65.20","249889.39","SABD0002000014","AAV2.0.0.13","4.0.0.2353","PSt7-10","000000-000","8/7/2024 3:37:09 PM","0000-00","0","no battery","V","215852","µV","96196","µV"
"08/11/2024","11:28:25","2","default","203499907","Sensor2","12.591","min","245.036","μmol/L","Humid","22.119","deg","92138","µV","18.693","°C","985.000","hPa","35.0","pmil","0","51.462","deg","22.621","°C","100.000","%a.s.","22.257","deg","22.682","°C","985.000","hPa","0.861","-0.02056","0.00035","-0.00011","0","14.7","Humid","28.35","0","65.20","249891.15","SABD0002000014","AAV2.0.0.13","4.0.0.2353","PSt7-10","000000-000","8/7/2024 3:37:09 PM","0000-00","0","no battery","V","215852","µV","96196","µV"
"08/11/2024","11:28:26","2","default","203499907","Sensor2","12.608","min","244.899","μmol/L","Humid","22.123","deg","92147","µV","18.699","°C","985.000","hPa","35.0","pmil","0","51.462","deg","22.621","°C","100.000","%a.s.","22.257","deg","22.682","°C","985.000","hPa","0.861","-0.02056","0.00035","-0.00011","0","14.7","Humid","28.35","0","65.20","249892.69","SABD0002000014","AAV2.0.0.13","4.0.0.2353","PSt7-10","000000-000","8/7/2024 3:37:09 PM","0000-00","0","no battery","V","215852","µV","96196","µV"
"08/11/2024","11:28:27","2","default","203499907","Sensor2","12.625","min","244.948","μmol/L","Humid","22.123","deg","92147","µV","18.693","°C","985.000","hPa","35.0","pmil","0","51.462","deg","22.621","°C","100.000","%a.s.","22.257","deg","22.682","°C","985.000","hPa","0.861","-0.02056","0.00035","-0.00011","0","14.7","Humid","28.35","0","65.20","249886.76","SABD0002000014","AAV2.0.0.13","4.0.0.2353","PSt7-10","000000-000","8/7/2024 3:37:09 PM","0000-00","0","no battery","V","215852","µV","96196","µV"
"08/11/2024","11:28:28","2","default","203499907","Sensor2","12.641","min","244.829","μmol/L","Humid","22.124","deg","92149","µV","18.705","°C","985.000","hPa","35.0","pmil","0","51.462","deg","22.621","°C","100.000","%a.s.","22.257","deg","22.682","°C","985.000","hPa","0.861","-0.02056","0.00035","-0.00011","0","14.7","Humid","28.35","0","65.20","249895.53","SABD0002000014","AAV2.0.0.13","4.0.0.2353","PSt7-10","000000-000","8/7/2024 3:37:09 PM","0000-00","0","no battery","V","215852","µV","96196","µV"
"08/11/2024","11:28:29","2","default","203499907","Sensor2","12.658","min","244.992","μmol/L","Humid","22.121","deg","92151","µV","18.693","°C","985.000","hPa","35.0","pmil","0","51.462","deg","22.621","°C","100.000","%a.s.","22.257","deg","22.682","°C","985.000","hPa","0.861","-0.02056","0.00035","-0.00011","0","14.7","Humid","28.35","0","65.20","249892.93","SABD0002000014","AAV2.0.0.13","4.0.0.2353","PSt7-10","000000-000","8/7/2024 3:37:09 PM","0000-00","0","no battery","V","215852","µV","96196","µV"
"08/11/2024","11:28:30","2","default","203499907","Sensor2","12.675","min","244.903","μmol/L","Humid","22.125","deg","92155","µV","18.693","°C","985.000","hPa","35.0","pmil","0","51.462","deg","22.621","°C","100.000","%a.s.","22.257","deg","22.682","°C","985.000","hPa","0.861","-0.02056","0.00035","-0.00011","0","14.7","Humid","28.35","0","65.20","249884.78","SABD0002000014","AAV2.0.0.13","4.0.0.2353","PSt7-10","000000-000","8/7/2024 3:37:09 PM","0000-00","0","no battery","V","215852","µV","96196","µV"
"08/11/2024","11:28:31","2","default","203499907","Sensor2","12.692","min","244.903","μmol/L","Humid","22.125","deg","92156","µV","18.693","°C","985.000","hPa","35.0","pmil","0","51.462","deg","22.621","°C","100.000","%a.s.","22.257","deg","22.682","°C","985.000","hPa","0.861","-0.02056","0.00035","-0.00011","0","14.7","Humid","28.35","0","65.20","249892.07","SABD0002000014","AAV2.0.0.13","4.0.0.2353","PSt7-10","000000-000","8/7/2024 3:37:09 PM","0000-00","0","no battery","V","215852","µV","96196","µV"
"08/11/2024","11:28:32","2","default","203499907","Sensor2","12.708","min","244.833","μmol/L","Humid","22.126","deg","92160","µV","18.699","°C","985.000","hPa","35.0","pmil","0","51.462","deg","22.621","°C","100.000","%a.s.","22.257","deg","22.682","°C","985.000","hPa","0.861","-0.02056","0.00035","-0.00011","0","14.7","Humid","28.35","0","65.20","249884.80","SABD0002000014","AAV2.0.0.13","4.0.0.2353","PSt7-10","000000-000","8/7/2024 3:37:09 PM","0000-00","0","no battery","V","215852","µV","96196","µV"
"08/11/2024","11:28:33","2","default","203499907","Sensor2","12.724","min","244.970","μmol/L","Humid","22.122","deg","92168","µV","18.693","°C","985.000","hPa","35.0","pmil","0","51.462","deg","22.621","°C","100.000","%a.s.","22.257","deg","22.682","°C","985.000","hPa","0.861","-0.02056","0.00035","-0.00011","0","14.7","Humid","28.35","0","65.20","249888.48","SABD0002000014","AAV2.0.0.13","4.0.0.2353","PSt7-10","000000-000","8/7/2024 3:37:09 PM","0000-00","0","no battery","V","215852","µV","96196","µV"
"08/11/2024","11:28:34","2","default","203499907","Sensor2","12.741","min","244.859","μmol/L","Humid","22.127","deg","92173","µV","18.693","°C","985.000","hPa","35.0","pmil","0","51.462","deg","22.621","°C","100.000","%a.s.","22.257","deg","22.682","°C","985.000","hPa","0.861","-0.02056","0.00035","-0.00011","0","14.7","Humid","28.35","0","65.20","249885.65","SABD0002000014","AAV2.0.0.13","4.0.0.2353","PSt7-10","000000-000","8/7/2024 3:37:09 PM","0000-00","0","no battery","V","215852","µV","96196","µV"
"08/11/2024","11:28:35","2","default","203499907","Sensor2","12.758","min","244.903","μmol/L","Humid","22.125","deg","92174","µV","18.693","°C","985.000","hPa","35.0","pmil","0","51.462","deg","22.621","°C","100.000","%a.s.","22.257","deg","22.682","°C","985.000","hPa","0.861","-0.02056","0.00035","-0.00011","0","14.7","Humid","28.35","0","65.20","249891.25","SABD0002000014","AAV2.0.0.13","4.0.0.2353","PSt7-10","000000-000","8/7/2024 3:37:09 PM","0000-00","0","no battery","V","215852","µV","96196","µV"
"08/11/2024","11:28:36","2","default","203499907","Sensor2","12.775","min","244.744","μmol/L","Humid","22.130","deg","92177","µV","18.699","°C","985.000","hPa","35.0","pmil","0","51.462","deg","22.621","°C","100.000","%a.s.","22.257","deg","22.682","°C","985.000","hPa","0.861","-0.02056","0.00035","-0.00011","0","14.7","Humid","28.35","0","65.20","249903.15","SABD0002000014","AAV2.0.0.13","4.0.0.2353","PSt7-10","000000-000","8/7/2024 3:37:09 PM","0000-00","0","no battery","V","215852","µV","96196","µV"
"08/11/2024","11:28:37","2","default","203499907","Sensor2","12.791","min","244.788","μmol/L","Humid","22.128","deg","92182","µV","18.699","°C","985.000","hPa","35.0","pmil","0","51.462","deg","22.621","°C","100.000","%a.s.","22.257","deg","22.682","°C","985.000","hPa","0.861","-0.02056","0.00035","-0.00011","0","14.7","Humid","28.35","0","65.20","249889.47","SABD0002000014","AAV2.0.0.13","4.0.0.2353","PSt7-10","000000-000","8/7/2024 3:37:09 PM","0000-00","0","no battery","V","215852","µV","96196","µV"
"08/11/2024","11:28:38","2","default","203499907","Sensor2","12.808","min","244.744","μmol/L","Humid","22.130","deg","92184","µV","18.699","°C","985.000","hPa","35.0","pmil","0","51.462","deg","22.621","°C","100.000","%a.s.","22.257","deg","22.682","°C","985.000","hPa","0.861","-0.02056","0.00035","-0.00011","0","14.7","Humid","28.35","0","65.20","249889.22","SABD0002000014","AAV2.0.0.13","4.0.0.2353","PSt7-10","000000-000","8/7/2024 3:37:09 PM","0000-00","0","no battery","V","215852","µV","96196","µV"
"08/11/2024","11:28:39","2","default","203499907","Sensor2","12.825","min","244.770","μmol/L","Humid","22.131","deg","92184","µV","18.693","°C","985.000","hPa","35.0","pmil","0","51.462","deg","22.621","°C","100.000","%a.s.","22.257","deg","22.682","°C","985.000","hPa","0.861","-0.02056","0.00035","-0.00011","0","14.7","Humid","28.35","0","65.20","249876.32","SABD0002000014","AAV2.0.0.13","4.0.0.2353","PSt7-10","000000-000","8/7/2024 3:37:09 PM","0000-00","0","no battery","V","215852","µV","96196","µV"
"08/11/2024","11:28:40","2","default","203499907","Sensor2","12.841","min","244.677","μmol/L","Humid","22.133","deg","92194","µV","18.699","°C","985.000","hPa","35.0","pmil","0","51.462","deg","22.621","°C","100.000","%a.s.","22.257","deg","22.682","°C","985.000","hPa","0.861","-0.02056","0.00035","-0.00011","0","14.7","Humid","28.35","0","65.20","249892.51","SABD0002000014","AAV2.0.0.13","4.0.0.2353","PSt7-10","000000-000","8/7/2024 3:37:09 PM","0000-00","0","no battery","V","215852","µV","96196","µV"
"08/11/2024","11:28:41","2","default","203499907","Sensor2","12.858","min","244.722","μmol/L","Humid","22.131","deg","92191","µV","18.699","°C","985.000","hPa","35.0","pmil","0","51.462","deg","22.621","°C","100.000","%a.s.","22.257","deg","22.682","°C","985.000","hPa","0.861","-0.02056","0.00035","-0.00011","0","14.7","Humid","28.35","0","65.20","249882.17","SABD0002000014","AAV2.0.0.13","4.0.0.2353","PSt7-10","000000-000","8/7/2024 3:37:09 PM","0000-00","0","no battery","V","215852","µV","96196","µV"
"08/11/2024","11:28:42","2","default","203499907","Sensor2","12.875","min","244.677","μmol/L","Humid","22.133","deg","92207","µV","18.699","°C","985.000","hPa","35.0","pmil","0","51.462","deg","22.621","°C","100.000","%a.s.","22.257","deg","22.682","°C","985.000","hPa","0.861","-0.02056","0.00035","-0.00011","0","14.7","Humid","28.35","0","65.20","249880.17","SABD0002000014","AAV2.0.0.13","4.0.0.2353","PSt7-10","000000-000","8/7/2024 3:37:09 PM","0000-00","0","no battery","V","215852","µV","96196","µV"
"08/11/2024","11:28:43","2","default","203499907","Sensor2","12.892","min","244.703","μmol/L","Humid","22.134","deg","92200","µV","18.693","°C","985.000","hPa","35.0","pmil","0","51.462","deg","22.621","°C","100.000","%a.s.","22.257","deg","22.682","°C","985.000","hPa","0.861","-0.02056","0.00035","-0.00011","0","14.7","Humid","28.35","0","65.20","249892.00","SABD0002000014","AAV2.0.0.13","4.0.0.2353","PSt7-10","000000-000","8/7/2024 3:37:09 PM","0000-00","0","no battery","V","215852","µV","96196","µV"
"08/11/2024","11:28:44","2","default","203499907","Sensor2","12.908","min","244.681","μmol/L","Humid","22.135","deg","92204","µV","18.693","°C","985.000","hPa","35.0","pmil","0","51.462","deg","22.621","°C","100.000","%a.s.","22.257","deg","22.682","°C","985.000","hPa","0.861","-0.02056","0.00035","-0.00011","0","14.7","Humid","28.35","0","65.20","249893.97","SABD0002000014","AAV2.0.0.13","4.0.0.2353","PSt7-10","000000-000","8/7/2024 3:37:09 PM","0000-00","0","no battery","V","215852","µV","96196","µV"
"08/11/2024","11:28:45","2","default","203499907","Sensor2","12.924","min","244.748","μmol/L","Humid","22.132","deg","92209","µV","18.693","°C","985.000","hPa","35.0","pmil","0","51.462","deg","22.621","°C","100.000","%a.s.","22.257","deg","22.682","°C","985.000","hPa","0.861","-0.02056","0.00035","-0.00011","0","14.7","Humid","28.35","0","65.20","249903.52","SABD0002000014","AAV2.0.0.13","4.0.0.2353","PSt7-10","000000-000","8/7/2024 3:37:09 PM","0000-00","0","no battery","V","215852","µV","96196","µV"
"08/11/2024","11:28:46","2","default","203499907","Sensor2","12.941","min","244.633","μmol/L","Humid","22.135","deg","92211","µV","18.699","°C","985.000","hPa","35.0","pmil","0","51.462","deg","22.621","°C","100.000","%a.s.","22.257","deg","22.682","°C","985.000","hPa","0.861","-0.02056","0.00035","-0.00011","0","14.7","Humid","28.35","0","65.20","249892.08","SABD0002000014","AAV2.0.0.13","4.0.0.2353","PSt7-10","000000-000","8/7/2024 3:37:09 PM","0000-00","0","no battery","V","215852","µV","96196","µV"
"08/11/2024","11:28:47","2","default","203499907","Sensor2","12.958","min","244.681","μmol/L","Humid","22.135","deg","92208","µV","18.693","°C","985.000","hPa","35.0","pmil","0","51.462","deg","22.621","°C","100.000","%a.s.","22.257","deg","22.682","°C","985.000","hPa","0.861","-0.02056","0.00035","-0.00011","0","14.7","Humid","28.35","0","65.20","249892.34","SABD0002000014","AAV2.0.0.13","4.0.0.2353","PSt7-10","000000-000","8/7/2024 3:37:09 PM","0000-00","0","no battery","V","215852","µV","96196","µV"
"08/11/2024","11:28:48","2","default","203499907","Sensor2","12.974","min","244.592","μmol/L","Humid","22.139","deg","92213","µV","18.693","°C","985.000","hPa","35.0","pmil","0","51.462","deg","22.621","°C","100.000","%a.s.","22.257","deg","22.682","°C","985.000","hPa","0.861","-0.02056","0.00035","-0.00011","0","14.7","Humid","28.35","0","65.20","249880.27","SABD0002000014","AAV2.0.0.13","4.0.0.2353","PSt7-10","000000-000","8/7/2024 3:37:09 PM","0000-00","0","no battery","V","215852","µV","96196","µV"
"08/11/2024","11:28:49","2","default","203499907","Sensor2","12.991","min","244.570","μmol/L","Humid","22.140","deg","92215","µV","18.693","°C","985.000","hPa","35.0","pmil","0","51.462","deg","22.621","°C","100.000","%a.s.","22.257","deg","22.682","°C","985.000","hPa","0.861","-0.02056","0.00035","-0.00011","0","14.7","Humid","28.35","0","65.20","249879.51","SABD0002000014","AAV2.0.0.13","4.0.0.2353","PSt7-10","000000-000","8/7/2024 3:37:09 PM","0000-00","0","no battery","V","215852","µV","96196","µV"
"08/11/2024","11:28:50","2","default","203499907","Sensor2","13.008","min","244.437","μmol/L","Humid","22.146","deg","92219","µV","18.693","°C","985.000","hPa","35.0","pmil","0","51.462","deg","22.621","°C","100.000","%a.s.","22.257","deg","22.682","°C","985.000","hPa","0.861","-0.02056","0.00035","-0.00011","0","14.7","Humid","28.35","0","65.20","249882.50","SABD0002000014","AAV2.0.0.13","4.0.0.2353","PSt7-10","000000-000","8/7/2024 3:37:09 PM","0000-00","0","no battery","V","215852","µV","96196","µV"
"08/11/2024","11:28:51","2","default","203499907","Sensor2","13.025","min","244.570","μmol/L","Humid","22.140","deg","92214","µV","18.693","°C","985.000","hPa","35.0","pmil","0","51.462","deg","22.621","°C","100.000","%a.s.","22.257","deg","22.682","°C","985.000","hPa","0.861","-0.02056","0.00035","-0.00011","0","14.7","Humid","28.35","0","65.20","249877.48","SABD0002000014","AAV2.0.0.13","4.0.0.2353","PSt7-10","000000-000","8/7/2024 3:37:09 PM","0000-00","0","no battery","V","215852","µV","96196","µV"
"08/11/2024","11:28:52","2","default","203499907","Sensor2","13.042","min","244.415","μmol/L","Humid","22.147","deg","92225","µV","18.693","°C","985.000","hPa","35.0","pmil","0","51.462","deg","22.621","°C","100.000","%a.s.","22.257","deg","22.682","°C","985.000","hPa","0.861","-0.02056","0.00035","-0.00011","0","14.7","Humid","28.35","0","65.20","249876.07","SABD0002000014","AAV2.0.0.13","4.0.0.2353","PSt7-10","000000-000","8/7/2024 3:37:09 PM","0000-00","0","no battery","V","215852","µV","96196","µV"
"08/11/2024","11:28:53","2","default","203499907","Sensor2","13.058","min","244.500","μmol/L","Humid","22.141","deg","92226","µV","18.699","°C","985.000","hPa","35.0","pmil","0","51.462","deg","22.621","°C","100.000","%a.s.","22.257","deg","22.682","°C","985.000","hPa","0.861","-0.02056","0.00035","-0.00011","0","14.7","Humid","28.35","0","65.20","249870.08","SABD0002000014","AAV2.0.0.13","4.0.0.2353","PSt7-10","000000-000","8/7/2024 3:37:09 PM","0000-00","0","no battery","V","215852","µV","96196","µV"
"08/11/2024","11:28:54","2","default","203499907","Sensor2","13.075","min","244.482","μmol/L","Humid","22.144","deg","92232","µV","18.693","°C","985.000","hPa","35.0","pmil","0","51.462","deg","22.621","°C","100.000","%a.s.","22.257","deg","22.682","°C","985.000","hPa","0.861","-0.02056","0.00035","-0.00011","0","14.7","Humid","28.35","0","65.20","249869.02","SABD0002000014","AAV2.0.0.13","4.0.0.2353","PSt7-10","000000-000","8/7/2024 3:37:09 PM","0000-00","0","no battery","V","215852","µV","96196","µV"
"08/11/2024","11:28:55","2","default","203499907","Sensor2","13.092","min","244.456","μmol/L","Humid","22.143","deg","92235","µV","18.699","°C","985.000","hPa","35.0","pmil","0","51.462","deg","22.621","°C","100.000","%a.s.","22.257","deg","22.682","°C","985.000","hPa","0.861","-0.02056","0.00035","-0.00011","0","14.7","Humid","28.35","0","65.20","249881.24","SABD0002000014","AAV2.0.0.13","4.0.0.2353","PSt7-10","000000-000","8/7/2024 3:37:09 PM","0000-00","0","no battery","V","215852","µV","96196","µV"
"08/11/2024","11:28:56","2","default","203499907","Sensor2","13.108","min","244.323","μmol/L","Humid","22.149","deg","92235","µV","18.699","°C","985.000","hPa","35.0","pmil","0","51.462","deg","22.621","°C","100.000","%a.s.","22.257","deg","22.682","°C","985.000","hPa","0.861","-0.02056","0.00035","-0.00011","0","14.7","Humid","28.35","0","65.20","249875.73","SABD0002000014","AAV2.0.0.13","4.0.0.2353","PSt7-10","000000-000","8/7/2024 3:37:09 PM","0000-00","0","no battery","V","215852","µV","96196","µV"
"08/11/2024","11:28:57","2","default","203499907","Sensor2","13.124","min","244.433","μmol/L","Humid","22.144","deg","92236","µV","18.699","°C","985.000","hPa","35.0","pmil","0","51.462","deg","22.621","°C","100.000","%a.s.","22.257","deg","22.682","°C","985.000","hPa","0.861","-0.02056","0.00035","-0.00011","0","14.7","Humid","28.35","0","65.20","249868.11","SABD0002000014","AAV2.0.0.13","4.0.0.2353","PSt7-10","000000-000","8/7/2024 3:37:09 PM","0000-00","0","no battery","V","215852","µV","96196","µV"
"08/11/2024","11:28:58","2","default","203499907","Sensor2","13.141","min","244.508","μmol/L","Humid","22.145","deg","92238","µV","18.687","°C","985.000","hPa","35.0","pmil","0","51.462","deg","22.621","°C","100.000","%a.s.","22.257","deg","22.682","°C","985.000","hPa","0.861","-0.02056","0.00035","-0.00011","0","14.7","Humid","28.35","0","65.20","249867.38","SABD0002000014","AAV2.0.0.13","4.0.0.2353","PSt7-10","000000-000","8/7/2024 3:37:09 PM","0000-00","0","no battery","V","215852","µV","96196","µV"
"08/11/2024","11:28:59","2","default","203499907","Sensor2","13.158","min","244.437","μmol/L","Humid","22.146","deg","92241","µV","18.693","°C","985.000","hPa","35.0","pmil","0","51.462","deg","22.621","°C","100.000","%a.s.","22.257","deg","22.682","°C","985.000","hPa","0.861","-0.02056","0.00035","-0.00011","0","14.7","Humid","28.35","0","65.20","249872.88","SABD0002000014","AAV2.0.0.13","4.0.0.2353","PSt7-10","000000-000","8/7/2024 3:37:09 PM","0000-00","0","no battery","V","215852","µV","96196","µV"
"08/11/2024","11:29:00","2","default","203499907","Sensor2","13.175","min","244.393","μmol/L","Humid","22.148","deg","92248","µV","18.693","°C","985.000","hPa","35.0","pmil","0","51.462","deg","22.621","°C","100.000","%a.s.","22.257","deg","22.682","°C","985.000","hPa","0.861","-0.02056","0.00035","-0.00011","0","14.7","Humid","28.35","0","65.20","249876.44","SABD0002000014","AAV2.0.0.13","4.0.0.2353","PSt7-10","000000-000","8/7/2024 3:37:09 PM","0000-00","0","no battery","V","215852","µV","96196","µV"
"08/11/2024","11:29:01","2","default","203499907","Sensor2","13.191","min","244.349","μmol/L","Humid","22.150","deg","92243","µV","18.693","°C","985.000","hPa","35.0","pmil","0","51.462","deg","22.621","°C","100.000","%a.s.","22.257","deg","22.682","°C","985.000","hPa","0.861","-0.02056","0.00035","-0.00011","0","14.7","Humid","28.35","0","65.20","249876.29","SABD0002000014","AAV2.0.0.13","4.0.0.2353","PSt7-10","000000-000","8/7/2024 3:37:09 PM","0000-00","0","no battery","V","215852","µV","96196","µV"
"08/11/2024","11:29:02","2","default","203499907","Sensor2","13.208","min","244.371","μmol/L","Humid","22.149","deg","92250","µV","18.693","°C","985.000","hPa","35.0","pmil","0","51.462","deg","22.621","°C","100.000","%a.s.","22.257","deg","22.682","°C","985.000","hPa","0.861","-0.02056","0.00035","-0.00011","0","14.7","Humid","28.35","0","65.20","249877.55","SABD0002000014","AAV2.0.0.13","4.0.0.2353","PSt7-10","000000-000","8/7/2024 3:37:09 PM","0000-00","0","no battery","V","215852","µV","96196","µV"
"08/11/2024","11:29:03","2","default","203499907","Sensor2","13.225","min","244.375","μmol/L","Humid","22.151","deg","92246","µV","18.687","°C","985.000","hPa","35.0","pmil","0","51.462","deg","22.621","°C","100.000","%a.s.","22.257","deg","22.682","°C","985.000","hPa","0.861","-0.02056","0.00035","-0.00011","0","14.7","Humid","28.35","0","65.20","249862.29","SABD0002000014","AAV2.0.0.13","4.0.0.2353","PSt7-10","000000-000","8/7/2024 3:37:09 PM","0000-00","0","no battery","V","215852","µV","96196","µV"
"08/11/2024","11:29:04","2","default","203499907","Sensor2","13.242","min","244.371","μmol/L","Humid","22.149","deg","92264","µV","18.693","°C","985.000","hPa","35.0","pmil","0","51.462","deg","22.621","°C","100.000","%a.s.","22.257","deg","22.682","°C","985.000","hPa","0.861","-0.02056","0.00035","-0.00011","0","14.7","Humid","28.35","0","65.20","249872.74","SABD0002000014","AAV2.0.0.13","4.0.0.2353","PSt7-10","000000-000","8/7/2024 3:37:09 PM","0000-00","0","no battery","V","215852","µV","96196","µV"
"08/11/2024","11:29:05","2","default","203499907","Sensor2","13.258","min","244.397","μmol/L","Humid","22.150","deg","92261","µV","18.687","°C","985.000","hPa","35.0","pmil","0","51.462","deg","22.621","°C","100.000","%a.s.","22.257","deg","22.682","°C","985.000","hPa","0.861","-0.02056","0.00035","-0.00011","0","14.7","Humid","28.35","0","65.20","249876.61","SABD0002000014","AAV2.0.0.13","4.0.0.2353","PSt7-10","000000-000","8/7/2024 3:37:09 PM","0000-00","0","no battery","V","215852","µV","96196","µV"
"08/11/2024","11:29:06","2","default","203499907","Sensor2","13.275","min","244.304","μmol/L","Humid","22.152","deg","92259","µV","18.693","°C","985.000","hPa","35.0","pmil","0","51.462","deg","22.621","°C","100.000","%a.s.","22.257","deg","22.682","°C","985.000","hPa","0.861","-0.02056","0.00035","-0.00011","0","14.7","Humid","28.35","0","65.20","249861.37","SABD0002000014","AAV2.0.0.13","4.0.0.2353","PSt7-10","000000-000","8/7/2024 3:37:09 PM","0000-00","0","no battery","V","215852","µV","96196","µV"
"08/11/2024","11:29:07","2","default","203499907","Sensor2","13.291","min","244.326","μmol/L","Humid","22.151","deg","92260","µV","18.693","°C","985.000","hPa","35.0","pmil","0","51.462","deg","22.621","°C","100.000","%a.s.","22.257","deg","22.682","°C","985.000","hPa","0.861","-0.02056","0.00035","-0.00011","0","14.7","Humid","28.35","0","65.20","249856.45","SABD0002000014","AAV2.0.0.13","4.0.0.2353","PSt7-10","000000-000","8/7/2024 3:37:09 PM","0000-00","0","no battery","V","215852","µV","96196","µV"
"08/11/2024","11:29:08","2","default","203499907","Sensor2","13.308","min","244.260","μmol/L","Humid","22.154","deg","92265","µV","18.693","°C","985.000","hPa","35.0","pmil","0","51.462","deg","22.621","°C","100.000","%a.s.","22.257","deg","22.682","°C","985.000","hPa","0.861","-0.02056","0.00035","-0.00011","0","14.7","Humid","28.35","0","65.20","249864.01","SABD0002000014","AAV2.0.0.13","4.0.0.2353","PSt7-10","000000-000","8/7/2024 3:37:09 PM","0000-00","0","no battery","V","215852","µV","96196","µV"
"08/11/2024","11:29:09","2","default","203499907","Sensor2","13.325","min","244.212","μmol/L","Humid","22.154","deg","92267","µV","18.699","°C","985.000","hPa","35.0","pmil","0","51.462","deg","22.621","°C","100.000","%a.s.","22.257","deg","22.682","°C","985.000","hPa","0.861","-0.02056","0.00035","-0.00011","0","14.7","Humid","28.35","0","65.20","249873.87","SABD0002000014","AAV2.0.0.13","4.0.0.2353","PSt7-10","000000-000","8/7/2024 3:37:09 PM","0000-00","0","no battery","V","215852","µV","96196","µV"
"08/11/2024","11:29:10","2","default","203499907","Sensor2","13.341","min","244.242","μmol/L","Humid","22.157","deg","92276","µV","18.687","°C","985.000","hPa","35.0","pmil","0","51.462","deg","22.621","°C","100.000","%a.s.","22.257","deg","22.682","°C","985.000","hPa","0.861","-0.02056","0.00035","-0.00011","0","14.7","Humid","28.35","0","65.20","249861.58","SABD0002000014","AAV2.0.0.13","4.0.0.2353","PSt7-10","000000-000","8/7/2024 3:37:09 PM","0000-00","0","no battery","V","215852","µV","96196","µV"
"08/11/2024","11:29:11","2","default","203499907","Sensor2","13.358","min","244.260","μmol/L","Humid","22.154","deg","92272","µV","18.693","°C","985.000","hPa","35.0","pmil","0","51.462","deg","22.621","°C","100.000","%a.s.","22.257","deg","22.682","°C","985.000","hPa","0.861","-0.02056","0.00035","-0.00011","0","14.7","Humid","28.35","0","65.20","249862.62","SABD0002000014","AAV2.0.0.13","4.0.0.2353","PSt7-10","000000-000","8/7/2024 3:37:09 PM","0000-00","0","no battery","V","215852","µV","96196","µV"
"08/11/2024","11:29:12","2","default","203499907","Sensor2","13.375","min","244.146","μmol/L","Humid","22.157","deg","92273","µV","18.699","°C","985.000","hPa","35.0","pmil","0","51.462","deg","22.621","°C","100.000","%a.s.","22.257","deg","22.682","°C","985.000","hPa","0.861","-0.02056","0.00035","-0.00011","0","14.7","Humid","28.35","0","65.20","249858.73","SABD0002000014","AAV2.0.0.13","4.0.0.2353","PSt7-10","000000-000","8/7/2024 3:37:09 PM","0000-00","0","no battery","V","215852","µV","96196","µV"
"08/11/2024","11:29:13","2","default","203499907","Sensor2","13.391","min","244.190","μmol/L","Humid","22.155","deg","92280","µV","18.699","°C","985.000","hPa","35.0","pmil","0","51.462","deg","22.621","°C","100.000","%a.s.","22.257","deg","22.682","°C","985.000","hPa","0.861","-0.02056","0.00035","-0.00011","0","14.7","Humid","28.35","0","65.20","249855.06","SABD0002000014","AAV2.0.0.13","4.0.0.2353","PSt7-10","000000-000","8/7/2024 3:37:09 PM","0000-00","0","no battery","V","215852","µV","96196","µV"
"08/11/2024","11:29:14","2","default","203499907","Sensor2","13.408","min","244.171","μmol/L","Humid","22.158","deg","92283","µV","18.693","°C","985.000","hPa","35.0","pmil","0","51.462","deg","22.621","°C","100.000","%a.s.","22.257","deg","22.682","°C","985.000","hPa","0.861","-0.02056","0.00035","-0.00011","0","14.7","Humid","28.35","0","65.20","249860.32","SABD0002000014","AAV2.0.0.13","4.0.0.2353","PSt7-10","000000-000","8/7/2024 3:37:09 PM","0000-00","0","no battery","V","215852","µV","96196","µV"
"08/11/2024","11:29:15","2","default","203499907","Sensor2","13.425","min","244.153","μmol/L","Humid","22.161","deg","92288","µV","18.687","°C","985.000","hPa","35.0","pmil","0","51.462","deg","22.621","°C","100.000","%a.s.","22.257","deg","22.682","°C","985.000","hPa","0.861","-0.02056","0.00035","-0.00011","0","14.7","Humid","28.35","0","65.20","249851.21","SABD0002000014","AAV2.0.0.13","4.0.0.2353","PSt7-10","000000-000","8/7/2024 3:37:09 PM","0000-00","0","no battery","V","215852","µV","96196","µV"
"08/11/2024","11:29:16","2","default","203499907","Sensor2","13.442","min","244.171","μmol/L","Humid","22.158","deg","92285","µV","18.693","°C","985.000","hPa","35.0","pmil","0","51.462","deg","22.621","°C","100.000","%a.s.","22.257","deg","22.682","°C","985.000","hPa","0.861","-0.02056","0.00035","-0.00011","0","14.7","Humid","28.35","0","65.20","249856.76","SABD0002000014","AAV2.0.0.13","4.0.0.2353","PSt7-10","000000-000","8/7/2024 3:37:09 PM","0000-00","0","no battery","V","215852","µV","96196","µV"
"08/11/2024","11:29:17","2","default","203499907","Sensor2","13.458","min","244.146","μmol/L","Humid","22.157","deg","92286","µV","18.699","°C","985.000","hPa","35.0","pmil","0","51.462","deg","22.621","°C","100.000","%a.s.","22.257","deg","22.682","°C","985.000","hPa","0.861","-0.02056","0.00035","-0.00011","0","14.7","Humid","28.35","0","65.20","249853.15","SABD0002000014","AAV2.0.0.13","4.0.0.2353","PSt7-10","000000-000","8/7/2024 3:37:09 PM","0000-00","0","no battery","V","215852","µV","96196","µV"
"08/11/2024","11:29:18","2","default","203499907","Sensor2","13.475","min","244.127","μmol/L","Humid","22.160","deg","92283","µV","18.693","°C","985.000","hPa","35.0","pmil","0","51.462","deg","22.621","°C","100.000","%a.s.","22.257","deg","22.682","°C","985.000","hPa","0.861","-0.02056","0.00035","-0.00011","0","14.7","Humid","28.35","0","65.20","249851.39","SABD0002000014","AAV2.0.0.13","4.0.0.2353","PSt7-10","000000-000","8/7/2024 3:37:09 PM","0000-00","0","no battery","V","215852","µV","96196","µV"
"08/11/2024","11:29:19","2","default","203499907","Sensor2","13.491","min","244.109","μmol/L","Humid","22.163","deg","92293","µV","18.687","°C","985.000","hPa","35.0","pmil","0","51.462","deg","22.621","°C","100.000","%a.s.","22.257","deg","22.682","°C","985.000","hPa","0.861","-0.02056","0.00035","-0.00011","0","14.7","Humid","28.35","0","65.20","249848.12","SABD0002000014","AAV2.0.0.13","4.0.0.2353","PSt7-10","000000-000","8/7/2024 3:37:09 PM","0000-00","0","no battery","V","215852","µV","96196","µV"
"08/11/2024","11:29:20","2","default","203499907","Sensor2","13.508","min","244.061","μmol/L","Humid","22.163","deg","92292","µV","18.693","°C","985.000","hPa","35.0","pmil","0","51.462","deg","22.621","°C","100.000","%a.s.","22.257","deg","22.682","°C","985.000","hPa","0.861","-0.02056","0.00035","-0.00011","0","14.7","Humid","28.35","0","65.20","249862.49","SABD0002000014","AAV2.0.0.13","4.0.0.2353","PSt7-10","000000-000","8/7/2024 3:37:09 PM","0000-00","0","no battery","V","215852","µV","96196","µV"
"08/11/2024","11:29:21","2","default","203499907","Sensor2","13.525","min","244.105","μmol/L","Humid","22.161","deg","92297","µV","18.693","°C","985.000","hPa","35.0","pmil","0","51.462","deg","22.621","°C","100.000","%a.s.","22.257","deg","22.682","°C","985.000","hPa","0.861","-0.02056","0.00035","-0.00011","0","14.7","Humid","28.35","0","65.20","249847.73","SABD0002000014","AAV2.0.0.13","4.0.0.2353","PSt7-10","000000-000","8/7/2024 3:37:09 PM","0000-00","0","no battery","V","215852","µV","96196","µV"
"08/11/2024","11:29:22","2","default","203499907","Sensor2","13.541","min","244.039","μmol/L","Humid","22.164","deg","92298","µV","18.693","°C","985.000","hPa","35.0","pmil","0","51.462","deg","22.621","°C","100.000","%a.s.","22.257","deg","22.682","°C","985.000","hPa","0.861","-0.02056","0.00035","-0.00011","0","14.7","Humid","28.35","0","65.20","249856.94","SABD0002000014","AAV2.0.0.13","4.0.0.2353","PSt7-10","000000-000","8/7/2024 3:37:09 PM","0000-00","0","no battery","V","215852","µV","96196","µV"
"08/11/2024","11:29:23","2","default","203499907","Sensor2","13.558","min","244.149","μmol/L","Humid","22.159","deg","92303","µV","18.693","°C","985.000","hPa","35.0","pmil","0","51.462","deg","22.621","°C","100.000","%a.s.","22.257","deg","22.682","°C","985.000","hPa","0.861","-0.02056","0.00035","-0.00011","0","14.7","Humid","28.35","0","65.20","249865.04","SABD0002000014","AAV2.0.0.13","4.0.0.2353","PSt7-10","000000-000","8/7/2024 3:37:09 PM","0000-00","0","no battery","V","215852","µV","96196","µV"
"08/11/2024","11:29:24","2","default","203499907","Sensor2","13.575","min","244.105","μmol/L","Humid","22.161","deg","92309","µV","18.693","°C","985.000","hPa","35.0","pmil","0","51.462","deg","22.621","°C","100.000","%a.s.","22.257","deg","22.682","°C","985.000","hPa","0.861","-0.02056","0.00035","-0.00011","0","14.7","Humid","28.35","0","65.20","249856.55","SABD0002000014","AAV2.0.0.13","4.0.0.2353","PSt7-10","000000-000","8/7/2024 3:37:09 PM","0000-00","0","no battery","V","215852","µV","96196","µV"
"08/11/2024","11:29:25","2","default","203499907","Sensor2","13.591","min","243.924","μmol/L","Humid","22.167","deg","92300","µV","18.699","°C","985.000","hPa","35.0","pmil","0","51.462","deg","22.621","°C","100.000","%a.s.","22.257","deg","22.682","°C","985.000","hPa","0.861","-0.02056","0.00035","-0.00011","0","14.7","Humid","28.35","0","65.20","249849.59","SABD0002000014","AAV2.0.0.13","4.0.0.2353","PSt7-10","000000-000","8/7/2024 3:37:09 PM","0000-00","0","no battery","V","215852","µV","96196","µV"
"08/11/2024","11:29:26","2","default","203499907","Sensor2","13.608","min","244.109","μmol/L","Humid","22.163","deg","92311","µV","18.687","°C","985.000","hPa","35.0","pmil","0","51.462","deg","22.621","°C","100.000","%a.s.","22.257","deg","22.682","°C","985.000","hPa","0.861","-0.02056","0.00035","-0.00011","0","14.7","Humid","28.35","0","65.20","249854.94","SABD0002000014","AAV2.0.0.13","4.0.0.2353","PSt7-10","000000-000","8/7/2024 3:37:09 PM","0000-00","0","no battery","V","215852","µV","96196","µV"
"08/11/2024","11:29:27","2","default","203499907","Sensor2","13.625","min","244.017","μmol/L","Humid","22.165","deg","92310","µV","18.693","°C","985.000","hPa","35.0","pmil","0","51.462","deg","22.621","°C","100.000","%a.s.","22.257","deg","22.682","°C","985.000","hPa","0.861","-0.02056","0.00035","-0.00011","0","14.7","Humid","28.35","0","65.20","249852.40","SABD0002000014","AAV2.0.0.13","4.0.0.2353","PSt7-10","000000-000","8/7/2024 3:37:09 PM","0000-00","0","no battery","V","215852","µV","96196","µV"
"08/11/2024","11:29:28","2","default","203499907","Sensor2","13.642","min","243.876","μmol/L","Humid","22.167","deg","92314","µV","18.705","°C","985.000","hPa","35.0","pmil","0","51.462","deg","22.621","°C","100.000","%a.s.","22.257","deg","22.682","°C","985.000","hPa","0.861","-0.02056","0.00035","-0.00011","0","14.7","Humid","28.35","0","65.20","249849.09","SABD0002000014","AAV2.0.0.13","4.0.0.2353","PSt7-10","000000-000","8/7/2024 3:37:09 PM","0000-00","0","no battery","V","215852","µV","96196","µV"
"08/11/2024","11:29:29","2","default","203499907","Sensor2","13.658","min","243.998","μmol/L","Humid","22.168","deg","92308","µV","18.687","°C","985.000","hPa","35.0","pmil","0","51.462","deg","22.621","°C","100.000","%a.s.","22.257","deg","22.682","°C","985.000","hPa","0.861","-0.02056","0.00035","-0.00011","0","14.7","Humid","28.35","0","65.20","249846.58","SABD0002000014","AAV2.0.0.13","4.0.0.2353","PSt7-10","000000-000","8/7/2024 3:37:09 PM","0000-00","0","no battery","V","215852","µV","96196","µV"
"08/11/2024","11:29:30","2","default","203499907","Sensor2","13.675","min","243.928","μmol/L","Humid","22.169","deg","92313","µV","18.693","°C","985.000","hPa","35.0","pmil","0","51.462","deg","22.621","°C","100.000","%a.s.","22.257","deg","22.682","°C","985.000","hPa","0.861","-0.02056","0.00035","-0.00011","0","14.7","Humid","28.35","0","65.20","249861.14","SABD0002000014","AAV2.0.0.13","4.0.0.2353","PSt7-10","000000-000","8/7/2024 3:37:09 PM","0000-00","0","no battery","V","215852","µV","96196","µV"
"08/11/2024","11:29:31","2","default","203499907","Sensor2","13.692","min","243.924","μmol/L","Humid","22.167","deg","92314","µV","18.699","°C","985.000","hPa","35.0","pmil","0","51.462","deg","22.621","°C","100.000","%a.s.","22.257","deg","22.682","°C","985.000","hPa","0.861","-0.02056","0.00035","-0.00011","0","14.7","Humid","28.35","0","65.20","249853.38","SABD0002000014","AAV2.0.0.13","4.0.0.2353","PSt7-10","000000-000","8/7/2024 3:37:09 PM","0000-00","0","no battery","V","215852","µV","96196","µV"
"08/11/2024","11:29:32","2","default","203499907","Sensor2","13.708","min","243.880","μmol/L","Humid","22.169","deg","92319","µV","18.699","°C","985.000","hPa","35.0","pmil","0","51.462","deg","22.621","°C","100.000","%a.s.","22.257","deg","22.682","°C","985.000","hPa","0.861","-0.02056","0.00035","-0.00011","0","14.7","Humid","28.35","0","65.20","249849.84","SABD0002000014","AAV2.0.0.13","4.0.0.2353","PSt7-10","000000-000","8/7/2024 3:37:09 PM","0000-00","0","no battery","V","215852","µV","96196","µV"
"08/11/2024","11:29:33","2","default","203499907","Sensor2","13.724","min","243.906","μmol/L","Humid","22.170","deg","92323","µV","18.693","°C","985.000","hPa","35.0","pmil","0","51.462","deg","22.621","°C","100.000","%a.s.","22.257","deg","22.682","°C","985.000","hPa","0.861","-0.02056","0.00035","-0.00011","0","14.7","Humid","28.35","0","65.20","249851.36","SABD0002000014","AAV2.0.0.13","4.0.0.2353","PSt7-10","000000-000","8/7/2024 3:37:09 PM","0000-00","0","no battery","V","215852","µV","96196","µV"
"08/11/2024","11:29:34","2","default","203499907","Sensor2","13.741","min","243.991","μmol/L","Humid","22.164","deg","92318","µV","18.699","°C","985.000","hPa","35.0","pmil","0","51.462","deg","22.621","°C","100.000","%a.s.","22.257","deg","22.682","°C","985.000","hPa","0.861","-0.02056","0.00035","-0.00011","0","14.7","Humid","28.35","0","65.20","249856.01","SABD0002000014","AAV2.0.0.13","4.0.0.2353","PSt7-10","000000-000","8/7/2024 3:37:09 PM","0000-00","0","no battery","V","215852","µV","96196","µV"
"08/11/2024","11:29:35","2","default","203499907","Sensor2","13.758","min","243.972","μmol/L","Humid","22.167","deg","92328","µV","18.693","°C","985.000","hPa","35.0","pmil","0","51.462","deg","22.621","°C","100.000","%a.s.","22.257","deg","22.682","°C","985.000","hPa","0.861","-0.02056","0.00035","-0.00011","0","14.7","Humid","28.35","0","65.20","249849.81","SABD0002000014","AAV2.0.0.13","4.0.0.2353","PSt7-10","000000-000","8/7/2024 3:37:09 PM","0000-00","0","no battery","V","215852","µV","96196","µV"
"08/11/2024","11:29:36","2","default","203499907","Sensor2","13.775","min","243.928","μmol/L","Humid","22.169","deg","92325","µV","18.693","°C","985.000","hPa","35.0","pmil","0","51.462","deg","22.621","°C","100.000","%a.s.","22.257","deg","22.682","°C","985.000","hPa","0.861","-0.02056","0.00035","-0.00011","0","14.7","Humid","28.35","0","65.20","249847.33","SABD0002000014","AAV2.0.0.13","4.0.0.2353","PSt7-10","000000-000","8/7/2024 3:37:09 PM","0000-00","0","no battery","V","215852","µV","96196","µV"
"08/11/2024","11:29:37","2","default","203499907","Sensor2","13.791","min","243.884","μmol/L","Humid","22.171","deg","92319","µV","18.693","°C","985.000","hPa","35.0","pmil","0","51.462","deg","22.621","°C","100.000","%a.s.","22.257","deg","22.682","°C","985.000","hPa","0.861","-0.02056","0.00035","-0.00011","0","14.7","Humid","28.35","0","65.20","249841.08","SABD0002000014","AAV2.0.0.13","4.0.0.2353","PSt7-10","000000-000","8/7/2024 3:37:09 PM","0000-00","0","no battery","V","215852","µV","96196","µV"
"08/11/2024","11:29:38","2","default","203499907","Sensor2","13.808","min","243.906","μmol/L","Humid","22.170","deg","92326","µV","18.693","°C","985.000","hPa","35.0","pmil","0","51.462","deg","22.621","°C","100.000","%a.s.","22.257","deg","22.682","°C","985.000","hPa","0.861","-0.02056","0.00035","-0.00011","0","14.7","Humid","28.35","0","65.20","249857.35","SABD0002000014","AAV2.0.0.13","4.0.0.2353","PSt7-10","000000-000","8/7/2024 3:37:09 PM","0000-00","0","no battery","V","215852","µV","96196","µV"
"08/11/2024","11:29:39","2","default","203499907","Sensor2","13.825","min","243.910","μmol/L","Humid","22.172","deg","92334","µV","18.687","°C","985.000","hPa","35.0","pmil","0","51.462","deg","22.621","°C","100.000","%a.s.","22.257","deg","22.682","°C","985.000","hPa","0.861","-0.02056","0.00035","-0.00011","0","14.7","Humid","28.35","0","65.20","249847.63","SABD0002000014","AAV2.0.0.13","4.0.0.2353","PSt7-10","000000-000","8/7/2024 3:37:09 PM","0000-00","0","no battery","V","215852","µV","96196","µV"
"08/11/2024","11:29:40","2","default","203499907","Sensor2","13.842","min","243.792","μmol/L","Humid","22.173","deg","92331","µV","18.699","°C","985.000","hPa","35.0","pmil","0","51.462","deg","22.621","°C","100.000","%a.s.","22.257","deg","22.682","°C","985.000","hPa","0.861","-0.02056","0.00035","-0.00011","0","14.7","Humid","28.35","0","65.20","249862.02","SABD0002000014","AAV2.0.0.13","4.0.0.2353","PSt7-10","000000-000","8/7/2024 3:37:09 PM","0000-00","0","no battery","V","215852","µV","96196","µV"
"08/11/2024","11:29:41","2","default","203499907","Sensor2","13.858","min","243.906","μmol/L","Humid","22.170","deg","92334","µV","18.693","°C","985.000","hPa","35.0","pmil","0","51.462","deg","22.621","°C","100.000","%a.s.","22.257","deg","22.682","°C","985.000","hPa","0.861","-0.02056","0.00035","-0.00011","0","14.7","Humid","28.35","0","65.20","249851.82","SABD0002000014","AAV2.0.0.13","4.0.0.2353","PSt7-10","000000-000","8/7/2024 3:37:09 PM","0000-00","0","no battery","V","215852","µV","96196","µV"
"08/11/2024","11:29:42","2","default","203499907","Sensor2","13.875","min","243.858","μmol/L","Humid","22.170","deg","92326","µV","18.699","°C","985.000","hPa","35.0","pmil","0","51.462","deg","22.621","°C","100.000","%a.s.","22.257","deg","22.682","°C","985.000","hPa","0.861","-0.02056","0.00035","-0.00011","0","14.7","Humid","28.35","0","65.20","249836.91","SABD0002000014","AAV2.0.0.13","4.0.0.2353","PSt7-10","000000-000","8/7/2024 3:37:09 PM","0000-00","0","no battery","V","215852","µV","96196","µV"
"08/11/2024","11:29:43","2","default","203499907","Sensor2","13.892","min","243.814","μmol/L","Humid","22.172","deg","92336","µV","18.699","°C","985.000","hPa","35.0","pmil","0","51.462","deg","22.621","°C","100.000","%a.s.","22.257","deg","22.682","°C","985.000","hPa","0.861","-0.02056","0.00035","-0.00011","0","14.7","Humid","28.35","0","65.20","249851.09","SABD0002000014","AAV2.0.0.13","4.0.0.2353","PSt7-10","000000-000","8/7/2024 3:37:09 PM","0000-00","0","no battery","V","215852","µV","96196","µV"
"08/11/2024","11:29:44","2","default","203499907","Sensor2","13.908","min","243.792","μmol/L","Humid","22.173","deg","92341","µV","18.699","°C","985.000","hPa","35.0","pmil","0","51.462","deg","22.621","°C","100.000","%a.s.","22.257","deg","22.682","°C","985.000","hPa","0.861","-0.02056","0.00035","-0.00011","0","14.7","Humid","28.35","0","65.20","249848.36","SABD0002000014","AAV2.0.0.13","4.0.0.2353","PSt7-10","000000-000","8/7/2024 3:37:09 PM","0000-00","0","no battery","V","215852","µV","96196","µV"
"08/11/2024","11:29:45","2","default","203499907","Sensor2","13.924","min","243.773","μmol/L","Humid","22.176","deg","92338","µV","18.693","°C","985.000","hPa","35.0","pmil","0","51.462","deg","22.621","°C","100.000","%a.s.","22.257","deg","22.682","°C","985.000","hPa","0.861","-0.02056","0.00035","-0.00011","0","14.7","Humid","28.35","0","65.20","249843.39","SABD0002000014","AAV2.0.0.13","4.0.0.2353","PSt7-10","000000-000","8/7/2024 3:37:09 PM","0000-00","0","no battery","V","215852","µV","96196","µV"
"08/11/2024","11:29:46","2","default","203499907","Sensor2","13.941","min","243.792","μmol/L","Humid","22.173","deg","92329","µV","18.699","°C","985.000","hPa","35.0","pmil","0","51.462","deg","22.621","°C","100.000","%a.s.","22.257","deg","22.682","°C","985.000","hPa","0.861","-0.02056","0.00035","-0.00011","0","14.7","Humid","28.35","0","65.20","249841.02","SABD0002000014","AAV2.0.0.13","4.0.0.2353","PSt7-10","000000-000","8/7/2024 3:37:09 PM","0000-00","0","no battery","V","215852","µV","96196","µV"
"08/11/2024","11:29:47","2","default","203499907","Sensor2","13.958","min","243.814","μmol/L","Humid","22.172","deg","92339","µV","18.699","°C","985.000","hPa","35.0","pmil","0","51.462","deg","22.621","°C","100.000","%a.s.","22.257","deg","22.682","°C","985.000","hPa","0.861","-0.02056","0.00035","-0.00011","0","14.7","Humid","28.35","0","65.20","249857.76","SABD0002000014","AAV2.0.0.13","4.0.0.2353","PSt7-10","000000-000","8/7/2024 3:37:09 PM","0000-00","0","no battery","V","215852","µV","96196","µV"
"08/11/2024","11:29:48","2","default","203499907","Sensor2","13.974","min","243.703","μmol/L","Humid","22.177","deg","92339","µV","18.699","°C","985.000","hPa","35.0","pmil","0","51.462","deg","22.621","°C","100.000","%a.s.","22.257","deg","22.682","°C","985.000","hPa","0.861","-0.02056","0.00035","-0.00011","0","14.7","Humid","28.35","0","65.20","249849.97","SABD0002000014","AAV2.0.0.13","4.0.0.2353","PSt7-10","000000-000","8/7/2024 3:37:09 PM","0000-00","0","no battery","V","215852","µV","96196","µV"
"08/11/2024","11:29:49","2","default","203499907","Sensor2","13.991","min","243.733","μmol/L","Humid","22.180","deg","92336","µV","18.687","°C","985.000","hPa","35.0","pmil","0","51.462","deg","22.621","°C","100.000","%a.s.","22.257","deg","22.682","°C","985.000","hPa","0.861","-0.02056","0.00035","-0.00011","0","14.7","Humid","28.35","0","65.20","249836.30","SABD0002000014","AAV2.0.0.13","4.0.0.2353","PSt7-10","000000-000","8/7/2024 3:37:09 PM","0000-00","0","no battery","V","215852","µV","96196","µV"
"08/11/2024","11:29:50","2","default","203499907","Sensor2","14.008","min","243.729","μmol/L","Humid","22.178","deg","92343","µV","18.693","°C","985.000","hPa","35.0","pmil","0","51.462","deg","22.621","°C","100.000","%a.s.","22.257","deg","22.682","°C","985.000","hPa","0.861","-0.02056","0.00035","-0.00011","0","14.7","Humid","28.35","0","65.20","249839.25","SABD0002000014","AAV2.0.0.13","4.0.0.2353","PSt7-10","000000-000","8/7/2024 3:37:09 PM","0000-00","0","no battery","V","215852","µV","96196","µV"
"08/11/2024","11:29:51","2","default","203499907","Sensor2","14.025","min","243.818","μmol/L","Humid","22.174","deg","92342","µV","18.693","°C","985.000","hPa","35.0","pmil","0","51.462","deg","22.621","°C","100.000","%a.s.","22.257","deg","22.682","°C","985.000","hPa","0.861","-0.02056","0.00035","-0.00011","0","14.7","Humid","28.35","0","65.20","249840.83","SABD0002000014","AAV2.0.0.13","4.0.0.2353","PSt7-10","000000-000","8/7/2024 3:37:09 PM","0000-00","0","no battery","V","215852","µV","96196","µV"
"08/11/2024","11:29:52","2","default","203499907","Sensor2","14.041","min","243.755","μmol/L","Humid","22.179","deg","92338","µV","18.687","°C","985.000","hPa","35.0","pmil","0","51.462","deg","22.621","°C","100.000","%a.s.","22.257","deg","22.682","°C","985.000","hPa","0.861","-0.02056","0.00035","-0.00011","0","14.7","Humid","28.35","0","65.20","249822.74","SABD0002000014","AAV2.0.0.13","4.0.0.2353","PSt7-10","000000-000","8/7/2024 3:37:09 PM","0000-00","0","no battery","V","215852","µV","96196","µV"
"08/11/2024","11:29:53","2","default","203499907","Sensor2","14.058","min","243.685","μmol/L","Humid","22.180","deg","92349","µV","18.693","°C","985.000","hPa","35.0","pmil","0","51.462","deg","22.621","°C","100.000","%a.s.","22.257","deg","22.682","°C","985.000","hPa","0.861","-0.02056","0.00035","-0.00011","0","14.7","Humid","28.35","0","65.20","249834.71","SABD0002000014","AAV2.0.0.13","4.0.0.2353","PSt7-10","000000-000","8/7/2024 3:37:09 PM","0000-00","0","no battery","V","215852","µV","96196","µV"
"08/11/2024","11:29:54","2","default","203499907","Sensor2","14.075","min","243.755","μmol/L","Humid","22.179","deg","92362","µV","18.687","°C","985.000","hPa","35.0","pmil","0","51.462","deg","22.621","°C","100.000","%a.s.","22.257","deg","22.682","°C","985.000","hPa","0.861","-0.02056","0.00035","-0.00011","0","14.7","Humid","28.35","0","65.20","249847.92","SABD0002000014","AAV2.0.0.13","4.0.0.2353","PSt7-10","000000-000","8/7/2024 3:37:09 PM","0000-00","0","no battery","V","215852","µV","96196","µV"
"08/11/2024","11:29:55","2","default","203499907","Sensor2","14.092","min","243.641","μmol/L","Humid","22.182","deg","92366","µV","18.693","°C","985.000","hPa","35.0","pmil","0","51.462","deg","22.621","°C","100.000","%a.s.","22.257","deg","22.682","°C","985.000","hPa","0.861","-0.02056","0.00035","-0.00011","0","14.7","Humid","28.35","0","65.20","249849.23","SABD0002000014","AAV2.0.0.13","4.0.0.2353","PSt7-10","000000-000","8/7/2024 3:37:09 PM","0000-00","0","no battery","V","215852","µV","96196","µV"
"08/11/2024","11:29:56","2","default","203499907","Sensor2","14.108","min","243.685","μmol/L","Humid","22.180","deg","92367","µV","18.693","°C","985.000","hPa","35.0","pmil","0","51.462","deg","22.621","°C","100.000","%a.s.","22.257","deg","22.682","°C","985.000","hPa","0.861","-0.02056","0.00035","-0.00011","0","14.7","Humid","28.35","0","65.20","249827.47","SABD0002000014","AAV2.0.0.13","4.0.0.2353","PSt7-10","000000-000","8/7/2024 3:37:09 PM","0000-00","0","no battery","V","215852","µV","96196","µV"
"08/11/2024","11:29:57","2","default","203499907","Sensor2","14.125","min","243.615","μmol/L","Humid","22.181","deg","92364","µV","18.699","°C","985.000","hPa","35.0","pmil","0","51.462","deg","22.621","°C","100.000","%a.s.","22.257","deg","22.682","°C","985.000","hPa","0.861","-0.02056","0.00035","-0.00011","0","14.7","Humid","28.35","0","65.20","249834.38","SABD0002000014","AAV2.0.0.13","4.0.0.2353","PSt7-10","000000-000","8/7/2024 3:37:09 PM","0000-00","0","no battery","V","215852","µV","96196","µV"
"08/11/2024","11:29:58","2","default","203499907","Sensor2","14.141","min","243.615","μmol/L","Humid","22.181","deg","92368","µV","18.699","°C","985.000","hPa","35.0","pmil","0","51.462","deg","22.621","°C","100.000","%a.s.","22.257","deg","22.682","°C","985.000","hPa","0.861","-0.02056","0.00035","-0.00011","0","14.7","Humid","28.35","0","65.20","249822.90","SABD0002000014","AAV2.0.0.13","4.0.0.2353","PSt7-10","000000-000","8/7/2024 3:37:09 PM","0000-00","0","no battery","V","215852","µV","96196","µV"
"08/11/2024","11:29:59","2","default","203499907","Sensor2","14.158","min","243.505","μmol/L","Humid","22.186","deg","92369","µV","18.699","°C","985.000","hPa","35.0","pmil","0","51.462","deg","22.621","°C","100.000","%a.s.","22.257","deg","22.682","°C","985.000","hPa","0.861","-0.02056","0.00035","-0.00011","0","14.7","Humid","28.35","0","65.20","249839.38","SABD0002000014","AAV2.0.0.13","4.0.0.2353","PSt7-10","000000-000","8/7/2024 3:37:09 PM","0000-00","0","no battery","V","215852","µV","96196","µV"
"08/11/2024","11:30:00","2","default","203499907","Sensor2","14.174","min","243.711","μmol/L","Humid","22.181","deg","92373","µV","18.687","°C","985.000","hPa","35.0","pmil","0","51.462","deg","22.621","°C","100.000","%a.s.","22.257","deg","22.682","°C","985.000","hPa","0.861","-0.02056","0.00035","-0.00011","0","14.7","Humid","28.35","0","65.20","249824.17","SABD0002000014","AAV2.0.0.13","4.0.0.2353","PSt7-10","000000-000","8/7/2024 3:37:09 PM","0000-00","0","no battery","V","215852","µV","96196","µV"
"08/11/2024","11:30:01","2","default","203499907","Sensor2","14.191","min","243.549","μmol/L","Humid","22.184","deg","92379","µV","18.699","°C","985.000","hPa","35.0","pmil","0","51.462","deg","22.621","°C","100.000","%a.s.","22.257","deg","22.682","°C","985.000","hPa","0.861","-0.02056","0.00035","-0.00011","0","14.7","Humid","28.35","0","65.20","249834.63","SABD0002000014","AAV2.0.0.13","4.0.0.2353","PSt7-10","000000-000","8/7/2024 3:37:09 PM","0000-00","0","no battery","V","215852","µV","96196","µV"
"08/11/2024","11:30:02","2","default","203499907","Sensor2","14.208","min","243.623","μmol/L","Humid","22.185","deg","92384","µV","18.687","°C","985.000","hPa","35.0","pmil","0","51.462","deg","22.621","°C","100.000","%a.s.","22.257","deg","22.682","°C","985.000","hPa","0.861","-0.02056","0.00035","-0.00011","0","14.7","Humid","28.35","0","65.20","249826.72","SABD0002000014","AAV2.0.0.13","4.0.0.2353","PSt7-10","000000-000","8/7/2024 3:37:09 PM","0000-00","0","no battery","V","215852","µV","96196","µV"
"08/11/2024","11:30:03","2","default","203499907","Sensor2","14.225","min","243.439","μmol/L","Humid","22.189","deg","92388","µV","18.699","°C","985.000","hPa","35.0","pmil","0","51.462","deg","22.621","°C","100.000","%a.s.","22.257","deg","22.682","°C","985.000","hPa","0.861","-0.02056","0.00035","-0.00011","0","14.7","Humid","28.35","0","65.20","249845.66","SABD0002000014","AAV2.0.0.13","4.0.0.2353","PSt7-10","000000-000","8/7/2024 3:37:09 PM","0000-00","0","no battery","V","215852","µV","96196","µV"
"08/11/2024","11:30:04","2","default","203499907","Sensor2","14.241","min","243.490","μmol/L","Humid","22.191","deg","92380","µV","18.687","°C","985.000","hPa","35.0","pmil","0","51.462","deg","22.621","°C","100.000","%a.s.","22.257","deg","22.682","°C","985.000","hPa","0.861","-0.02056","0.00035","-0.00011","0","14.7","Humid","28.35","0","65.20","249825.27","SABD0002000014","AAV2.0.0.13","4.0.0.2353","PSt7-10","000000-000","8/7/2024 3:37:09 PM","0000-00","0","no battery","V","215852","µV","96196","µV"
"08/11/2024","11:30:05","2","default","203499907","Sensor2","14.258","min","243.439","μmol/L","Humid","22.189","deg","92386","µV","18.699","°C","985.000","hPa","35.0","pmil","0","51.462","deg","22.621","°C","100.000","%a.s.","22.257","deg","22.682","°C","985.000","hPa","0.861","-0.02056","0.00035","-0.00011","0","14.7","Humid","28.35","0","65.20","249834.77","SABD0002000014","AAV2.0.0.13","4.0.0.2353","PSt7-10","000000-000","8/7/2024 3:37:09 PM","0000-00","0","no battery","V","215852","µV","96196","µV"
"08/11/2024","11:30:06","2","default","203499907","Sensor2","14.275","min","243.509","μmol/L","Humid","22.188","deg","92390","µV","18.693","°C","985.000","hPa","35.0","pmil","0","51.462","deg","22.621","°C","100.000","%a.s.","22.257","deg","22.682","°C","985.000","hPa","0.861","-0.02056","0.00035","-0.00011","0","14.7","Humid","28.35","0","65.20","249832.33","SABD0002000014","AAV2.0.0.13","4.0.0.2353","PSt7-10","000000-000","8/7/2024 3:37:09 PM","0000-00","0","no battery","V","215852","µV","96196","µV"
"08/11/2024","11:30:07","2","default","203499907","Sensor2","14.292","min","243.464","μmol/L","Humid","22.190","deg","92395","µV","18.693","°C","985.000","hPa","35.0","pmil","0","51.462","deg","22.621","°C","100.000","%a.s.","22.257","deg","22.682","°C","985.000","hPa","0.861","-0.02056","0.00035","-0.00011","0","14.7","Humid","28.35","0","65.20","249828.59","SABD0002000014","AAV2.0.0.13","4.0.0.2353","PSt7-10","000000-000","8/7/2024 3:37:09 PM","0000-00","0","no battery","V","215852","µV","96196","µV"
"08/11/2024","11:30:08","2","default","203499907","Sensor2","14.308","min","243.509","μmol/L","Humid","22.188","deg","92397","µV","18.693","°C","985.000","hPa","35.0","pmil","0","51.462","deg","22.621","°C","100.000","%a.s.","22.257","deg","22.682","°C","985.000","hPa","0.861","-0.02056","0.00035","-0.00011","0","14.7","Humid","28.35","0","65.20","249820.90","SABD0002000014","AAV2.0.0.13","4.0.0.2353","PSt7-10","000000-000","8/7/2024 3:37:09 PM","0000-00","0","no battery","V","215852","µV","96196","µV"
"08/11/2024","11:30:09","2","default","203499907","Sensor2","14.325","min","243.442","μmol/L","Humid","22.191","deg","92403","µV","18.693","°C","985.000","hPa","35.0","pmil","0","51.462","deg","22.621","°C","100.000","%a.s.","22.257","deg","22.682","°C","985.000","hPa","0.861","-0.02056","0.00035","-0.00011","0","14.7","Humid","28.35","0","65.20","249822.11","SABD0002000014","AAV2.0.0.13","4.0.0.2353","PSt7-10","000000-000","8/7/2024 3:37:09 PM","0000-00","0","no battery","V","215852","µV","96196","µV"
"08/11/2024","11:30:10","2","default","203499907","Sensor2","14.342","min","243.487","μmol/L","Humid","22.189","deg","92400","µV","18.693","°C","985.000","hPa","35.0","pmil","0","51.462","deg","22.621","°C","100.000","%a.s.","22.257","deg","22.682","°C","985.000","hPa","0.861","-0.02056","0.00035","-0.00011","0","14.7","Humid","28.35","0","65.20","249819.44","SABD0002000014","AAV2.0.0.13","4.0.0.2353","PSt7-10","000000-000","8/7/2024 3:37:09 PM","0000-00","0","no battery","V","215852","µV","96196","µV"
"08/11/2024","11:30:11","2","default","203499907","Sensor2","14.358","min","243.398","μmol/L","Humid","22.193","deg","92402","µV","18.693","°C","985.000","hPa","35.0","pmil","0","51.462","deg","22.621","°C","100.000","%a.s.","22.257","deg","22.682","°C","985.000","hPa","0.861","-0.02056","0.00035","-0.00011","0","14.7","Humid","28.35","0","65.20","249818.59","SABD0002000014","AAV2.0.0.13","4.0.0.2353","PSt7-10","000000-000","8/7/2024 3:37:09 PM","0000-00","0","no battery","V","215852","µV","96196","µV"
"08/11/2024","11:30:12","2","default","203499907","Sensor2","14.374","min","243.402","μmol/L","Humid","22.195","deg","92409","µV","18.687","°C","985.000","hPa","35.0","pmil","0","51.462","deg","22.621","°C","100.000","%a.s.","22.257","deg","22.682","°C","985.000","hPa","0.861","-0.02056","0.00035","-0.00011","0","14.7","Humid","28.35","0","65.20","249819.66","SABD0002000014","AAV2.0.0.13","4.0.0.2353","PSt7-10","000000-000","8/7/2024 3:37:09 PM","0000-00","0","no battery","V","215852","µV","96196","µV"
"08/11/2024","11:30:13","2","default","203499907","Sensor2","14.391","min","243.490","μmol/L","Humid","22.191","deg","92409","µV","18.687","°C","985.000","hPa","35.0","pmil","0","51.462","deg","22.621","°C","100.000","%a.s.","22.257","deg","22.682","°C","985.000","hPa","0.861","-0.02056","0.00035","-0.00011","0","14.7","Humid","28.35","0","65.20","249816.90","SABD0002000014","AAV2.0.0.13","4.0.0.2353","PSt7-10","000000-000","8/7/2024 3:37:09 PM","0000-00","0","no battery","V","215852","µV","96196","µV"
"08/11/2024","11:30:14","2","default","203499907","Sensor2","14.408","min","243.516","μmol/L","Humid","22.192","deg","92401","µV","18.681","°C","985.000","hPa","35.0","pmil","0","51.462","deg","22.621","°C","100.000","%a.s.","22.257","deg","22.682","°C","985.000","hPa","0.861","-0.02056","0.00035","-0.00011","0","14.7","Humid","28.35","0","65.20","249820.47","SABD0002000014","AAV2.0.0.13","4.0.0.2353","PSt7-10","000000-000","8/7/2024 3:37:09 PM","0000-00","0","no battery","V","215852","µV","96196","µV"
"08/11/2024","11:30:15","2","default","203499907","Sensor2","14.425","min","243.420","μmol/L","Humid","22.192","deg","92414","µV","18.693","°C","985.000","hPa","35.0","pmil","0","51.462","deg","22.621","°C","100.000","%a.s.","22.257","deg","22.682","°C","985.000","hPa","0.861","-0.02056","0.00035","-0.00011","0","14.7","Humid","28.35","0","65.20","249817.33","SABD0002000014","AAV2.0.0.13","4.0.0.2353","PSt7-10","000000-000","8/7/2024 3:37:09 PM","0000-00","0","no battery","V","215852","µV","96196","µV"
"08/11/2024","11:30:16","2","default","203499907","Sensor2","14.441","min","243.270","μmol/L","Humid","22.201","deg","92417","µV","18.687","°C","985.000","hPa","35.0","pmil","0","51.462","deg","22.621","°C","100.000","%a.s.","22.257","deg","22.682","°C","985.000","hPa","0.861","-0.02056","0.00035","-0.00011","0","14.7","Humid","28.35","0","65.20","249814.93","SABD0002000014","AAV2.0.0.13","4.0.0.2353","PSt7-10","000000-000","8/7/2024 3:37:09 PM","0000-00","0","no battery","V","215852","µV","96196","µV"
"08/11/2024","11:30:17","2","default","203499907","Sensor2","14.458","min","243.420","μmol/L","Humid","22.192","deg","92417","µV","18.693","°C","985.000","hPa","35.0","pmil","0","51.462","deg","22.621","°C","100.000","%a.s.","22.257","deg","22.682","°C","985.000","hPa","0.861","-0.02056","0.00035","-0.00011","0","14.7","Humid","28.35","0","65.20","249808.91","SABD0002000014","AAV2.0.0.13","4.0.0.2353","PSt7-10","000000-000","8/7/2024 3:37:09 PM","0000-00","0","no battery","V","215852","µV","96196","µV"
"08/11/2024","11:30:18","2","default","203499907","Sensor2","14.475","min","243.310","μmol/L","Humid","22.197","deg","92420","µV","18.693","°C","985.000","hPa","35.0","pmil","0","51.462","deg","22.621","°C","100.000","%a.s.","22.257","deg","22.682","°C","985.000","hPa","0.861","-0.02056","0.00035","-0.00011","0","14.7","Humid","28.35","0","65.20","249812.83","SABD0002000014","AAV2.0.0.13","4.0.0.2353","PSt7-10","000000-000","8/7/2024 3:37:09 PM","0000-00","0","no battery","V","215852","µV","96196","µV"
"08/11/2024","11:30:19","2","default","203499907","Sensor2","14.492","min","243.288","μmol/L","Humid","22.198","deg","92421","µV","18.693","°C","985.000","hPa","35.0","pmil","0","51.462","deg","22.621","°C","100.000","%a.s.","22.257","deg","22.682","°C","985.000","hPa","0.861","-0.02056","0.00035","-0.00011","0","14.7","Humid","28.35","0","65.20","249812.73","SABD0002000014","AAV2.0.0.13","4.0.0.2353","PSt7-10","000000-000","8/7/2024 3:37:09 PM","0000-00","0","no battery","V","215852","µV","96196","µV"
"08/11/2024","11:30:20","2","default","203499907","Sensor2","14.508","min","243.244","μmol/L","Humid","22.200","deg","92420","µV","18.693","°C","985.000","hPa","35.0","pmil","0","51.462","deg","22.621","°C","100.000","%a.s.","22.257","deg","22.682","°C","985.000","hPa","0.861","-0.02056","0.00035","-0.00011","0","14.7","Humid","28.35","0","65.20","249812.28","SABD0002000014","AAV2.0.0.13","4.0.0.2353","PSt7-10","000000-000","8/7/2024 3:37:09 PM","0000-00","0","no battery","V","215852","µV","96196","µV"
"08/11/2024","11:30:21","2","default","203499907","Sensor2","14.525","min","243.310","μmol/L","Humid","22.197","deg","92426","µV","18.693","°C","985.000","hPa","35.0","pmil","0","51.462","deg","22.621","°C","100.000","%a.s.","22.257","deg","22.682","°C","985.000","hPa","0.861","-0.02056","0.00035","-0.00011","0","14.7","Humid","28.35","0","65.20","249807.06","SABD0002000014","AAV2.0.0.13","4.0.0.2353","PSt7-10","000000-000","8/7/2024 3:37:09 PM","0000-00","0","no battery","V","215852","µV","96196","µV"
"08/11/2024","11:30:22","2","default","203499907","Sensor2","14.542","min","243.310","μmol/L","Humid","22.197","deg","92429","µV","18.693","°C","985.000","hPa","35.0","pmil","0","51.462","deg","22.621","°C","100.000","%a.s.","22.257","deg","22.682","°C","985.000","hPa","0.861","-0.02056","0.00035","-0.00011","0","14.7","Humid","28.35","0","65.20","249820.72","SABD0002000014","AAV2.0.0.13","4.0.0.2353","PSt7-10","000000-000","8/7/2024 3:37:09 PM","0000-00","0","no battery","V","215852","µV","96196","µV"
"08/11/2024","11:30:23","2","default","203499907","Sensor2","14.558","min","243.266","μmol/L","Humid","22.199","deg","92433","µV","18.693","°C","985.000","hPa","35.0","pmil","0","51.462","deg","22.621","°C","100.000","%a.s.","22.257","deg","22.682","°C","985.000","hPa","0.861","-0.02056","0.00035","-0.00011","0","14.7","Humid","28.35","0","65.20","249815.55","SABD0002000014","AAV2.0.0.13","4.0.0.2353","PSt7-10","000000-000","8/7/2024 3:37:09 PM","0000-00","0","no battery","V","215852","µV","96196","µV"
"08/11/2024","11:30:24","2","default","203499907","Sensor2","14.574","min","243.222","μmol/L","Humid","22.201","deg","92427","µV","18.693","°C","985.000","hPa","35.0","pmil","0","51.462","deg","22.621","°C","100.000","%a.s.","22.257","deg","22.682","°C","985.000","hPa","0.861","-0.02056","0.00035","-0.00011","0","14.7","Humid","28.35","0","65.20","249800.86","SABD0002000014","AAV2.0.0.13","4.0.0.2353","PSt7-10","000000-000","8/7/2024 3:37:09 PM","0000-00","0","no battery","V","215852","µV","96196","µV"
"08/11/2024","11:30:25","2","default","203499907","Sensor2","14.591","min","243.204","μmol/L","Humid","22.204","deg","92439","µV","18.687","°C","985.000","hPa","35.0","pmil","0","51.462","deg","22.621","°C","100.000","%a.s.","22.257","deg","22.682","°C","985.000","hPa","0.861","-0.02056","0.00035","-0.00011","0","14.7","Humid","28.35","0","65.20","249810.63","SABD0002000014","AAV2.0.0.13","4.0.0.2353","PSt7-10","000000-000","8/7/2024 3:37:09 PM","0000-00","0","no battery","V","215852","µV","96196","µV"
"08/11/2024","11:30:26","2","default","203499907","Sensor2","14.608","min","243.222","μmol/L","Humid","22.201","deg","92446","µV","18.693","°C","985.000","hPa","35.0","pmil","0","51.462","deg","22.621","°C","100.000","%a.s.","22.257","deg","22.682","°C","985.000","hPa","0.861","-0.02056","0.00035","-0.00011","0","14.7","Humid","28.35","0","65.20","249807.04","SABD0002000014","AAV2.0.0.13","4.0.0.2353","PSt7-10","000000-000","8/7/2024 3:37:09 PM","0000-00","0","no battery","V","215852","µV","96196","µV"
"08/11/2024","11:30:27","2","default","203499907","Sensor2","14.625","min","243.174","μmol/L","Humid","22.201","deg","92442","µV","18.699","°C","985.000","hPa","35.0","pmil","0","51.462","deg","22.621","°C","100.000","%a.s.","22.257","deg","22.682","°C","985.000","hPa","0.861","-0.02056","0.00035","-0.00011","0","14.7","Humid","28.35","0","65.20","249806.32","SABD0002000014","AAV2.0.0.13","4.0.0.2353","PSt7-10","000000-000","8/7/2024 3:37:09 PM","0000-00","0","no battery","V","215852","µV","96196","µV"
"08/11/2024","11:30:28","2","default","203499907","Sensor2","14.641","min","243.156","μmol/L","Humid","22.204","deg","92448","µV","18.693","°C","985.000","hPa","35.0","pmil","0","51.462","deg","22.621","°C","100.000","%a.s.","22.257","deg","22.682","°C","985.000","hPa","0.861","-0.02056","0.00035","-0.00011","0","14.7","Humid","28.35","0","65.20","249815.24","SABD0002000014","AAV2.0.0.13","4.0.0.2353","PSt7-10","000000-000","8/7/2024 3:37:09 PM","0000-00","0","no battery","V","215852","µV","96196","µV"
"08/11/2024","11:30:29","2","default","203499907","Sensor2","14.658","min","243.204","μmol/L","Humid","22.204","deg","92449","µV","18.687","°C","985.000","hPa","35.0","pmil","0","51.462","deg","22.621","°C","100.000","%a.s.","22.257","deg","22.682","°C","985.000","hPa","0.861","-0.02056","0.00035","-0.00011","0","14.7","Humid","28.35","0","65.20","249797.14","SABD0002000014","AAV2.0.0.13","4.0.0.2353","PSt7-10","000000-000","8/7/2024 3:37:09 PM","0000-00","0","no battery","V","215852","µV","96196","µV"
"08/11/2024","11:30:30","2","default","203499907","Sensor2","14.675","min","243.068","μmol/L","Humid","22.208","deg","92452","µV","18.693","°C","985.000","hPa","35.0","pmil","0","51.462","deg","22.621","°C","100.000","%a.s.","22.257","deg","22.682","°C","985.000","hPa","0.861","-0.02056","0.00035","-0.00011","0","14.7","Humid","28.35","0","65.20","249807.64","SABD0002000014","AAV2.0.0.13","4.0.0.2353","PSt7-10","000000-000","8/7/2024 3:37:09 PM","0000-00","0","no battery","V","215852","µV","96196","µV"
"08/11/2024","11:30:31","2","default","203499907","Sensor2","14.692","min","243.090","μmol/L","Humid","22.207","deg","92453","µV","18.693","°C","985.000","hPa","35.0","pmil","0","51.462","deg","22.621","°C","100.000","%a.s.","22.257","deg","22.682","°C","985.000","hPa","0.861","-0.02056","0.00035","-0.00011","0","14.7","Humid","28.35","0","65.20","249807.57","SABD0002000014","AAV2.0.0.13","4.0.0.2353","PSt7-10","000000-000","8/7/2024 3:37:09 PM","0000-00","0","no battery","V","215852","µV","96196","µV"
"08/11/2024","11:30:32","2","default","203499907","Sensor2","14.708","min","243.094","μmol/L","Humid","22.209","deg","92456","µV","18.687","°C","985.000","hPa","35.0","pmil","0","51.462","deg","22.621","°C","100.000","%a.s.","22.257","deg","22.682","°C","985.000","hPa","0.861","-0.02056","0.00035","-0.00011","0","14.7","Humid","28.35","0","65.20","249803.18","SABD0002000014","AAV2.0.0.13","4.0.0.2353","PSt7-10","000000-000","8/7/2024 3:37:09 PM","0000-00","0","no battery","V","215852","µV","96196","µV"
"08/11/2024","11:30:33","2","default","203499907","Sensor2","14.725","min","243.156","μmol/L","Humid","22.204","deg","92460","µV","18.693","°C","985.000","hPa","35.0","pmil","0","51.462","deg","22.621","°C","100.000","%a.s.","22.257","deg","22.682","°C","985.000","hPa","0.861","-0.02056","0.00035","-0.00011","0","14.7","Humid","28.35","0","65.20","249807.13","SABD0002000014","AAV2.0.0.13","4.0.0.2353","PSt7-10","000000-000","8/7/2024 3:37:09 PM","0000-00","0","no battery","V","215852","µV","96196","µV"
"08/11/2024","11:30:34","2","default","203499907","Sensor2","14.741","min","243.134","μmol/L","Humid","22.205","deg","92460","µV","18.693","°C","985.000","hPa","35.0","pmil","0","51.462","deg","22.621","°C","100.000","%a.s.","22.257","deg","22.682","°C","985.000","hPa","0.861","-0.02056","0.00035","-0.00011","0","14.7","Humid","28.35","0","65.20","249819.62","SABD0002000014","AAV2.0.0.13","4.0.0.2353","PSt7-10","000000-000","8/7/2024 3:37:09 PM","0000-00","0","no battery","V","215852","µV","96196","µV"
"08/11/2024","11:30:35","2","default","203499907","Sensor2","14.758","min","243.160","μmol/L","Humid","22.206","deg","92466","µV","18.687","°C","985.000","hPa","35.0","pmil","0","51.462","deg","22.621","°C","100.000","%a.s.","22.257","deg","22.682","°C","985.000","hPa","0.861","-0.02056","0.00035","-0.00011","0","14.7","Humid","28.35","0","65.20","249806.80","SABD0002000014","AAV2.0.0.13","4.0.0.2353","PSt7-10","000000-000","8/7/2024 3:37:09 PM","0000-00","0","no battery","V","215852","µV","96196","µV"
"08/11/2024","11:30:36","2","default","203499907","Sensor2","14.774","min","243.116","μmol/L","Humid","22.208","deg","92460","µV","18.687","°C","985.000","hPa","35.0","pmil","0","51.462","deg","22.621","°C","100.000","%a.s.","22.257","deg","22.682","°C","985.000","hPa","0.861","-0.02056","0.00035","-0.00011","0","14.7","Humid","28.35","0","65.20","249805.53","SABD0002000014","AAV2.0.0.13","4.0.0.2353","PSt7-10","000000-000","8/7/2024 3:37:09 PM","0000-00","0","no battery","V","215852","µV","96196","µV"
"08/11/2024","11:30:37","2","default","203499907","Sensor2","14.791","min","243.072","μmol/L","Humid","22.210","deg","92464","µV","18.687","°C","985.000","hPa","35.0","pmil","0","51.462","deg","22.621","°C","100.000","%a.s.","22.257","deg","22.682","°C","985.000","hPa","0.861","-0.02056","0.00035","-0.00011","0","14.7","Humid","28.35","0","65.20","249818.92","SABD0002000014","AAV2.0.0.13","4.0.0.2353","PSt7-10","000000-000","8/7/2024 3:37:09 PM","0000-00","0","no battery","V","215852","µV","96196","µV"
"08/11/2024","11:30:38","2","default","203499907","Sensor2","14.808","min","243.068","μmol/L","Humid","22.208","deg","92462","µV","18.693","°C","985.000","hPa","35.0","pmil","0","51.462","deg","22.621","°C","100.000","%a.s.","22.257","deg","22.682","°C","985.000","hPa","0.861","-0.02056","0.00035","-0.00011","0","14.7","Humid","28.35","0","65.20","249805.99","SABD0002000014","AAV2.0.0.13","4.0.0.2353","PSt7-10","000000-000","8/7/2024 3:37:09 PM","0000-00","0","no battery","V","215852","µV","96196","µV"
"08/11/2024","11:30:39","2","default","203499907","Sensor2","14.825","min","243.134","μmol/L","Humid","22.205","deg","92465","µV","18.693","°C","985.000","hPa","35.0","pmil","0","51.462","deg","22.621","°C","100.000","%a.s.","22.257","deg","22.682","°C","985.000","hPa","0.861","-0.02056","0.00035","-0.00011","0","14.7","Humid","28.35","0","65.20","249809.24","SABD0002000014","AAV2.0.0.13","4.0.0.2353","PSt7-10","000000-000","8/7/2024 3:37:09 PM","0000-00","0","no battery","V","215852","µV","96196","µV"
"08/11/2024","11:30:40","2","default","203499907","Sensor2","14.841","min","243.024","μmol/L","Humid","22.210","deg","92469","µV","18.693","°C","985.000","hPa","35.0","pmil","0","51.462","deg","22.621","°C","100.000","%a.s.","22.257","deg","22.682","°C","985.000","hPa","0.861","-0.02056","0.00035","-0.00011","0","14.7","Humid","28.35","0","65.20","249798.85","SABD0002000014","AAV2.0.0.13","4.0.0.2353","PSt7-10","000000-000","8/7/2024 3:37:09 PM","0000-00","0","no battery","V","215852","µV","96196","µV"
"08/11/2024","11:30:41","2","default","203499907","Sensor2","14.858","min","242.932","μmol/L","Humid","22.212","deg","92470","µV","18.699","°C","985.000","hPa","35.0","pmil","0","51.462","deg","22.621","°C","100.000","%a.s.","22.257","deg","22.682","°C","985.000","hPa","0.861","-0.02056","0.00035","-0.00011","0","14.7","Humid","28.35","0","65.20","249794.16","SABD0002000014","AAV2.0.0.13","4.0.0.2353","PSt7-10","000000-000","8/7/2024 3:37:09 PM","0000-00","0","no battery","V","215852","µV","96196","µV"
"08/11/2024","11:30:42","2","default","203499907","Sensor2","14.875","min","243.160","μmol/L","Humid","22.206","deg","92479","µV","18.687","°C","985.000","hPa","35.0","pmil","0","51.462","deg","22.621","°C","100.000","%a.s.","22.257","deg","22.682","°C","985.000","hPa","0.861","-0.02056","0.00035","-0.00011","0","14.7","Humid","28.35","0","65.20","249796.17","SABD0002000014","AAV2.0.0.13","4.0.0.2353","PSt7-10","000000-000","8/7/2024 3:37:09 PM","0000-00","0","no battery","V","215852","µV","96196","µV"
"08/11/2024","11:30:43","2","default","203499907","Sensor2","14.891","min","243.050","μmol/L","Humid","22.211","deg","92466","µV","18.687","°C","985.000","hPa","35.0","pmil","0","51.462","deg","22.621","°C","100.000","%a.s.","22.257","deg","22.682","°C","985.000","hPa","0.861","-0.02056","0.00035","-0.00011","0","14.7","Humid","28.35","0","65.20","249794.42","SABD0002000014","AAV2.0.0.13","4.0.0.2353","PSt7-10","000000-000","8/7/2024 3:37:09 PM","0000-00","0","no battery","V","215852","µV","96196","µV"
"08/11/2024","11:30:44","2","default","203499907","Sensor2","14.908","min","243.002","μmol/L","Humid","22.211","deg","92473","µV","18.693","°C","985.000","hPa","35.0","pmil","0","51.462","deg","22.621","°C","100.000","%a.s.","22.257","deg","22.682","°C","985.000","hPa","0.861","-0.02056","0.00035","-0.00011","0","14.7","Humid","28.35","0","65.20","249797.55","SABD0002000014","AAV2.0.0.13","4.0.0.2353","PSt7-10","000000-000","8/7/2024 3:37:09 PM","0000-00","0","no battery","V","215852","µV","96196","µV"
"08/11/2024","11:30:45","2","default","203499907","Sensor2","14.925","min","243.006","μmol/L","Humid","22.213","deg","92466","µV","18.687","°C","985.000","hPa","35.0","pmil","0","51.462","deg","22.621","°C","100.000","%a.s.","22.257","deg","22.682","°C","985.000","hPa","0.861","-0.02056","0.00035","-0.00011","0","14.7","Humid","28.35","0","65.20","249786.01","SABD0002000014","AAV2.0.0.13","4.0.0.2353","PSt7-10","000000-000","8/7/2024 3:37:09 PM","0000-00","0","no battery","V","215852","µV","96196","µV"
"08/11/2024","11:30:46","2","default","203499907","Sensor2","14.942","min","242.936","μmol/L","Humid","22.214","deg","92470","µV","18.693","°C","985.000","hPa","35.0","pmil","0","51.462","deg","22.621","°C","100.000","%a.s.","22.257","deg","22.682","°C","985.000","hPa","0.861","-0.02056","0.00035","-0.00011","0","14.7","Humid","28.35","0","65.20","249789.05","SABD0002000014","AAV2.0.0.13","4.0.0.2353","PSt7-10","000000-000","8/7/2024 3:37:09 PM","0000-00","0","no battery","V","215852","µV","96196","µV"
"08/11/2024","11:30:47","2","default","203499907","Sensor2","14.958","min","242.980","μmol/L","Humid","22.212","deg","92476","µV","18.693","°C","985.000","hPa","35.0","pmil","0","51.462","deg","22.621","°C","100.000","%a.s.","22.257","deg","22.682","°C","985.000","hPa","0.861","-0.02056","0.00035","-0.00011","0","14.7","Humid","28.35","0","65.20","249785.03","SABD0002000014","AAV2.0.0.13","4.0.0.2353","PSt7-10","000000-000","8/7/2024 3:37:09 PM","0000-00","0","no battery","V","215852","µV","96196","µV"
"08/11/2024","11:30:48","2","default","203499907","Sensor2","14.975","min","243.028","μmol/L","Humid","22.212","deg","92482","µV","18.687","°C","985.000","hPa","35.0","pmil","0","51.462","deg","22.621","°C","100.000","%a.s.","22.257","deg","22.682","°C","985.000","hPa","0.861","-0.02056","0.00035","-0.00011","0","14.7","Humid","28.35","0","65.20","249786.14","SABD0002000014","AAV2.0.0.13","4.0.0.2353","PSt7-10","000000-000","8/7/2024 3:37:09 PM","0000-00","0","no battery","V","215852","µV","96196","µV"
"08/11/2024","11:30:49","2","default","203499907","Sensor2","14.991","min","242.932","μmol/L","Humid","22.212","deg","92473","µV","18.699","°C","985.000","hPa","35.0","pmil","0","51.462","deg","22.621","°C","100.000","%a.s.","22.257","deg","22.682","°C","985.000","hPa","0.861","-0.02056","0.00035","-0.00011","0","14.7","Humid","28.35","0","65.20","249797.11","SABD0002000014","AAV2.0.0.13","4.0.0.2353","PSt7-10","000000-000","8/7/2024 3:37:09 PM","0000-00","0","no battery","V","215852","µV","96196","µV"
"08/11/2024","11:30:50","2","default","203499907","Sensor2","15.008","min","242.984","μmol/L","Humid","22.214","deg","92488","µV","18.687","°C","985.000","hPa","35.0","pmil","0","51.462","deg","22.621","°C","100.000","%a.s.","22.257","deg","22.682","°C","985.000","hPa","0.861","-0.02056","0.00035","-0.00011","0","14.7","Humid","28.35","0","65.20","249799.25","SABD0002000014","AAV2.0.0.13","4.0.0.2353","PSt7-10","000000-000","8/7/2024 3:37:09 PM","0000-00","0","no battery","V","215852","µV","96196","µV"
"08/11/2024","11:30:51","2","default","203499907","Sensor2","15.024","min","242.958","μmol/L","Humid","22.213","deg","92485","µV","18.693","°C","985.000","hPa","35.0","pmil","0","51.462","deg","22.621","°C","100.000","%a.s.","22.257","deg","22.682","°C","985.000","hPa","0.861","-0.02056","0.00035","-0.00011","0","14.7","Humid","28.35","0","65.20","249790.93","SABD0002000014","AAV2.0.0.13","4.0.0.2353","PSt7-10","000000-000","8/7/2024 3:37:09 PM","0000-00","0","no battery","V","215852","µV","96196","µV"
"08/11/2024","11:30:52","2","default","203499907","Sensor2","15.041","min","242.870","μmol/L","Humid","22.217","deg","92489","µV","18.693","°C","985.000","hPa","35.0","pmil","0","51.462","deg","22.621","°C","100.000","%a.s.","22.257","deg","22.682","°C","985.000","hPa","0.861","-0.02056","0.00035","-0.00011","0","14.7","Humid","28.35","0","65.20","249794.87","SABD0002000014","AAV2.0.0.13","4.0.0.2353","PSt7-10","000000-000","8/7/2024 3:37:09 PM","0000-00","0","no battery","V","215852","µV","96196","µV"
"08/11/2024","11:30:53","2","default","203499907","Sensor2","15.058","min","242.874","μmol/L","Humid","22.219","deg","92496","µV","18.687","°C","985.000","hPa","35.0","pmil","0","51.462","deg","22.621","°C","100.000","%a.s.","22.257","deg","22.682","°C","985.000","hPa","0.861","-0.02056","0.00035","-0.00011","0","14.7","Humid","28.35","0","65.20","249804.47","SABD0002000014","AAV2.0.0.13","4.0.0.2353","PSt7-10","000000-000","8/7/2024 3:37:09 PM","0000-00","0","no battery","V","215852","µV","96196","µV"
"08/11/2024","11:30:54","2","default","203499907","Sensor2","15.075","min","242.822","μmol/L","Humid","22.217","deg","92496","µV","18.699","°C","985.000","hPa","35.0","pmil","0","51.462","deg","22.621","°C","100.000","%a.s.","22.257","deg","22.682","°C","985.000","hPa","0.861","-0.02056","0.00035","-0.00011","0","14.7","Humid","28.35","0","65.20","249800.45","SABD0002000014","AAV2.0.0.13","4.0.0.2353","PSt7-10","000000-000","8/7/2024 3:37:09 PM","0000-00","0","no battery","V","215852","µV","96196","µV"
"08/11/2024","11:30:55","2","default","203499907","Sensor2","15.091","min","242.826","μmol/L","Humid","22.219","deg","92492","µV","18.693","°C","985.000","hPa","35.0","pmil","0","51.462","deg","22.621","°C","100.000","%a.s.","22.257","deg","22.682","°C","985.000","hPa","0.861","-0.02056","0.00035","-0.00011","0","14.7","Humid","28.35","0","65.20","249795.75","SABD0002000014","AAV2.0.0.13","4.0.0.2353","PSt7-10","000000-000","8/7/2024 3:37:09 PM","0000-00","0","no battery","V","215852","µV","96196","µV"
"08/11/2024","11:30:56","2","default","203499907","Sensor2","15.108","min","242.892","μmol/L","Humid","22.216","deg","92500","µV","18.693","°C","985.000","hPa","35.0","pmil","0","51.462","deg","22.621","°C","100.000","%a.s.","22.257","deg","22.682","°C","985.000","hPa","0.861","-0.02056","0.00035","-0.00011","0","14.7","Humid","28.35","0","65.20","249790.51","SABD0002000014","AAV2.0.0.13","4.0.0.2353","PSt7-10","000000-000","8/7/2024 3:37:09 PM","0000-00","0","no battery","V","215852","µV","96196","µV"
"08/11/2024","11:30:57","2","default","203499907","Sensor2","15.125","min","242.874","μmol/L","Humid","22.219","deg","92506","µV","18.687","°C","985.000","hPa","35.0","pmil","0","51.462","deg","22.621","°C","100.000","%a.s.","22.257","deg","22.682","°C","985.000","hPa","0.861","-0.02056","0.00035","-0.00011","0","14.7","Humid","28.35","0","65.20","249801.31","SABD0002000014","AAV2.0.0.13","4.0.0.2353","PSt7-10","000000-000","8/7/2024 3:37:09 PM","0000-00","0","no battery","V","215852","µV","96196","µV"
"08/11/2024","11:30:58","2","default","203499907","Sensor2","15.142","min","242.852","μmol/L","Humid","22.220","deg","92509","µV","18.687","°C","985.000","hPa","35.0","pmil","0","51.462","deg","22.621","°C","100.000","%a.s.","22.257","deg","22.682","°C","985.000","hPa","0.861","-0.02056","0.00035","-0.00011","0","14.7","Humid","28.35","0","65.20","249799.91","SABD0002000014","AAV2.0.0.13","4.0.0.2353","PSt7-10","000000-000","8/7/2024 3:37:09 PM","0000-00","0","no battery","V","215852","µV","96196","µV"
"08/11/2024","11:30:59","2","default","203499907","Sensor2","15.158","min","242.874","μmol/L","Humid","22.219","deg","92512","µV","18.687","°C","985.000","hPa","35.0","pmil","0","51.462","deg","22.621","°C","100.000","%a.s.","22.257","deg","22.682","°C","985.000","hPa","0.861","-0.02056","0.00035","-0.00011","0","14.7","Humid","28.35","0","65.20","249790.86","SABD0002000014","AAV2.0.0.13","4.0.0.2353","PSt7-10","000000-000","8/7/2024 3:37:09 PM","0000-00","0","no battery","V","215852","µV","96196","µV"
"08/11/2024","11:31:00","2","default","203499907","Sensor2","15.175","min","242.826","μmol/L","Humid","22.219","deg","92514","µV","18.693","°C","985.000","hPa","35.0","pmil","0","51.462","deg","22.621","°C","100.000","%a.s.","22.257","deg","22.682","°C","985.000","hPa","0.861","-0.02056","0.00035","-0.00011","0","14.7","Humid","28.35","0","65.20","249798.85","SABD0002000014","AAV2.0.0.13","4.0.0.2353","PSt7-10","000000-000","8/7/2024 3:37:09 PM","0000-00","0","no battery","V","215852","µV","96196","µV"
"08/11/2024","11:31:01","2","default","203499907","Sensor2","15.192","min","242.782","μmol/L","Humid","22.221","deg","92505","µV","18.693","°C","985.000","hPa","35.0","pmil","0","51.462","deg","22.621","°C","100.000","%a.s.","22.257","deg","22.682","°C","985.000","hPa","0.861","-0.02056","0.00035","-0.00011","0","14.7","Humid","28.35","0","65.20","249793.11","SABD0002000014","AAV2.0.0.13","4.0.0.2353","PSt7-10","000000-000","8/7/2024 3:37:09 PM","0000-00","0","no battery","V","215852","µV","96196","µV"
"08/11/2024","11:31:02","2","default","203499907","Sensor2","15.208","min","242.676","μmol/L","Humid","22.228","deg","92516","µV","18.687","°C","985.000","hPa","35.0","pmil","0","51.462","deg","22.621","°C","100.000","%a.s.","22.257","deg","22.682","°C","985.000","hPa","0.861","-0.02056","0.00035","-0.00011","0","14.7","Humid","28.35","0","65.20","249784.85","SABD0002000014","AAV2.0.0.13","4.0.0.2353","PSt7-10","000000-000","8/7/2024 3:37:09 PM","0000-00","0","no battery","V","215852","µV","96196","µV"
"08/11/2024","11:31:03","2","default","203499907","Sensor2","15.224","min","242.716","μmol/L","Humid","22.224","deg","92515","µV","18.693","°C","985.000","hPa","35.0","pmil","0","51.462","deg","22.621","°C","100.000","%a.s.","22.257","deg","22.682","°C","985.000","hPa","0.861","-0.02056","0.00035","-0.00011","0","14.7","Humid","28.35","0","65.20","249788.40","SABD0002000014","AAV2.0.0.13","4.0.0.2353","PSt7-10","000000-000","8/7/2024 3:37:09 PM","0000-00","0","no battery","V","215852","µV","96196","µV"
"08/11/2024","11:31:04","2","default","203499907","Sensor2","15.241","min","242.694","μmol/L","Humid","22.225","deg","92520","µV","18.693","°C","985.000","hPa","35.0","pmil","0","51.462","deg","22.621","°C","100.000","%a.s.","22.257","deg","22.682","°C","985.000","hPa","0.861","-0.02056","0.00035","-0.00011","0","14.7","Humid","28.35","0","65.20","249783.95","SABD0002000014","AAV2.0.0.13","4.0.0.2353","PSt7-10","000000-000","8/7/2024 3:37:09 PM","0000-00","0","no battery","V","215852","µV","96196","µV"
"08/11/2024","11:31:05","2","default","203499907","Sensor2","15.258","min","242.690","μmol/L","Humid","22.223","deg","92520","µV","18.699","°C","985.000","hPa","35.0","pmil","0","51.462","deg","22.621","°C","100.000","%a.s.","22.257","deg","22.682","°C","985.000","hPa","0.861","-0.02056","0.00035","-0.00011","0","14.7","Humid","28.35","0","65.20","249789.52","SABD0002000014","AAV2.0.0.13","4.0.0.2353","PSt7-10","000000-000","8/7/2024 3:37:09 PM","0000-00","0","no battery","V","215852","µV","96196","µV"
"08/11/2024","11:31:06","2","default","203499907","Sensor2","15.274","min","242.720","μmol/L","Humid","22.226","deg","92523","µV","18.687","°C","985.000","hPa","35.0","pmil","0","51.462","deg","22.621","°C","100.000","%a.s.","22.257","deg","22.682","°C","985.000","hPa","0.861","-0.02056","0.00035","-0.00011","0","14.7","Humid","28.35","0","65.20","249791.42","SABD0002000014","AAV2.0.0.13","4.0.0.2353","PSt7-10","000000-000","8/7/2024 3:37:09 PM","0000-00","0","no battery","V","215852","µV","96196","µV"
"08/11/2024","11:31:07","2","default","203499907","Sensor2","15.291","min","242.690","μmol/L","Humid","22.223","deg","92521","µV","18.699","°C","985.000","hPa","35.0","pmil","0","51.462","deg","22.621","°C","100.000","%a.s.","22.257","deg","22.682","°C","985.000","hPa","0.861","-0.02056","0.00035","-0.00011","0","14.7","Humid","28.35","0","65.20","249796.20","SABD0002000014","AAV2.0.0.13","4.0.0.2353","PSt7-10","000000-000","8/7/2024 3:37:09 PM","0000-00","0","no battery","V","215852","µV","96196","µV"
"08/11/2024","11:31:08","2","default","203499907","Sensor2","15.308","min","242.672","μmol/L","Humid","22.226","deg","92533","µV","18.693","°C","985.000","hPa","35.0","pmil","0","51.462","deg","22.621","°C","100.000","%a.s.","22.257","deg","22.682","°C","985.000","hPa","0.861","-0.02056","0.00035","-0.00011","0","14.7","Humid","28.35","0","65.20","249783.14","SABD0002000014","AAV2.0.0.13","4.0.0.2353","PSt7-10","000000-000","8/7/2024 3:37:09 PM","0000-00","0","no battery","V","215852","µV","96196","µV"
"08/11/2024","11:31:09","2","default","203499907","Sensor2","15.325","min","242.676","μmol/L","Humid","22.228","deg","92534","µV","18.687","°C","985.000","hPa","35.0","pmil","0","51.462","deg","22.621","°C","100.000","%a.s.","22.257","deg","22.682","°C","985.000","hPa","0.861","-0.02056","0.00035","-0.00011","0","14.7","Humid","28.35","0","65.20","249785.43","SABD0002000014","AAV2.0.0.13","4.0.0.2353","PSt7-10","000000-000","8/7/2024 3:37:09 PM","0000-00","0","no battery","V","215852","µV","96196","µV"
"08/11/2024","11:31:10","2","default","203499907","Sensor2","15.341","min","242.764","μmol/L","Humid","22.224","deg","92528","µV","18.687","°C","985.000","hPa","35.0","pmil","0","51.462","deg","22.621","°C","100.000","%a.s.","22.257","deg","22.682","°C","985.000","hPa","0.861","-0.02056","0.00035","-0.00011","0","14.7","Humid","28.35","0","65.20","249772.12","SABD0002000014","AAV2.0.0.13","4.0.0.2353","PSt7-10","000000-000","8/7/2024 3:37:09 PM","0000-00","0","no battery","V","215852","µV","96196","µV"
"08/11/2024","11:31:11","2","default","203499907","Sensor2","15.358","min","242.668","μmol/L","Humid","22.224","deg","92528","µV","18.699","°C","985.000","hPa","35.0","pmil","0","51.462","deg","22.621","°C","100.000","%a.s.","22.257","deg","22.682","°C","985.000","hPa","0.861","-0.02056","0.00035","-0.00011","0","14.7","Humid","28.35","0","65.20","249766.47","SABD0002000014","AAV2.0.0.13","4.0.0.2353","PSt7-10","000000-000","8/7/2024 3:37:09 PM","0000-00","0","no battery","V","215852","µV","96196","µV"
"08/11/2024","11:31:12","2","default","203499907","Sensor2","15.375","min","242.676","μmol/L","Humid","22.228","deg","92540","µV","18.687","°C","985.000","hPa","35.0","pmil","0","51.462","deg","22.621","°C","100.000","%a.s.","22.257","deg","22.682","°C","985.000","hPa","0.861","-0.02056","0.00035","-0.00011","0","14.7","Humid","28.35","0","65.20","249780.92","SABD0002000014","AAV2.0.0.13","4.0.0.2353","PSt7-10","000000-000","8/7/2024 3:37:09 PM","0000-00","0","no battery","V","215852","µV","96196","µV"
"08/11/2024","11:31:13","2","default","203499907","Sensor2","15.392","min","242.606","μmol/L","Humid","22.229","deg","92537","µV","18.693","°C","985.000","hPa","35.0","pmil","0","51.462","deg","22.621","°C","100.000","%a.s.","22.257","deg","22.682","°C","985.000","hPa","0.861","-0.02056","0.00035","-0.00011","0","14.7","Humid","28.35","0","65.20","249774.78","SABD0002000014","AAV2.0.0.13","4.0.0.2353","PSt7-10","000000-000","8/7/2024 3:37:09 PM","0000-00","0","no battery","V","215852","µV","96196","µV"
"08/11/2024","11:31:14","2","default","203499907","Sensor2","15.408","min","242.584","μmol/L","Humid","22.230","deg","92537","µV","18.693","°C","985.000","hPa","35.0","pmil","0","51.462","deg","22.621","°C","100.000","%a.s.","22.257","deg","22.682","°C","985.000","hPa","0.861","-0.02056","0.00035","-0.00011","0","14.7","Humid","28.35","0","65.20","249782.56","SABD0002000014","AAV2.0.0.13","4.0.0.2353","PSt7-10","000000-000","8/7/2024 3:37:09 PM","0000-00","0","no battery","V","215852","µV","96196","µV"
"08/11/2024","11:31:15","2","default","203499907","Sensor2","15.425","min","242.588","μmol/L","Humid","22.232","deg","92542","µV","18.687","°C","985.000","hPa","35.0","pmil","0","51.462","deg","22.621","°C","100.000","%a.s.","22.257","deg","22.682","°C","985.000","hPa","0.861","-0.02056","0.00035","-0.00011","0","14.7","Humid","28.35","0","65.20","249771.11","SABD0002000014","AAV2.0.0.13","4.0.0.2353","PSt7-10","000000-000","8/7/2024 3:37:09 PM","0000-00","0","no battery","V","215852","µV","96196","µV"
"08/11/2024","11:31:16","2","default","203499907","Sensor2","15.441","min","242.676","μmol/L","Humid","22.228","deg","92542","µV","18.687","°C","985.000","hPa","35.0","pmil","0","51.462","deg","22.621","°C","100.000","%a.s.","22.257","deg","22.682","°C","985.000","hPa","0.861","-0.02056","0.00035","-0.00011","0","14.7","Humid","28.35","0","65.20","249775.46","SABD0002000014","AAV2.0.0.13","4.0.0.2353","PSt7-10","000000-000","8/7/2024 3:37:09 PM","0000-00","0","no battery","V","215852","µV","96196","µV"
"08/11/2024","11:31:17","2","default","203499907","Sensor2","15.458","min","242.471","μmol/L","Humid","22.233","deg","92544","µV","18.699","°C","985.000","hPa","35.0","pmil","0","51.462","deg","22.621","°C","100.000","%a.s.","22.257","deg","22.682","°C","985.000","hPa","0.861","-0.02056","0.00035","-0.00011","0","14.7","Humid","28.35","0","65.20","249778.02","SABD0002000014","AAV2.0.0.13","4.0.0.2353","PSt7-10","000000-000","8/7/2024 3:37:09 PM","0000-00","0","no battery","V","215852","µV","96196","µV"
"08/11/2024","11:31:18","2","default","203499907","Sensor2","15.474","min","242.562","μmol/L","Humid","22.231","deg","92548","µV","18.693","°C","985.000","hPa","35.0","pmil","0","51.462","deg","22.621","°C","100.000","%a.s.","22.257","deg","22.682","°C","985.000","hPa","0.861","-0.02056","0.00035","-0.00011","0","14.7","Humid","28.35","0","65.20","249762.17","SABD0002000014","AAV2.0.0.13","4.0.0.2353","PSt7-10","000000-000","8/7/2024 3:37:09 PM","0000-00","0","no battery","V","215852","µV","96196","µV"
"08/11/2024","11:31:19","2","default","203499907","Sensor2","15.491","min","242.606","μmol/L","Humid","22.229","deg","92544","µV","18.693","°C","985.000","hPa","35.0","pmil","0","51.462","deg","22.621","°C","100.000","%a.s.","22.257","deg","22.682","°C","985.000","hPa","0.861","-0.02056","0.00035","-0.00011","0","14.7","Humid","28.35","0","65.20","249784.86","SABD0002000014","AAV2.0.0.13","4.0.0.2353","PSt7-10","000000-000","8/7/2024 3:37:09 PM","0000-00","0","no battery","V","215852","µV","96196","µV"
"08/11/2024","11:31:20","2","default","203499907","Sensor2","15.508","min","242.588","μmol/L","Humid","22.232","deg","92553","µV","18.687","°C","985.000","hPa","35.0","pmil","0","51.462","deg","22.621","°C","100.000","%a.s.","22.257","deg","22.682","°C","985.000","hPa","0.861","-0.02056","0.00035","-0.00011","0","14.7","Humid","28.35","0","65.20","249785.28","SABD0002000014","AAV2.0.0.13","4.0.0.2353","PSt7-10","000000-000","8/7/2024 3:37:09 PM","0000-00","0","no battery","V","215852","µV","96196","µV"
"08/11/2024","11:31:21","2","default","203499907","Sensor2","15.525","min","242.544","μmol/L","Humid","22.234","deg","92552","µV","18.687","°C","985.000","hPa","35.0","pmil","0","51.462","deg","22.621","°C","100.000","%a.s.","22.257","deg","22.682","°C","985.000","hPa","0.861","-0.02056","0.00035","-0.00011","0","14.7","Humid","28.35","0","65.20","249775.90","SABD0002000014","AAV2.0.0.13","4.0.0.2353","PSt7-10","000000-000","8/7/2024 3:37:09 PM","0000-00","0","no battery","V","215852","µV","96196","µV"
"08/11/2024","11:31:22","2","default","203499907","Sensor2","15.542","min","242.453","μmol/L","Humid","22.236","deg","92557","µV","18.693","°C","985.000","hPa","35.0","pmil","0","51.462","deg","22.621","°C","100.000","%a.s.","22.257","deg","22.682","°C","985.000","hPa","0.861","-0.02056","0.00035","-0.00011","0","14.7","Humid","28.35","0","65.20","249780.42","SABD0002000014","AAV2.0.0.13","4.0.0.2353","PSt7-10","000000-000","8/7/2024 3:37:09 PM","0000-00","0","no battery","V","215852","µV","96196","µV"
"08/11/2024","11:31:23","2","default","203499907","Sensor2","15.558","min","242.610","μmol/L","Humid","22.231","deg","92556","µV","18.687","°C","985.000","hPa","35.0","pmil","0","51.462","deg","22.621","°C","100.000","%a.s.","22.257","deg","22.682","°C","985.000","hPa","0.861","-0.02056","0.00035","-0.00011","0","14.7","Humid","28.35","0","65.20","249778.24","SABD0002000014","AAV2.0.0.13","4.0.0.2353","PSt7-10","000000-000","8/7/2024 3:37:09 PM","0000-00","0","no battery","V","215852","µV","96196","µV"
"08/11/2024","11:31:24","2","default","203499907","Sensor2","15.575","min","242.544","μmol/L","Humid","22.234","deg","92562","µV","18.687","°C","985.000","hPa","35.0","pmil","0","51.462","deg","22.621","°C","100.000","%a.s.","22.257","deg","22.682","°C","985.000","hPa","0.861","-0.02056","0.00035","-0.00011","0","14.7","Humid","28.35","0","65.20","249787.93","SABD0002000014","AAV2.0.0.13","4.0.0.2353","PSt7-10","000000-000","8/7/2024 3:37:09 PM","0000-00","0","no battery","V","215852","µV","96196","µV"
"08/11/2024","11:31:25","2","default","203499907","Sensor2","15.591","min","242.518","μmol/L","Humid","22.233","deg","92557","µV","18.693","°C","985.000","hPa","35.0","pmil","0","51.462","deg","22.621","°C","100.000","%a.s.","22.257","deg","22.682","°C","985.000","hPa","0.861","-0.02056","0.00035","-0.00011","0","14.7","Humid","28.35","0","65.20","249783.87","SABD0002000014","AAV2.0.0.13","4.0.0.2353","PSt7-10","000000-000","8/7/2024 3:37:09 PM","0000-00","0","no battery","V","215852","µV","96196","µV"
"08/11/2024","11:31:26","2","default","203499907","Sensor2","15.608","min","242.500","μmol/L","Humid","22.236","deg","92563","µV","18.687","°C","985.000","hPa","35.0","pmil","0","51.462","deg","22.621","°C","100.000","%a.s.","22.257","deg","22.682","°C","985.000","hPa","0.861","-0.02056","0.00035","-0.00011","0","14.7","Humid","28.35","0","65.20","249775.55","SABD0002000014","AAV2.0.0.13","4.0.0.2353","PSt7-10","000000-000","8/7/2024 3:37:09 PM","0000-00","0","no battery","V","215852","µV","96196","µV"
"08/11/2024","11:31:27","2","default","203499907","Sensor2","15.624","min","242.453","μmol/L","Humid","22.236","deg","92557","µV","18.693","°C","985.000","hPa","35.0","pmil","0","51.462","deg","22.621","°C","100.000","%a.s.","22.257","deg","22.682","°C","985.000","hPa","0.861","-0.02056","0.00035","-0.00011","0","14.7","Humid","28.35","0","65.20","249762.38","SABD0002000014","AAV2.0.0.13","4.0.0.2353","PSt7-10","000000-000","8/7/2024 3:37:09 PM","0000-00","0","no battery","V","215852","µV","96196","µV"
"08/11/2024","11:31:28","2","default","203499907","Sensor2","15.641","min","242.496","μmol/L","Humid","22.234","deg","92563","µV","18.693","°C","985.000","hPa","35.0","pmil","0","51.462","deg","22.621","°C","100.000","%a.s.","22.257","deg","22.682","°C","985.000","hPa","0.861","-0.02056","0.00035","-0.00011","0","14.7","Humid","28.35","0","65.20","249775.73","SABD0002000014","AAV2.0.0.13","4.0.0.2353","PSt7-10","000000-000","8/7/2024 3:37:09 PM","0000-00","0","no battery","V","215852","µV","96196","µV"
"08/11/2024","11:31:29","2","default","203499907","Sensor2","15.658","min","242.496","μmol/L","Humid","22.234","deg","92564","µV","18.693","°C","985.000","hPa","35.0","pmil","0","51.462","deg","22.621","°C","100.000","%a.s.","22.257","deg","22.682","°C","985.000","hPa","0.861","-0.02056","0.00035","-0.00011","0","14.7","Humid","28.35","0","65.20","249780.71","SABD0002000014","AAV2.0.0.13","4.0.0.2353","PSt7-10","000000-000","8/7/2024 3:37:09 PM","0000-00","0","no battery","V","215852","µV","96196","µV"
"08/11/2024","11:31:30","2","default","203499907","Sensor2","15.675","min","242.391","μmol/L","Humid","22.241","deg","92570","µV","18.687","°C","985.000","hPa","35.0","pmil","0","51.462","deg","22.621","°C","100.000","%a.s.","22.257","deg","22.682","°C","985.000","hPa","0.861","-0.02056","0.00035","-0.00011","0","14.7","Humid","28.35","0","65.20","249776.03","SABD0002000014","AAV2.0.0.13","4.0.0.2353","PSt7-10","000000-000","8/7/2024 3:37:09 PM","0000-00","0","no battery","V","215852","µV","96196","µV"
"08/11/2024","11:31:31","2","default","203499907","Sensor2","15.692","min","242.434","μmol/L","Humid","22.239","deg","92572","µV","18.687","°C","985.000","hPa","35.0","pmil","0","51.462","deg","22.621","°C","100.000","%a.s.","22.257","deg","22.682","°C","985.000","hPa","0.861","-0.02056","0.00035","-0.00011","0","14.7","Humid","28.35","0","65.20","249785.56","SABD0002000014","AAV2.0.0.13","4.0.0.2353","PSt7-10","000000-000","8/7/2024 3:37:09 PM","0000-00","0","no battery","V","215852","µV","96196","µV"
"08/11/2024","11:31:32","2","default","203499907","Sensor2","15.708","min","242.518","μmol/L","Humid","22.233","deg","92570","µV","18.693","°C","985.000","hPa","35.0","pmil","0","51.462","deg","22.621","°C","100.000","%a.s.","22.257","deg","22.682","°C","985.000","hPa","0.861","-0.02056","0.00035","-0.00011","0","14.7","Humid","28.35","0","65.20","249772.02","SABD0002000014","AAV2.0.0.13","4.0.0.2353","PSt7-10","000000-000","8/7/2024 3:37:09 PM","0000-00","0","no battery","V","215852","µV","96196","µV"
"08/11/2024","11:31:33","2","default","203499907","Sensor2","15.725","min","242.383","μmol/L","Humid","22.237","deg","92570","µV","18.699","°C","985.000","hPa","35.0","pmil","0","51.462","deg","22.621","°C","100.000","%a.s.","22.257","deg","22.682","°C","985.000","hPa","0.861","-0.02056","0.00035","-0.00011","0","14.7","Humid","28.35","0","65.20","249774.68","SABD0002000014","AAV2.0.0.13","4.0.0.2353","PSt7-10","000000-000","8/7/2024 3:37:09 PM","0000-00","0","no battery","V","215852","µV","96196","µV"
"08/11/2024","11:31:34","2","default","203499907","Sensor2","15.742","min","242.456","μmol/L","Humid","22.238","deg","92580","µV","18.687","°C","985.000","hPa","35.0","pmil","0","51.462","deg","22.621","°C","100.000","%a.s.","22.257","deg","22.682","°C","985.000","hPa","0.861","-0.02056","0.00035","-0.00011","0","14.7","Humid","28.35","0","65.20","249786.69","SABD0002000014","AAV2.0.0.13","4.0.0.2353","PSt7-10","000000-000","8/7/2024 3:37:09 PM","0000-00","0","no battery","V","215852","µV","96196","µV"
"08/11/2024","11:31:35","2","default","203499907","Sensor2","15.758","min","242.413","μmol/L","Humid","22.240","deg","92576","µV","18.687","°C","985.000","hPa","35.0","pmil","0","51.462","deg","22.621","°C","100.000","%a.s.","22.257","deg","22.682","°C","985.000","hPa","0.861","-0.02056","0.00035","-0.00011","0","14.7","Humid","28.35","0","65.20","249778.48","SABD0002000014","AAV2.0.0.13","4.0.0.2353","PSt7-10","000000-000","8/7/2024 3:37:09 PM","0000-00","0","no battery","V","215852","µV","96196","µV"
"08/11/2024","11:31:36","2","default","203499907","Sensor2","15.774","min","242.387","μmol/L","Humid","22.239","deg","92582","µV","18.693","°C","985.000","hPa","35.0","pmil","0","51.462","deg","22.621","°C","100.000","%a.s.","22.257","deg","22.682","°C","985.000","hPa","0.861","-0.02056","0.00035","-0.00011","0","14.7","Humid","28.35","0","65.20","249783.02","SABD0002000014","AAV2.0.0.13","4.0.0.2353","PSt7-10","000000-000","8/7/2024 3:37:09 PM","0000-00","0","no battery","V","215852","µV","96196","µV"
"08/11/2024","11:31:37","2","default","203499907","Sensor2","15.791","min","242.299","μmol/L","Humid","22.243","deg","92585","µV","18.693","°C","985.000","hPa","35.0","pmil","0","51.462","deg","22.621","°C","100.000","%a.s.","22.257","deg","22.682","°C","985.000","hPa","0.861","-0.02056","0.00035","-0.00011","0","14.7","Humid","28.35","0","65.20","249779.34","SABD0002000014","AAV2.0.0.13","4.0.0.2353","PSt7-10","000000-000","8/7/2024 3:37:09 PM","0000-00","0","no battery","V","215852","µV","96196","µV"
"08/11/2024","11:31:38","2","default","203499907","Sensor2","15.808","min","242.277","μmol/L","Humid","22.244","deg","92585","µV","18.693","°C","985.000","hPa","35.0","pmil","0","51.462","deg","22.621","°C","100.000","%a.s.","22.257","deg","22.682","°C","985.000","hPa","0.861","-0.02056","0.00035","-0.00011","0","14.7","Humid","28.35","0","65.20","249771.73","SABD0002000014","AAV2.0.0.13","4.0.0.2353","PSt7-10","000000-000","8/7/2024 3:37:09 PM","0000-00","0","no battery","V","215852","µV","96196","µV"
"08/11/2024","11:31:39","2","default","203499907","Sensor2","15.824","min","242.369","μmol/L","Humid","22.242","deg","92585","µV","18.687","°C","985.000","hPa","35.0","pmil","0","51.462","deg","22.621","°C","100.000","%a.s.","22.257","deg","22.682","°C","985.000","hPa","0.861","-0.02056","0.00035","-0.00011","0","14.7","Humid","28.35","0","65.20","249769.74","SABD0002000014","AAV2.0.0.13","4.0.0.2353","PSt7-10","000000-000","8/7/2024 3:37:09 PM","0000-00","0","no battery","V","215852","µV","96196","µV"
"08/11/2024","11:31:40","2","default","203499907","Sensor2","15.841","min","242.343","μmol/L","Humid","22.241","deg","92581","µV","18.693","°C","985.000","hPa","35.0","pmil","0","51.462","deg","22.621","°C","100.000","%a.s.","22.257","deg","22.682","°C","985.000","hPa","0.861","-0.02056","0.00035","-0.00011","0","14.7","Humid","28.35","0","65.20","249765.79","SABD0002000014","AAV2.0.0.13","4.0.0.2353","PSt7-10","000000-000","8/7/2024 3:37:09 PM","0000-00","0","no battery","V","215852","µV","96196","µV"
"08/11/2024","11:31:41","2","default","203499907","Sensor2","15.858","min","242.233","μmol/L","Humid","22.246","deg","92596","µV","18.693","°C","985.000","hPa","35.0","pmil","0","51.462","deg","22.621","°C","100.000","%a.s.","22.257","deg","22.682","°C","985.000","hPa","0.861","-0.02056","0.00035","-0.00011","0","14.7","Humid","28.35","0","65.20","249776.67","SABD0002000014","AAV2.0.0.13","4.0.0.2353","PSt7-10","000000-000","8/7/2024 3:37:09 PM","0000-00","0","no battery","V","215852","µV","96196","µV"
"08/11/2024","11:31:42","2","default","203499907","Sensor2","15.875","min","242.255","μmol/L","Humid","22.245","deg","92592","µV","18.693","°C","985.000","hPa","35.0","pmil","0","51.462","deg","22.621","°C","100.000","%a.s.","22.257","deg","22.682","°C","985.000","hPa","0.861","-0.02056","0.00035","-0.00011","0","14.7","Humid","28.35","0","65.20","249768.52","SABD0002000014","AAV2.0.0.13","4.0.0.2353","PSt7-10","000000-000","8/7/2024 3:37:09 PM","0000-00","0","no battery","V","215852","µV","96196","µV"
"08/11/2024","11:31:43","2","default","203499907","Sensor2","15.892","min","242.277","μmol/L","Humid","22.244","deg","92602","µV","18.693","°C","985.000","hPa","35.0","pmil","0","51.462","deg","22.621","°C","100.000","%a.s.","22.257","deg","22.682","°C","985.000","hPa","0.861","-0.02056","0.00035","-0.00011","0","14.7","Humid","28.35","0","65.20","249771.64","SABD0002000014","AAV2.0.0.13","4.0.0.2353","PSt7-10","000000-000","8/7/2024 3:37:09 PM","0000-00","0","no battery","V","215852","µV","96196","µV"
"08/11/2024","11:31:44","2","default","203499907","Sensor2","15.908","min","242.281","μmol/L","Humid","22.246","deg","92597","µV","18.687","°C","985.000","hPa","35.0","pmil","0","51.462","deg","22.621","°C","100.000","%a.s.","22.257","deg","22.682","°C","985.000","hPa","0.861","-0.02056","0.00035","-0.00011","0","14.7","Humid","28.35","0","65.20","249760.18","SABD0002000014","AAV2.0.0.13","4.0.0.2353","PSt7-10","000000-000","8/7/2024 3:37:09 PM","0000-00","0","no battery","V","215852","µV","96196","µV"
"08/11/2024","11:31:45","2","default","203499907","Sensor2","15.925","min","242.325","μmol/L","Humid","22.244","deg","92602","µV","18.687","°C","985.000","hPa","35.0","pmil","0","51.462","deg","22.621","°C","100.000","%a.s.","22.257","deg","22.682","°C","985.000","hPa","0.861","-0.02056","0.00035","-0.00011","0","14.7","Humid","28.35","0","65.20","249767.80","SABD0002000014","AAV2.0.0.13","4.0.0.2353","PSt7-10","000000-000","8/7/2024 3:37:09 PM","0000-00","0","no battery","V","215852","µV","96196","µV"
"08/11/2024","11:31:46","2","default","203499907","Sensor2","15.941","min","242.168","μmol/L","Humid","22.249","deg","92608","µV","18.693","°C","985.000","hPa","35.0","pmil","0","51.462","deg","22.621","°C","100.000","%a.s.","22.257","deg","22.682","°C","985.000","hPa","0.861","-0.02056","0.00035","-0.00011","0","14.7","Humid","28.35","0","65.20","249767.35","SABD0002000014","AAV2.0.0.13","4.0.0.2353","PSt7-10","000000-000","8/7/2024 3:37:09 PM","0000-00","0","no battery","V","215852","µV","96196","µV"
"08/11/2024","11:31:47","2","default","203499907","Sensor2","15.958","min","242.168","μmol/L","Humid","22.249","deg","92607","µV","18.693","°C","985.000","hPa","35.0","pmil","0","51.462","deg","22.621","°C","100.000","%a.s.","22.257","deg","22.682","°C","985.000","hPa","0.861","-0.02056","0.00035","-0.00011","0","14.7","Humid","28.35","0","65.20","249779.67","SABD0002000014","AAV2.0.0.13","4.0.0.2353","PSt7-10","000000-000","8/7/2024 3:37:09 PM","0000-00","0","no battery","V","215852","µV","96196","µV"
"08/11/2024","11:31:48","2","default","203499907","Sensor2","15.974","min","242.193","μmol/L","Humid","22.250","deg","92603","µV","18.687","°C","985.000","hPa","35.0","pmil","0","51.462","deg","22.621","°C","100.000","%a.s.","22.257","deg","22.682","°C","985.000","hPa","0.861","-0.02056","0.00035","-0.00011","0","14.7","Humid","28.35","0","65.20","249759.80","SABD0002000014","AAV2.0.0.13","4.0.0.2353","PSt7-10","000000-000","8/7/2024 3:37:09 PM","0000-00","0","no battery","V","215852","µV","96196","µV"
"08/11/2024","11:31:49","2","default","203499907","Sensor2","15.991","min","242.215","μmol/L","Humid","22.249","deg","92606","µV","18.687","°C","985.000","hPa","35.0","pmil","0","51.462","deg","22.621","°C","100.000","%a.s.","22.257","deg","22.682","°C","985.000","hPa","0.861","-0.02056","0.00035","-0.00011","0","14.7","Humid","28.35","0","65.20","249758.82","SABD0002000014","AAV2.0.0.13","4.0.0.2353","PSt7-10","000000-000","8/7/2024 3:37:09 PM","0000-00","0","no battery","V","215852","µV","96196","µV"
"08/11/2024","11:31:50","2","default","203499907","Sensor2","16.008","min","242.193","μmol/L","Humid","22.250","deg","92612","µV","18.687","°C","985.000","hPa","35.0","pmil","0","51.462","deg","22.621","°C","100.000","%a.s.","22.257","deg","22.682","°C","985.000","hPa","0.861","-0.02056","0.00035","-0.00011","0","14.7","Humid","28.35","0","65.20","249766.27","SABD0002000014","AAV2.0.0.13","4.0.0.2353","PSt7-10","000000-000","8/7/2024 3:37:09 PM","0000-00","0","no battery","V","215852","µV","96196","µV"
"08/11/2024","11:31:51","2","default","203499907","Sensor2","16.025","min","242.241","μmol/L","Humid","22.250","deg","92616","µV","18.681","°C","985.000","hPa","35.0","pmil","0","51.462","deg","22.621","°C","100.000","%a.s.","22.257","deg","22.682","°C","985.000","hPa","0.861","-0.02056","0.00035","-0.00011","0","14.7","Humid","28.35","0","65.20","249765.17","SABD0002000014","AAV2.0.0.13","4.0.0.2353","PSt7-10","000000-000","8/7/2024 3:37:09 PM","0000-00","0","no battery","V","215852","µV","96196","µV"
"08/11/2024","11:31:52","2","default","203499907","Sensor2","16.041","min","242.189","μmol/L","Humid","22.248","deg","92609","µV","18.693","°C","985.000","hPa","35.0","pmil","0","51.462","deg","22.621","°C","100.000","%a.s.","22.257","deg","22.682","°C","985.000","hPa","0.861","-0.02056","0.00035","-0.00011","0","14.7","Humid","28.35","0","65.20","249756.57","SABD0002000014","AAV2.0.0.13","4.0.0.2353","PSt7-10","000000-000","8/7/2024 3:37:09 PM","0000-00","0","no battery","V","215852","µV","96196","µV"
"08/11/2024","11:31:53","2","default","203499907","Sensor2","16.058","min","242.193","μmol/L","Humid","22.250","deg","92616","µV","18.687","°C","985.000","hPa","35.0","pmil","0","51.462","deg","22.621","°C","100.000","%a.s.","22.257","deg","22.682","°C","985.000","hPa","0.861","-0.02056","0.00035","-0.00011","0","14.7","Humid","28.35","0","65.20","249767.72","SABD0002000014","AAV2.0.0.13","4.0.0.2353","PSt7-10","000000-000","8/7/2024 3:37:09 PM","0000-00","0","no battery","V","215852","µV","96196","µV"
"08/11/2024","11:31:54","2","default","203499907","Sensor2","16.075","min","242.036","μmol/L","Humid","22.255","deg","92622","µV","18.693","°C","985.000","hPa","35.0","pmil","0","51.462","deg","22.621","°C","100.000","%a.s.","22.257","deg","22.682","°C","985.000","hPa","0.861","-0.02056","0.00035","-0.00011","0","14.7","Humid","28.35","0","65.20","249763.87","SABD0002000014","AAV2.0.0.13","4.0.0.2353","PSt7-10","000000-000","8/7/2024 3:37:09 PM","0000-00","0","no battery","V","215852","µV","96196","µV"
"08/11/2024","11:31:55","2","default","203499907","Sensor2","16.092","min","242.036","μmol/L","Humid","22.255","deg","92625","µV","18.693","°C","985.000","hPa","35.0","pmil","0","51.462","deg","22.621","°C","100.000","%a.s.","22.257","deg","22.682","°C","985.000","hPa","0.861","-0.02056","0.00035","-0.00011","0","14.7","Humid","28.35","0","65.20","249764.03","SABD0002000014","AAV2.0.0.13","4.0.0.2353","PSt7-10","000000-000","8/7/2024 3:37:09 PM","0000-00","0","no battery","V","215852","µV","96196","µV"
"08/11/2024","11:31:56","2","default","203499907","Sensor2","16.108","min","242.149","μmol/L","Humid","22.252","deg","92624","µV","18.687","°C","985.000","hPa","35.0","pmil","0","51.462","deg","22.621","°C","100.000","%a.s.","22.257","deg","22.682","°C","985.000","hPa","0.861","-0.02056","0.00035","-0.00011","0","14.7","Humid","28.35","0","65.20","249756.99","SABD0002000014","AAV2.0.0.13","4.0.0.2353","PSt7-10","000000-000","8/7/2024 3:37:09 PM","0000-00","0","no battery","V","215852","µV","96196","µV"
"08/11/2024","11:31:57","2","default","203499907","Sensor2","16.125","min","242.131","μmol/L","Humid","22.255","deg","92629","µV","18.681","°C","985.000","hPa","35.0","pmil","0","51.462","deg","22.621","°C","100.000","%a.s.","22.257","deg","22.682","°C","985.000","hPa","0.861","-0.02056","0.00035","-0.00011","0","14.7","Humid","28.35","0","65.20","249756.40","SABD0002000014","AAV2.0.0.13","4.0.0.2353","PSt7-10","000000-000","8/7/2024 3:37:09 PM","0000-00","0","no battery","V","215852","µV","96196","µV"
"08/11/2024","11:31:58","2","default","203499907","Sensor2","16.141","min","242.106","μmol/L","Humid","22.254","deg","92625","µV","18.687","°C","985.000","hPa","35.0","pmil","0","51.462","deg","22.621","°C","100.000","%a.s.","22.257","deg","22.682","°C","985.000","hPa","0.861","-0.02056","0.00035","-0.00011","0","14.7","Humid","28.35","0","65.20","249759.66","SABD0002000014","AAV2.0.0.13","4.0.0.2353","PSt7-10","000000-000","8/7/2024 3:37:09 PM","0000-00","0","no battery","V","215852","µV","96196","µV"
"08/11/2024","11:31:59","2","default","203499907","Sensor2","16.158","min","242.106","μmol/L","Humid","22.254","deg","92633","µV","18.687","°C","985.000","hPa","35.0","pmil","0","51.462","deg","22.621","°C","100.000","%a.s.","22.257","deg","22.682","°C","985.000","hPa","0.861","-0.02056","0.00035","-0.00011","0","14.7","Humid","28.35","0","65.20","249754.88","SABD0002000014","AAV2.0.0.13","4.0.0.2353","PSt7-10","000000-000","8/7/2024 3:37:09 PM","0000-00","0","no battery","V","215852","µV","96196","µV"
"08/11/2024","11:32:00","2","default","203499907","Sensor2","16.174","min","241.992","μmol/L","Humid","22.257","deg","92635","µV","18.693","°C","985.000","hPa","35.0","pmil","0","51.462","deg","22.621","°C","100.000","%a.s.","22.257","deg","22.682","°C","985.000","hPa","0.861","-0.02056","0.00035","-0.00011","0","14.7","Humid","28.35","0","65.20","249752.45","SABD0002000014","AAV2.0.0.13","4.0.0.2353","PSt7-10","000000-000","8/7/2024 3:37:09 PM","0000-00","0","no battery","V","215852","µV","96196","µV"
"08/11/2024","11:32:01","2","default","203499907","Sensor2","16.191","min","242.036","μmol/L","Humid","22.255","deg","92640","µV","18.693","°C","985.000","hPa","35.0","pmil","0","51.462","deg","22.621","°C","100.000","%a.s.","22.257","deg","22.682","°C","985.000","hPa","0.861","-0.02056","0.00035","-0.00011","0","14.7","Humid","28.35","0","65.20","249762.65","SABD0002000014","AAV2.0.0.13","4.0.0.2353","PSt7-10","000000-000","8/7/2024 3:37:09 PM","0000-00","0","no battery","V","215852","µV","96196","µV"
"08/11/2024","11:32:02","2","default","203499907","Sensor2","16.208","min","241.992","μmol/L","Humid","22.257","deg","92637","µV","18.693","°C","985.000","hPa","35.0","pmil","0","51.462","deg","22.621","°C","100.000","%a.s.","22.257","deg","22.682","°C","985.000","hPa","0.861","-0.02056","0.00035","-0.00011","0","14.7","Humid","28.35","0","65.20","249750.10","SABD0002000014","AAV2.0.0.13","4.0.0.2353","PSt7-10","000000-000","8/7/2024 3:37:09 PM","0000-00","0","no battery","V","215852","µV","96196","µV"
"08/11/2024","11:32:03","2","default","203499907","Sensor2","16.225","min","242.084","μmol/L","Humid","22.255","deg","92639","µV","18.687","°C","985.000","hPa","35.0","pmil","0","51.462","deg","22.621","°C","100.000","%a.s.","22.257","deg","22.682","°C","985.000","hPa","0.861","-0.02056","0.00035","-0.00011","0","14.7","Humid","28.35","0","65.20","249755.62","SABD0002000014","AAV2.0.0.13","4.0.0.2353","PSt7-10","000000-000","8/7/2024 3:37:09 PM","0000-00","0","no battery","V","215852","µV","96196","µV"
"08/11/2024","11:32:04","2","default","203499907","Sensor2","16.241","min","241.927","μmol/L","Humid","22.260","deg","92647","µV","18.693","°C","985.000","hPa","35.0","pmil","0","51.462","deg","22.621","°C","100.000","%a.s.","22.257","deg","22.682","°C","985.000","hPa","0.861","-0.02056","0.00035","-0.00011","0","14.7","Humid","28.35","0","65.20","249749.78","SABD0002000014","AAV2.0.0.13","4.0.0.2353","PSt7-10","000000-000","8/7/2024 3:37:09 PM","0000-00","0","no battery","V","215852","µV","96196","µV"
"08/11/2024","11:32:05","2","default","203499907","Sensor2","16.258","min","241.927","μmol/L","Humid","22.260","deg","92645","µV","18.693","°C","985.000","hPa","35.0","pmil","0","51.462","deg","22.621","°C","100.000","%a.s.","22.257","deg","22.682","°C","985.000","hPa","0.861","-0.02056","0.00035","-0.00011","0","14.7","Humid","28.35","0","65.20","249757.58","SABD0002000014","AAV2.0.0.13","4.0.0.2353","PSt7-10","000000-000","8/7/2024 3:37:09 PM","0000-00","0","no battery","V","215852","µV","96196","µV"
"08/11/2024","11:32:06","2","default","203499907","Sensor2","16.275","min","242.040","μmol/L","Humid","22.257","deg","92639","µV","18.687","°C","985.000","hPa","35.0","pmil","0","51.462","deg","22.621","°C","100.000","%a.s.","22.257","deg","22.682","°C","985.000","hPa","0.861","-0.02056","0.00035","-0.00011","0","14.7","Humid","28.35","0","65.20","249747.39","SABD0002000014","AAV2.0.0.13","4.0.0.2353","PSt7-10","000000-000","8/7/2024 3:37:09 PM","0000-00","0","no battery","V","215852","µV","96196","µV"
"08/11/2024","11:32:07","2","default","203499907","Sensor2","16.292","min","241.974","μmol/L","Humid","22.260","deg","92651","µV","18.687","°C","985.000","hPa","35.0","pmil","0","51.462","deg","22.621","°C","100.000","%a.s.","22.257","deg","22.682","°C","985.000","hPa","0.861","-0.02056","0.00035","-0.00011","0","14.7","Humid","28.35","0","65.20","249756.38","SABD0002000014","AAV2.0.0.13","4.0.0.2353","PSt7-10","000000-000","8/7/2024 3:37:09 PM","0000-00","0","no battery","V","215852","µV","96196","µV"
"08/11/2024","11:32:08","2","default","203499907","Sensor2","16.308","min","241.887","μmol/L","Humid","22.264","deg","92645","µV","18.687","°C","985.000","hPa","35.0","pmil","0","51.462","deg","22.621","°C","100.000","%a.s.","22.257","deg","22.682","°C","985.000","hPa","0.861","-0.02056","0.00035","-0.00011","0","14.7","Humid","28.35","0","65.20","249742.13","SABD0002000014","AAV2.0.0.13","4.0.0.2353","PSt7-10","000000-000","8/7/2024 3:37:09 PM","0000-00","0","no battery","V","215852","µV","96196","µV"
"08/11/2024","11:32:09","2","default","203499907","Sensor2","16.325","min","241.821","μmol/L","Humid","22.267","deg","92655","µV","18.687","°C","985.000","hPa","35.0","pmil","0","51.462","deg","22.621","°C","100.000","%a.s.","22.257","deg","22.682","°C","985.000","hPa","0.861","-0.02056","0.00035","-0.00011","0","14.7","Humid","28.35","0","65.20","249756.09","SABD0002000014","AAV2.0.0.13","4.0.0.2353","PSt7-10","000000-000","8/7/2024 3:37:09 PM","0000-00","0","no battery","V","215852","µV","96196","µV"
"08/11/2024","11:32:10","2","default","203499907","Sensor2","16.342","min","241.952","μmol/L","Humid","22.261","deg","92656","µV","18.687","°C","985.000","hPa","35.0","pmil","0","51.462","deg","22.621","°C","100.000","%a.s.","22.257","deg","22.682","°C","985.000","hPa","0.861","-0.02056","0.00035","-0.00011","0","14.7","Humid","28.35","0","65.20","249754.19","SABD0002000014","AAV2.0.0.13","4.0.0.2353","PSt7-10","000000-000","8/7/2024 3:37:09 PM","0000-00","0","no battery","V","215852","µV","96196","µV"
"08/11/2024","11:32:11","2","default","203499907","Sensor2","16.358","min","241.931","μmol/L","Humid","22.262","deg","92657","µV","18.687","°C","985.000","hPa","35.0","pmil","0","51.462","deg","22.621","°C","100.000","%a.s.","22.257","deg","22.682","°C","985.000","hPa","0.861","-0.02056","0.00035","-0.00011","0","14.7","Humid","28.35","0","65.20","249755.60","SABD0002000014","AAV2.0.0.13","4.0.0.2353","PSt7-10","000000-000","8/7/2024 3:37:09 PM","0000-00","0","no battery","V","215852","µV","96196","µV"
"08/11/2024","11:32:12","2","default","203499907","Sensor2","16.374","min","241.909","μmol/L","Humid","22.263","deg","92659","µV","18.687","°C","985.000","hPa","35.0","pmil","0","51.462","deg","22.621","°C","100.000","%a.s.","22.257","deg","22.682","°C","985.000","hPa","0.861","-0.02056","0.00035","-0.00011","0","14.7","Humid","28.35","0","65.20","249746.03","SABD0002000014","AAV2.0.0.13","4.0.0.2353","PSt7-10","000000-000","8/7/2024 3:37:09 PM","0000-00","0","no battery","V","215852","µV","96196","µV"
"08/11/2024","11:32:13","2","default","203499907","Sensor2","16.391","min","241.952","μmol/L","Humid","22.261","deg","92656","µV","18.687","°C","985.000","hPa","35.0","pmil","0","51.462","deg","22.621","°C","100.000","%a.s.","22.257","deg","22.682","°C","985.000","hPa","0.861","-0.02056","0.00035","-0.00011","0","14.7","Humid","28.35","0","65.20","249752.44","SABD0002000014","AAV2.0.0.13","4.0.0.2353","PSt7-10","000000-000","8/7/2024 3:37:09 PM","0000-00","0","no battery","V","215852","µV","96196","µV"
"08/11/2024","11:32:14","2","default","203499907","Sensor2","16.408","min","241.913","μmol/L","Humid","22.265","deg","92656","µV","18.681","°C","985.000","hPa","35.0","pmil","0","51.462","deg","22.621","°C","100.000","%a.s.","22.257","deg","22.682","°C","985.000","hPa","0.861","-0.02056","0.00035","-0.00011","0","14.7","Humid","28.35","0","65.20","249742.03","SABD0002000014","AAV2.0.0.13","4.0.0.2353","PSt7-10","000000-000","8/7/2024 3:37:09 PM","0000-00","0","no battery","V","215852","µV","96196","µV"
"08/11/2024","11:32:15","2","default","203499907","Sensor2","16.425","min","241.887","μmol/L","Humid","22.264","deg","92662","µV","18.687","°C","985.000","hPa","35.0","pmil","0","51.462","deg","22.621","°C","100.000","%a.s.","22.257","deg","22.682","°C","985.000","hPa","0.861","-0.02056","0.00035","-0.00011","0","14.7","Humid","28.35","0","65.20","249736.58","SABD0002000014","AAV2.0.0.13","4.0.0.2353","PSt7-10","000000-000","8/7/2024 3:37:09 PM","0000-00","0","no battery","V","215852","µV","96196","µV"
"08/11/2024","11:32:16","2","default","203499907","Sensor2","16.441","min","241.909","μmol/L","Humid","22.263","deg","92667","µV","18.687","°C","985.000","hPa","35.0","pmil","0","51.462","deg","22.621","°C","100.000","%a.s.","22.257","deg","22.682","°C","985.000","hPa","0.861","-0.02056","0.00035","-0.00011","0","14.7","Humid","28.35","0","65.20","249749.63","SABD0002000014","AAV2.0.0.13","4.0.0.2353","PSt7-10","000000-000","8/7/2024 3:37:09 PM","0000-00","0","no battery","V","215852","µV","96196","µV"
"08/11/2024","11:32:17","2","default","203499907","Sensor2","16.458","min","241.843","μmol/L","Humid","22.266","deg","92672","µV","18.687","°C","985.000","hPa","35.0","pmil","0","51.462","deg","22.621","°C","100.000","%a.s.","22.257","deg","22.682","°C","985.000","hPa","0.861","-0.02056","0.00035","-0.00011","0","14.7","Humid","28.35","0","65.20","249739.06","SABD0002000014","AAV2.0.0.13","4.0.0.2353","PSt7-10","000000-000","8/7/2024 3:37:09 PM","0000-00","0","no battery","V","215852","µV","96196","µV"
"08/11/2024","11:32:18","2","default","203499907","Sensor2","16.475","min","241.909","μmol/L","Humid","22.263","deg","92674","µV","18.687","°C","985.000","hPa","35.0","pmil","0","51.462","deg","22.621","°C","100.000","%a.s.","22.257","deg","22.682","°C","985.000","hPa","0.861","-0.02056","0.00035","-0.00011","0","14.7","Humid","28.35","0","65.20","249746.49","SABD0002000014","AAV2.0.0.13","4.0.0.2353","PSt7-10","000000-000","8/7/2024 3:37:09 PM","0000-00","0","no battery","V","215852","µV","96196","µV"
"08/11/2024","11:32:19","2","default","203499907","Sensor2","16.492","min","241.795","μmol/L","Humid","22.266","deg","92672","µV","18.693","°C","985.000","hPa","35.0","pmil","0","51.462","deg","22.621","°C","100.000","%a.s.","22.257","deg","22.682","°C","985.000","hPa","0.861","-0.02056","0.00035","-0.00011","0","14.7","Humid","28.35","0","65.20","249748.64","SABD0002000014","AAV2.0.0.13","4.0.0.2353","PSt7-10","000000-000","8/7/2024 3:37:09 PM","0000-00","0","no battery","V","215852","µV","96196","µV"
"08/11/2024","11:32:20","2","default","203499907","Sensor2","16.508","min","241.887","μmol/L","Humid","22.264","deg","92666","µV","18.687","°C","985.000","hPa","35.0","pmil","0","51.462","deg","22.621","°C","100.000","%a.s.","22.257","deg","22.682","°C","985.000","hPa","0.861","-0.02056","0.00035","-0.00011","0","14.7","Humid","28.35","0","65.20","249743.95","SABD0002000014","AAV2.0.0.13","4.0.0.2353","PSt7-10","000000-000","8/7/2024 3:37:09 PM","0000-00","0","no battery","V","215852","µV","96196","µV"
"08/11/2024","11:32:21","2","default","203499907","Sensor2","16.525","min","241.799","μmol/L","Humid","22.268","deg","92678","µV","18.687","°C","985.000","hPa","35.0","pmil","0","51.462","deg","22.621","°C","100.000","%a.s.","22.257","deg","22.682","°C","985.000","hPa","0.861","-0.02056","0.00035","-0.00011","0","14.7","Humid","28.35","0","65.20","249754.44","SABD0002000014","AAV2.0.0.13","4.0.0.2353","PSt7-10","000000-000","8/7/2024 3:37:09 PM","0000-00","0","no battery","V","215852","µV","96196","µV"
"08/11/2024","11:32:22","2","default","203499907","Sensor2","16.542","min","241.883","μmol/L","Humid","22.262","deg","92675","µV","18.693","°C","985.000","hPa","35.0","pmil","0","51.462","deg","22.621","°C","100.000","%a.s.","22.257","deg","22.682","°C","985.000","hPa","0.861","-0.02056","0.00035","-0.00011","0","14.7","Humid","28.35","0","65.20","249743.30","SABD0002000014","AAV2.0.0.13","4.0.0.2353","PSt7-10","000000-000","8/7/2024 3:37:09 PM","0000-00","0","no battery","V","215852","µV","96196","µV"
"08/11/2024","11:32:23","2","default","203499907","Sensor2","16.558","min","241.774","μmol/L","Humid","22.267","deg","92680","µV","18.693","°C","985.000","hPa","35.0","pmil","0","51.462","deg","22.621","°C","100.000","%a.s.","22.257","deg","22.682","°C","985.000","hPa","0.861","-0.02056","0.00035","-0.00011","0","14.7","Humid","28.35","0","65.20","249758.69","SABD0002000014","AAV2.0.0.13","4.0.0.2353","PSt7-10","000000-000","8/7/2024 3:37:09 PM","0000-00","0","no battery","V","215852","µV","96196","µV"
"08/11/2024","11:32:24","2","default","203499907","Sensor2","16.575","min","241.825","μmol/L","Humid","22.269","deg","92676","µV","18.681","°C","985.000","hPa","35.0","pmil","0","51.462","deg","22.621","°C","100.000","%a.s.","22.257","deg","22.682","°C","985.000","hPa","0.861","-0.02056","0.00035","-0.00011","0","14.7","Humid","28.35","0","65.20","249724.35","SABD0002000014","AAV2.0.0.13","4.0.0.2353","PSt7-10","000000-000","8/7/2024 3:37:09 PM","0000-00","0","no battery","V","215852","µV","96196","µV"
"08/11/2024","11:32:25","2","default","203499907","Sensor2","16.591","min","241.730","μmol/L","Humid","22.269","deg","92670","µV","18.693","°C","985.000","hPa","35.0","pmil","0","51.462","deg","22.621","°C","100.000","%a.s.","22.257","deg","22.682","°C","985.000","hPa","0.861","-0.02056","0.00035","-0.00011","0","14.7","Humid","28.35","0","65.20","249745.69","SABD0002000014","AAV2.0.0.13","4.0.0.2353","PSt7-10","000000-000","8/7/2024 3:37:09 PM","0000-00","0","no battery","V","215852","µV","96196","µV"
"08/11/2024","11:32:26","2","default","203499907","Sensor2","16.608","min","241.799","μmol/L","Humid","22.268","deg","92680","µV","18.687","°C","985.000","hPa","35.0","pmil","0","51.462","deg","22.621","°C","100.000","%a.s.","22.257","deg","22.682","°C","985.000","hPa","0.861","-0.02056","0.00035","-0.00011","0","14.7","Humid","28.35","0","65.20","249741.25","SABD0002000014","AAV2.0.0.13","4.0.0.2353","PSt7-10","000000-000","8/7/2024 3:37:09 PM","0000-00","0","no battery","V","215852","µV","96196","µV"
"08/11/2024","11:32:27","2","default","203499907","Sensor2","16.624","min","241.712","μmol/L","Humid","22.272","deg","92678","µV","18.687","°C","985.000","hPa","35.0","pmil","0","51.462","deg","22.621","°C","100.000","%a.s.","22.257","deg","22.682","°C","985.000","hPa","0.861","-0.02056","0.00035","-0.00011","0","14.7","Humid","28.35","0","65.20","249741.91","SABD0002000014","AAV2.0.0.13","4.0.0.2353","PSt7-10","000000-000","8/7/2024 3:37:09 PM","0000-00","0","no battery","V","215852","µV","96196","µV"
"08/11/2024","11:32:28","2","default","203499907","Sensor2","16.641","min","241.734","μmol/L","Humid","22.271","deg","92681","µV","18.687","°C","985.000","hPa","35.0","pmil","0","51.462","deg","22.621","°C","100.000","%a.s.","22.257","deg","22.682","°C","985.000","hPa","0.861","-0.02056","0.00035","-0.00011","0","14.7","Humid","28.35","0","65.20","249741.77","SABD0002000014","AAV2.0.0.13","4.0.0.2353","PSt7-10","000000-000","8/7/2024 3:37:09 PM","0000-00","0","no battery","V","215852","µV","96196","µV"
"08/11/2024","11:32:29","2","default","203499907","Sensor2","16.658","min","241.690","μmol/L","Humid","22.273","deg","92677","µV","18.687","°C","985.000","hPa","35.0","pmil","0","51.462","deg","22.621","°C","100.000","%a.s.","22.257","deg","22.682","°C","985.000","hPa","0.861","-0.02056","0.00035","-0.00011","0","14.7","Humid","28.35","0","65.20","249730.20","SABD0002000014","AAV2.0.0.13","4.0.0.2353","PSt7-10","000000-000","8/7/2024 3:37:09 PM","0000-00","0","no battery","V","215852","µV","96196","µV"
"08/11/2024","11:32:30","2","default","203499907","Sensor2","16.675","min","241.712","μmol/L","Humid","22.272","deg","92682","µV","18.687","°C","985.000","hPa","35.0","pmil","0","51.462","deg","22.621","°C","100.000","%a.s.","22.257","deg","22.682","°C","985.000","hPa","0.861","-0.02056","0.00035","-0.00011","0","14.7","Humid","28.35","0","65.20","249736.95","SABD0002000014","AAV2.0.0.13","4.0.0.2353","PSt7-10","000000-000","8/7/2024 3:37:09 PM","0000-00","0","no battery","V","215852","µV","96196","µV"
"08/11/2024","11:32:31","2","default","203499907","Sensor2","16.691","min","241.694","μmol/L","Humid","22.275","deg","92688","µV","18.681","°C","985.000","hPa","35.0","pmil","0","51.462","deg","22.621","°C","100.000","%a.s.","22.257","deg","22.682","°C","985.000","hPa","0.861","-0.02056","0.00035","-0.00011","0","14.7","Humid","28.35","0","65.20","249724.57","SABD0002000014","AAV2.0.0.13","4.0.0.2353","PSt7-10","000000-000","8/7/2024 3:37:09 PM","0000-00","0","no battery","V","215852","µV","96196","µV"
"08/11/2024","11:32:32","2","default","203499907","Sensor2","16.708","min","241.734","μmol/L","Humid","22.271","deg","92687","µV","18.687","°C","985.000","hPa","35.0","pmil","0","51.462","deg","22.621","°C","100.000","%a.s.","22.257","deg","22.682","°C","985.000","hPa","0.861","-0.02056","0.00035","-0.00011","0","14.7","Humid","28.35","0","65.20","249722.31","SABD0002000014","AAV2.0.0.13","4.0.0.2353","PSt7-10","000000-000","8/7/2024 3:37:09 PM","0000-00","0","no battery","V","215852","µV","96196","µV"
"08/11/2024","11:32:33","2","default","203499907","Sensor2","16.725","min","241.599","μmol/L","Humid","22.275","deg","92698","µV","18.693","°C","985.000","hPa","35.0","pmil","0","51.462","deg","22.621","°C","100.000","%a.s.","22.257","deg","22.682","°C","985.000","hPa","0.861","-0.02056","0.00035","-0.00011","0","14.7","Humid","28.35","0","65.20","249734.27","SABD0002000014","AAV2.0.0.13","4.0.0.2353","PSt7-10","000000-000","8/7/2024 3:37:09 PM","0000-00","0","no battery","V","215852","µV","96196","µV"
"08/11/2024","11:32:34","2","default","203499907","Sensor2","16.742","min","241.690","μmol/L","Humid","22.273","deg","92697","µV","18.687","°C","985.000","hPa","35.0","pmil","0","51.462","deg","22.621","°C","100.000","%a.s.","22.257","deg","22.682","°C","985.000","hPa","0.861","-0.02056","0.00035","-0.00011","0","14.7","Humid","28.35","0","65.20","249731.20","SABD0002000014","AAV2.0.0.13","4.0.0.2353","PSt7-10","000000-000","8/7/2024 3:37:09 PM","0000-00","0","no battery","V","215852","µV","96196","µV"
"08/11/2024","11:32:35","2","default","203499907","Sensor2","16.758","min","241.603","μmol/L","Humid","22.277","deg","92699","µV","18.687","°C","985.000","hPa","35.0","pmil","0","51.462","deg","22.621","°C","100.000","%a.s.","22.257","deg","22.682","°C","985.000","hPa","0.861","-0.02056","0.00035","-0.00011","0","14.7","Humid","28.35","0","65.20","249725.47","SABD0002000014","AAV2.0.0.13","4.0.0.2353","PSt7-10","000000-000","8/7/2024 3:37:09 PM","0000-00","0","no battery","V","215852","µV","96196","µV"
"08/11/2024","11:32:36","2","default","203499907","Sensor2","16.775","min","241.628","μmol/L","Humid","22.278","deg","92704","µV","18.681","°C","985.000","hPa","35.0","pmil","0","51.462","deg","22.621","°C","100.000","%a.s.","22.257","deg","22.682","°C","985.000","hPa","0.861","-0.02056","0.00035","-0.00011","0","14.7","Humid","28.35","0","65.20","249726.80","SABD0002000014","AAV2.0.0.13","4.0.0.2353","PSt7-10","000000-000","8/7/2024 3:37:09 PM","0000-00","0","no battery","V","215852","µV","96196","µV"
"08/11/2024","11:32:37","2","default","203499907","Sensor2","16.792","min","241.712","μmol/L","Humid","22.272","deg","92706","µV","18.687","°C","985.000","hPa","35.0","pmil","0","51.462","deg","22.621","°C","100.000","%a.s.","22.257","deg","22.682","°C","985.000","hPa","0.861","-0.02056","0.00035","-0.00011","0","14.7","Humid","28.35","0","65.20","249744.22","SABD0002000014","AAV2.0.0.13","4.0.0.2353","PSt7-10","000000-000","8/7/2024 3:37:09 PM","0000-00","0","no battery","V","215852","µV","96196","µV"
"08/11/2024","11:32:38","2","default","203499907","Sensor2","16.808","min","241.603","μmol/L","Humid","22.277","deg","92706","µV","18.687","°C","985.000","hPa","35.0","pmil","0","51.462","deg","22.621","°C","100.000","%a.s.","22.257","deg","22.682","°C","985.000","hPa","0.861","-0.02056","0.00035","-0.00011","0","14.7","Humid","28.35","0","65.20","249728.76","SABD0002000014","AAV2.0.0.13","4.0.0.2353","PSt7-10","000000-000","8/7/2024 3:37:09 PM","0000-00","0","no battery","V","215852","µV","96196","µV"
"08/11/2024","11:32:39","2","default","203499907","Sensor2","16.825","min","241.603","μmol/L","Humid","22.277","deg","92703","µV","18.687","°C","985.000","hPa","35.0","pmil","0","51.462","deg","22.621","°C","100.000","%a.s.","22.257","deg","22.682","°C","985.000","hPa","0.861","-0.02056","0.00035","-0.00011","0","14.7","Humid","28.35","0","65.20","249729.24","SABD0002000014","AAV2.0.0.13","4.0.0.2353","PSt7-10","000000-000","8/7/2024 3:37:09 PM","0000-00","0","no battery","V","215852","µV","96196","µV"
"08/11/2024","11:32:40","2","default","203499907","Sensor2","16.841","min","241.624","μmol/L","Humid","22.276","deg","92708","µV","18.687","°C","985.000","hPa","35.0","pmil","0","51.462","deg","22.621","°C","100.000","%a.s.","22.257","deg","22.682","°C","985.000","hPa","0.861","-0.02056","0.00035","-0.00011","0","14.7","Humid","28.35","0","65.20","249732.98","SABD0002000014","AAV2.0.0.13","4.0.0.2353","PSt7-10","000000-000","8/7/2024 3:37:09 PM","0000-00","0","no battery","V","215852","µV","96196","µV"
"08/11/2024","11:32:41","2","default","203499907","Sensor2","16.858","min","241.515","μmol/L","Humid","22.281","deg","92719","µV","18.687","°C","985.000","hPa","35.0","pmil","0","51.462","deg","22.621","°C","100.000","%a.s.","22.257","deg","22.682","°C","985.000","hPa","0.861","-0.02056","0.00035","-0.00011","0","14.7","Humid","28.35","0","65.20","249731.86","SABD0002000014","AAV2.0.0.13","4.0.0.2353","PSt7-10","000000-000","8/7/2024 3:37:09 PM","0000-00","0","no battery","V","215852","µV","96196","µV"
"08/11/2024","11:32:42","2","default","203499907","Sensor2","16.875","min","241.511","μmol/L","Humid","22.279","deg","92715","µV","18.693","°C","985.000","hPa","35.0","pmil","0","51.462","deg","22.621","°C","100.000","%a.s.","22.257","deg","22.682","°C","985.000","hPa","0.861","-0.02056","0.00035","-0.00011","0","14.7","Humid","28.35","0","65.20","249737.97","SABD0002000014","AAV2.0.0.13","4.0.0.2353","PSt7-10","000000-000","8/7/2024 3:37:09 PM","0000-00","0","no battery","V","215852","µV","96196","µV"
"08/11/2024","11:32:43","2","default","203499907","Sensor2","16.891","min","241.577","μmol/L","Humid","22.276","deg","92726","µV","18.693","°C","985.000","hPa","35.0","pmil","0","51.462","deg","22.621","°C","100.000","%a.s.","22.257","deg","22.682","°C","985.000","hPa","0.861","-0.02056","0.00035","-0.00011","0","14.7","Humid","28.35","0","65.20","249723.33","SABD0002000014","AAV2.0.0.13","4.0.0.2353","PSt7-10","000000-000","8/7/2024 3:37:09 PM","0000-00","0","no battery","V","215852","µV","96196","µV"
"08/11/2024","11:32:44","2","default","203499907","Sensor2","16.908","min","241.624","μmol/L","Humid","22.276","deg","92718","µV","18.687","°C","985.000","hPa","35.0","pmil","0","51.462","deg","22.621","°C","100.000","%a.s.","22.257","deg","22.682","°C","985.000","hPa","0.861","-0.02056","0.00035","-0.00011","0","14.7","Humid","28.35","0","65.20","249732.09","SABD0002000014","AAV2.0.0.13","4.0.0.2353","PSt7-10","000000-000","8/7/2024 3:37:09 PM","0000-00","0","no battery","V","215852","µV","96196","µV"
"08/11/2024","11:32:45","2","default","203499907","Sensor2","16.925","min","241.541","μmol/L","Humid","22.282","deg","92719","µV","18.681","°C","985.000","hPa","35.0","pmil","0","51.462","deg","22.621","°C","100.000","%a.s.","22.257","deg","22.682","°C","985.000","hPa","0.861","-0.02056","0.00035","-0.00011","0","14.7","Humid","28.35","0","65.20","249740.61","SABD0002000014","AAV2.0.0.13","4.0.0.2353","PSt7-10","000000-000","8/7/2024 3:37:09 PM","0000-00","0","no battery","V","215852","µV","96196","µV"
"08/11/2024","11:32:46","2","default","203499907","Sensor2","16.942","min","241.519","μmol/L","Humid","22.283","deg","92724","µV","18.681","°C","985.000","hPa","35.0","pmil","0","51.462","deg","22.621","°C","100.000","%a.s.","22.257","deg","22.682","°C","985.000","hPa","0.861","-0.02056","0.00035","-0.00011","0","14.7","Humid","28.35","0","65.20","249723.45","SABD0002000014","AAV2.0.0.13","4.0.0.2353","PSt7-10","000000-000","8/7/2024 3:37:09 PM","0000-00","0","no battery","V","215852","µV","96196","µV"
"08/11/2024","11:32:47","2","default","203499907","Sensor2","16.958","min","241.493","μmol/L","Humid","22.282","deg","92726","µV","18.687","°C","985.000","hPa","35.0","pmil","0","51.462","deg","22.621","°C","100.000","%a.s.","22.257","deg","22.682","°C","985.000","hPa","0.861","-0.02056","0.00035","-0.00011","0","14.7","Humid","28.35","0","65.20","249731.86","SABD0002000014","AAV2.0.0.13","4.0.0.2353","PSt7-10","000000-000","8/7/2024 3:37:09 PM","0000-00","0","no battery","V","215852","µV","96196","µV"
"08/11/2024","11:32:48","2","default","203499907","Sensor2","16.975","min","241.606","μmol/L","Humid","22.279","deg","92730","µV","18.681","°C","985.000","hPa","35.0","pmil","0","51.462","deg","22.621","°C","100.000","%a.s.","22.257","deg","22.682","°C","985.000","hPa","0.861","-0.02056","0.00035","-0.00011","0","14.7","Humid","28.35","0","65.20","249732.34","SABD0002000014","AAV2.0.0.13","4.0.0.2353","PSt7-10","000000-000","8/7/2024 3:37:09 PM","0000-00","0","no battery","V","215852","µV","96196","µV"
"08/11/2024","11:32:49","2","default","203499907","Sensor2","16.991","min","241.472","μmol/L","Humid","22.283","deg","92731","µV","18.687","°C","985.000","hPa","35.0","pmil","0","51.462","deg","22.621","°C","100.000","%a.s.","22.257","deg","22.682","°C","985.000","hPa","0.861","-0.02056","0.00035","-0.00011","0","14.7","Humid","28.35","0","65.20","249732.10","SABD0002000014","AAV2.0.0.13","4.0.0.2353","PSt7-10","000000-000","8/7/2024 3:37:09 PM","0000-00","0","no battery","V","215852","µV","96196","µV"
"08/11/2024","11:32:50","2","default","203499907","Sensor2","17.008","min","241.380","μmol/L","Humid","22.285","deg","92730","µV","18.693","°C","985.000","hPa","35.0","pmil","0","51.462","deg","22.621","°C","100.000","%a.s.","22.257","deg","22.682","°C","985.000","hPa","0.861","-0.02056","0.00035","-0.00011","0","14.7","Humid","28.35","0","65.20","249721.37","SABD0002000014","AAV2.0.0.13","4.0.0.2353","PSt7-10","000000-000","8/7/2024 3:37:09 PM","0000-00","0","no battery","V","215852","µV","96196","µV"
"08/11/2024","11:32:51","2","default","203499907","Sensor2","17.024","min","241.475","μmol/L","Humid","22.285","deg","92740","µV","18.681","°C","985.000","hPa","35.0","pmil","0","51.462","deg","22.621","°C","100.000","%a.s.","22.257","deg","22.682","°C","985.000","hPa","0.861","-0.02056","0.00035","-0.00011","0","14.7","Humid","28.35","0","65.20","249732.87","SABD0002000014","AAV2.0.0.13","4.0.0.2353","PSt7-10","000000-000","8/7/2024 3:37:09 PM","0000-00","0","no battery","V","215852","µV","96196","µV"
"08/11/2024","11:32:52","2","default","203499907","Sensor2","17.041","min","241.450","μmol/L","Humid","22.284","deg","92738","µV","18.687","°C","985.000","hPa","35.0","pmil","0","51.462","deg","22.621","°C","100.000","%a.s.","22.257","deg","22.682","°C","985.000","hPa","0.861","-0.02056","0.00035","-0.00011","0","14.7","Humid","28.35","0","65.20","249728.13","SABD0002000014","AAV2.0.0.13","4.0.0.2353","PSt7-10","000000-000","8/7/2024 3:37:09 PM","0000-00","0","no battery","V","215852","µV","96196","µV"
"08/11/2024","11:32:53","2","default","203499907","Sensor2","17.058","min","241.297","μmol/L","Humid","22.291","deg","92737","µV","18.687","°C","985.000","hPa","35.0","pmil","0","51.462","deg","22.621","°C","100.000","%a.s.","22.257","deg","22.682","°C","985.000","hPa","0.861","-0.02056","0.00035","-0.00011","0","14.7","Humid","28.35","0","65.20","249723.41","SABD0002000014","AAV2.0.0.13","4.0.0.2353","PSt7-10","000000-000","8/7/2024 3:37:09 PM","0000-00","0","no battery","V","215852","µV","96196","µV"
"08/11/2024","11:32:54","2","default","203499907","Sensor2","17.075","min","241.472","μmol/L","Humid","22.283","deg","92735","µV","18.687","°C","985.000","hPa","35.0","pmil","0","51.462","deg","22.621","°C","100.000","%a.s.","22.257","deg","22.682","°C","985.000","hPa","0.861","-0.02056","0.00035","-0.00011","0","14.7","Humid","28.35","0","65.20","249720.80","SABD0002000014","AAV2.0.0.13","4.0.0.2353","PSt7-10","000000-000","8/7/2024 3:37:09 PM","0000-00","0","no battery","V","215852","µV","96196","µV"
"08/11/2024","11:32:55","2","default","203499907","Sensor2","17.091","min","241.384","μmol/L","Humid","22.287","deg","92738","µV","18.687","°C","985.000","hPa","35.0","pmil","0","51.462","deg","22.621","°C","100.000","%a.s.","22.257","deg","22.682","°C","985.000","hPa","0.861","-0.02056","0.00035","-0.00011","0","14.7","Humid","28.35","0","65.20","249733.34","SABD0002000014","AAV2.0.0.13","4.0.0.2353","PSt7-10","000000-000","8/7/2024 3:37:09 PM","0000-00","0","no battery","V","215852","µV","96196","µV"
"08/11/2024","11:32:56","2","default","203499907","Sensor2","17.108","min","241.384","μmol/L","Humid","22.287","deg","92743","µV","18.687","°C","985.000","hPa","35.0","pmil","0","51.462","deg","22.621","°C","100.000","%a.s.","22.257","deg","22.682","°C","985.000","hPa","0.861","-0.02056","0.00035","-0.00011","0","14.7","Humid","28.35","0","65.20","249732.09","SABD0002000014","AAV2.0.0.13","4.0.0.2353","PSt7-10","000000-000","8/7/2024 3:37:09 PM","0000-00","0","no battery","V","215852","µV","96196","µV"
"08/11/2024","11:32:57","2","default","203499907","Sensor2","17.125","min","241.432","μmol/L","Humid","22.287","deg","92746","µV","18.681","°C","985.000","hPa","35.0","pmil","0","51.462","deg","22.621","°C","100.000","%a.s.","22.257","deg","22.682","°C","985.000","hPa","0.861","-0.02056","0.00035","-0.00011","0","14.7","Humid","28.35","0","65.20","249713.65","SABD0002000014","AAV2.0.0.13","4.0.0.2353","PSt7-10","000000-000","8/7/2024 3:37:09 PM","0000-00","0","no battery","V","215852","µV","96196","µV"
"08/11/2024","11:32:58","2","default","203499907","Sensor2","17.142","min","241.450","μmol/L","Humid","22.284","deg","92746","µV","18.687","°C","985.000","hPa","35.0","pmil","0","51.462","deg","22.621","°C","100.000","%a.s.","22.257","deg","22.682","°C","985.000","hPa","0.861","-0.02056","0.00035","-0.00011","0","14.7","Humid","28.35","0","65.20","249725.65","SABD0002000014","AAV2.0.0.13","4.0.0.2353","PSt7-10","000000-000","8/7/2024 3:37:09 PM","0000-00","0","no battery","V","215852","µV","96196","µV"
"08/11/2024","11:32:59","2","default","203499907","Sensor2","17.158","min","241.388","μmol/L","Humid","22.289","deg","92746","µV","18.681","°C","985.000","hPa","35.0","pmil","0","51.462","deg","22.621","°C","100.000","%a.s.","22.257","deg","22.682","°C","985.000","hPa","0.861","-0.02056","0.00035","-0.00011","0","14.7","Humid","28.35","0","65.20","249721.97","SABD0002000014","AAV2.0.0.13","4.0.0.2353","PSt7-10","000000-000","8/7/2024 3:37:09 PM","0000-00","0","no battery","V","215852","µV","96196","µV"
"08/11/2024","11:33:00","2","default","203499907","Sensor2","17.175","min","241.384","μmol/L","Humid","22.287","deg","92745","µV","18.687","°C","985.000","hPa","35.0","pmil","0","51.462","deg","22.621","°C","100.000","%a.s.","22.257","deg","22.682","°C","985.000","hPa","0.861","-0.02056","0.00035","-0.00011","0","14.7","Humid","28.35","0","65.20","249723.91","SABD0002000014","AAV2.0.0.13","4.0.0.2353","PSt7-10","000000-000","8/7/2024 3:37:09 PM","0000-00","0","no battery","V","215852","µV","96196","µV"
"08/11/2024","11:33:01","2","default","203499907","Sensor2","17.192","min","241.454","μmol/L","Humid","22.286","deg","92751","µV","18.681","°C","985.000","hPa","35.0","pmil","0","51.462","deg","22.621","°C","100.000","%a.s.","22.257","deg","22.682","°C","985.000","hPa","0.861","-0.02056","0.00035","-0.00011","0","14.7","Humid","28.35","0","65.20","249731.64","SABD0002000014","AAV2.0.0.13","4.0.0.2353","PSt7-10","000000-000","8/7/2024 3:37:09 PM","0000-00","0","no battery","V","215852","µV","96196","µV"
"08/11/2024","11:33:02","2","default","203499907","Sensor2","17.208","min","241.410","μmol/L","Humid","22.288","deg","92758","µV","18.681","°C","985.000","hPa","35.0","pmil","0","51.462","deg","22.621","°C","100.000","%a.s.","22.257","deg","22.682","°C","985.000","hPa","0.861","-0.02056","0.00035","-0.00011","0","14.7","Humid","28.35","0","65.20","249733.59","SABD0002000014","AAV2.0.0.13","4.0.0.2353","PSt7-10","000000-000","8/7/2024 3:37:09 PM","0000-00","0","no battery","V","215852","µV","96196","µV"
"08/11/2024","11:33:03","2","default","203499907","Sensor2","17.224","min","241.253","μmol/L","Humid","22.293","deg","92745","µV","18.687","°C","985.000","hPa","35.0","pmil","0","51.462","deg","22.621","°C","100.000","%a.s.","22.257","deg","22.682","°C","985.000","hPa","0.861","-0.02056","0.00035","-0.00011","0","14.7","Humid","28.35","0","65.20","249708.53","SABD0002000014","AAV2.0.0.13","4.0.0.2353","PSt7-10","000000-000","8/7/2024 3:37:09 PM","0000-00","0","no battery","V","215852","µV","96196","µV"
"08/11/2024","11:33:04","2","default","203499907","Sensor2","17.241","min","241.344","μmol/L","Humid","22.291","deg","92748","µV","18.681","°C","985.000","hPa","35.0","pmil","0","51.462","deg","22.621","°C","100.000","%a.s.","22.257","deg","22.682","°C","985.000","hPa","0.861","-0.02056","0.00035","-0.00011","0","14.7","Humid","28.35","0","65.20","249706.65","SABD0002000014","AAV2.0.0.13","4.0.0.2353","PSt7-10","000000-000","8/7/2024 3:37:09 PM","0000-00","0","no battery","V","215852","µV","96196","µV"
"08/11/2024","11:33:05","2","default","203499907","Sensor2","17.258","min","241.323","μmol/L","Humid","22.292","deg","92760","µV","18.681","°C","985.000","hPa","35.0","pmil","0","51.462","deg","22.621","°C","100.000","%a.s.","22.257","deg","22.682","°C","985.000","hPa","0.861","-0.02056","0.00035","-0.00011","0","14.7","Humid","28.35","0","65.20","249709.05","SABD0002000014","AAV2.0.0.13","4.0.0.2353","PSt7-10","000000-000","8/7/2024 3:37:09 PM","0000-00","0","no battery","V","215852","µV","96196","µV"
"08/11/2024","11:33:06","2","default","203499907","Sensor2","17.275","min","241.279","μmol/L","Humid","22.294","deg","92759","µV","18.681","°C","985.000","hPa","35.0","pmil","0","51.462","deg","22.621","°C","100.000","%a.s.","22.257","deg","22.682","°C","985.000","hPa","0.861","-0.02056","0.00035","-0.00011","0","14.7","Humid","28.35","0","65.20","249723.56","SABD0002000014","AAV2.0.0.13","4.0.0.2353","PSt7-10","000000-000","8/7/2024 3:37:09 PM","0000-00","0","no battery","V","215852","µV","96196","µV"
"08/11/2024","11:33:07","2","default","203499907","Sensor2","17.291","min","241.257","μmol/L","Humid","22.295","deg","92758","µV","18.681","°C","985.000","hPa","35.0","pmil","0","51.462","deg","22.621","°C","100.000","%a.s.","22.257","deg","22.682","°C","985.000","hPa","0.861","-0.02056","0.00035","-0.00011","0","14.7","Humid","28.35","0","65.20","249704.28","SABD0002000014","AAV2.0.0.13","4.0.0.2353","PSt7-10","000000-000","8/7/2024 3:37:09 PM","0000-00","0","no battery","V","215852","µV","96196","µV"
"08/11/2024","11:33:08","2","default","203499907","Sensor2","17.308","min","241.301","μmol/L","Humid","22.293","deg","92769","µV","18.681","°C","985.000","hPa","35.0","pmil","0","51.462","deg","22.621","°C","100.000","%a.s.","22.257","deg","22.682","°C","985.000","hPa","0.861","-0.02056","0.00035","-0.00011","0","14.7","Humid","28.35","0","65.20","249721.90","SABD0002000014","AAV2.0.0.13","4.0.0.2353","PSt7-10","000000-000","8/7/2024 3:37:09 PM","0000-00","0","no battery","V","215852","µV","96196","µV"
"08/11/2024","11:33:09","2","default","203499907","Sensor2","17.325","min","241.214","μmol/L","Humid","22.297","deg","92767","µV","18.681","°C","985.000","hPa","35.0","pmil","0","51.462","deg","22.621","°C","100.000","%a.s.","22.257","deg","22.682","°C","985.000","hPa","0.861","-0.02056","0.00035","-0.00011","0","14.7","Humid","28.35","0","65.20","249715.12","SABD0002000014","AAV2.0.0.13","4.0.0.2353","PSt7-10","000000-000","8/7/2024 3:37:09 PM","0000-00","0","no battery","V","215852","µV","96196","µV"
"08/11/2024","11:33:10","2","default","203499907","Sensor2","17.341","min","241.210","μmol/L","Humid","22.295","deg","92775","µV","18.687","°C","985.000","hPa","35.0","pmil","0","51.462","deg","22.621","°C","100.000","%a.s.","22.257","deg","22.682","°C","985.000","hPa","0.861","-0.02056","0.00035","-0.00011","0","14.7","Humid","28.35","0","65.20","249723.11","SABD0002000014","AAV2.0.0.13","4.0.0.2353","PSt7-10","000000-000","8/7/2024 3:37:09 PM","0000-00","0","no battery","V","215852","µV","96196","µV"
"08/11/2024","11:33:11","2","default","203499907","Sensor2","17.358","min","241.235","μmol/L","Humid","22.296","deg","92772","µV","18.681","°C","985.000","hPa","35.0","pmil","0","51.462","deg","22.621","°C","100.000","%a.s.","22.257","deg","22.682","°C","985.000","hPa","0.861","-0.02056","0.00035","-0.00011","0","14.7","Humid","28.35","0","65.20","249709.38","SABD0002000014","AAV2.0.0.13","4.0.0.2353","PSt7-10","000000-000","8/7/2024 3:37:09 PM","0000-00","0","no battery","V","215852","µV","96196","µV"
"08/11/2024","11:33:12","2","default","203499907","Sensor2","17.375","min","241.257","μmol/L","Humid","22.295","deg","92777","µV","18.681","°C","985.000","hPa","35.0","pmil","0","51.462","deg","22.621","°C","100.000","%a.s.","22.257","deg","22.682","°C","985.000","hPa","0.861","-0.02056","0.00035","-0.00011","0","14.7","Humid","28.35","0","65.20","249716.49","SABD0002000014","AAV2.0.0.13","4.0.0.2353","PSt7-10","000000-000","8/7/2024 3:37:09 PM","0000-00","0","no battery","V","215852","µV","96196","µV"
"08/11/2024","11:33:13","2","default","203499907","Sensor2","17.392","min","241.166","μmol/L","Humid","22.297","deg","92776","µV","18.687","°C","985.000","hPa","35.0","pmil","0","51.462","deg","22.621","°C","100.000","%a.s.","22.257","deg","22.682","°C","985.000","hPa","0.861","-0.02056","0.00035","-0.00011","0","14.7","Humid","28.35","0","65.20","249714.43","SABD0002000014","AAV2.0.0.13","4.0.0.2353","PSt7-10","000000-000","8/7/2024 3:37:09 PM","0000-00","0","no battery","V","215852","µV","96196","µV"
"08/11/2024","11:33:14","2","default","203499907","Sensor2","17.408","min","241.196","μmol/L","Humid","22.300","deg","92771","µV","18.675","°C","985.000","hPa","35.0","pmil","0","51.462","deg","22.621","°C","100.000","%a.s.","22.257","deg","22.682","°C","985.000","hPa","0.861","-0.02056","0.00035","-0.00011","0","14.7","Humid","28.35","0","65.20","249711.76","SABD0002000014","AAV2.0.0.13","4.0.0.2353","PSt7-10","000000-000","8/7/2024 3:37:09 PM","0000-00","0","no battery","V","215852","µV","96196","µV"
"08/11/2024","11:33:15","2","default","203499907","Sensor2","17.424","min","241.214","μmol/L","Humid","22.297","deg","92778","µV","18.681","°C","985.000","hPa","35.0","pmil","0","51.462","deg","22.621","°C","100.000","%a.s.","22.257","deg","22.682","°C","985.000","hPa","0.861","-0.02056","0.00035","-0.00011","0","14.7","Humid","28.35","0","65.20","249703.91","SABD0002000014","AAV2.0.0.13","4.0.0.2353","PSt7-10","000000-000","8/7/2024 3:37:09 PM","0000-00","0","no battery","V","215852","µV","96196","µV"
"08/11/2024","11:33:16","2","default","203499907","Sensor2","17.441","min","241.192","μmol/L","Humid","22.298","deg","92781","µV","18.681","°C","985.000","hPa","35.0","pmil","0","51.462","deg","22.621","°C","100.000","%a.s.","22.257","deg","22.682","°C","985.000","hPa","0.861","-0.02056","0.00035","-0.00011","0","14.7","Humid","28.35","0","65.20","249716.20","SABD0002000014","AAV2.0.0.13","4.0.0.2353","PSt7-10","000000-000","8/7/2024 3:37:09 PM","0000-00","0","no battery","V","215852","µV","96196","µV"
"08/11/2024","11:33:17","2","default","203499907","Sensor2","17.458","min","241.166","μmol/L","Humid","22.297","deg","92779","µV","18.687","°C","985.000","hPa","35.0","pmil","0","51.462","deg","22.621","°C","100.000","%a.s.","22.257","deg","22.682","°C","985.000","hPa","0.861","-0.02056","0.00035","-0.00011","0","14.7","Humid","28.35","0","65.20","249694.42","SABD0002000014","AAV2.0.0.13","4.0.0.2353","PSt7-10","000000-000","8/7/2024 3:37:09 PM","0000-00","0","no battery","V","215852","µV","96196","µV"
"08/11/2024","11:33:18","2","default","203499907","Sensor2","17.475","min","241.166","μmol/L","Humid","22.297","deg","92782","µV","18.687","°C","985.000","hPa","35.0","pmil","0","51.462","deg","22.621","°C","100.000","%a.s.","22.257","deg","22.682","°C","985.000","hPa","0.861","-0.02056","0.00035","-0.00011","0","14.7","Humid","28.35","0","65.20","249695.09","SABD0002000014","AAV2.0.0.13","4.0.0.2353","PSt7-10","000000-000","8/7/2024 3:37:09 PM","0000-00","0","no battery","V","215852","µV","96196","µV"
"08/11/2024","11:33:19","2","default","203499907","Sensor2","17.491","min","241.192","μmol/L","Humid","22.298","deg","92781","µV","18.681","°C","985.000","hPa","35.0","pmil","0","51.462","deg","22.621","°C","100.000","%a.s.","22.257","deg","22.682","°C","985.000","hPa","0.861","-0.02056","0.00035","-0.00011","0","14.7","Humid","28.35","0","65.20","249697.77","SABD0002000014","AAV2.0.0.13","4.0.0.2353","PSt7-10","000000-000","8/7/2024 3:37:09 PM","0000-00","0","no battery","V","215852","µV","96196","µV"
"08/11/2024","11:33:20","2","default","203499907","Sensor2","17.508","min","241.192","μmol/L","Humid","22.298","deg","92782","µV","18.681","°C","985.000","hPa","35.0","pmil","0","51.462","deg","22.621","°C","100.000","%a.s.","22.257","deg","22.682","°C","985.000","hPa","0.861","-0.02056","0.00035","-0.00011","0","14.7","Humid","28.35","0","65.20","249691.17","SABD0002000014","AAV2.0.0.13","4.0.0.2353","PSt7-10","000000-000","8/7/2024 3:37:09 PM","0000-00","0","no battery","V","215852","µV","96196","µV"
"08/11/2024","11:33:21","2","default","203499907","Sensor2","17.525","min","241.123","μmol/L","Humid","22.299","deg","92791","µV","18.687","°C","985.000","hPa","35.0","pmil","0","51.462","deg","22.621","°C","100.000","%a.s.","22.257","deg","22.682","°C","985.000","hPa","0.861","-0.02056","0.00035","-0.00011","0","14.7","Humid","28.35","0","65.20","249705.63","SABD0002000014","AAV2.0.0.13","4.0.0.2353","PSt7-10","000000-000","8/7/2024 3:37:09 PM","0000-00","0","no battery","V","215852","µV","96196","µV"
"08/11/2024","11:33:22","2","default","203499907","Sensor2","17.542","min","241.170","μmol/L","Humid","22.299","deg","92792","µV","18.681","°C","985.000","hPa","35.0","pmil","0","51.462","deg","22.621","°C","100.000","%a.s.","22.257","deg","22.682","°C","985.000","hPa","0.861","-0.02056","0.00035","-0.00011","0","14.7","Humid","28.35","0","65.20","249709.18","SABD0002000014","AAV2.0.0.13","4.0.0.2353","PSt7-10","000000-000","8/7/2024 3:37:09 PM","0000-00","0","no battery","V","215852","µV","96196","µV"
"08/11/2024","11:33:23","2","default","203499907","Sensor2","17.558","min","241.166","μmol/L","Humid","22.297","deg","92788","µV","18.687","°C","985.000","hPa","35.0","pmil","0","51.462","deg","22.621","°C","100.000","%a.s.","22.257","deg","22.682","°C","985.000","hPa","0.861","-0.02056","0.00035","-0.00011","0","14.7","Humid","28.35","0","65.20","249701.19","SABD0002000014","AAV2.0.0.13","4.0.0.2353","PSt7-10","000000-000","8/7/2024 3:37:09 PM","0000-00","0","no battery","V","215852","µV","96196","µV"
"08/11/2024","11:33:24","2","default","203499907","Sensor2","17.575","min","241.083","μmol/L","Humid","22.303","deg","92796","µV","18.681","°C","985.000","hPa","35.0","pmil","0","51.462","deg","22.621","°C","100.000","%a.s.","22.257","deg","22.682","°C","985.000","hPa","0.861","-0.02056","0.00035","-0.00011","0","14.7","Humid","28.35","0","65.20","249702.06","SABD0002000014","AAV2.0.0.13","4.0.0.2353","PSt7-10","000000-000","8/7/2024 3:37:09 PM","0000-00","0","no battery","V","215852","µV","96196","µV"
"08/11/2024","11:33:25","2","default","203499907","Sensor2","17.592","min","241.014","μmol/L","Humid","22.304","deg","92800","µV","18.687","°C","985.000","hPa","35.0","pmil","0","51.462","deg","22.621","°C","100.000","%a.s.","22.257","deg","22.682","°C","985.000","hPa","0.861","-0.02056","0.00035","-0.00011","0","14.7","Humid","28.35","0","65.20","249707.85","SABD0002000014","AAV2.0.0.13","4.0.0.2353","PSt7-10","000000-000","8/7/2024 3:37:09 PM","0000-00","0","no battery","V","215852","µV","96196","µV"
"08/11/2024","11:33:26","2","default","203499907","Sensor2","17.608","min","241.174","μmol/L","Humid","22.301","deg","92798","µV","18.675","°C","985.000","hPa","35.0","pmil","0","51.462","deg","22.621","°C","100.000","%a.s.","22.257","deg","22.682","°C","985.000","hPa","0.861","-0.02056","0.00035","-0.00011","0","14.7","Humid","28.35","0","65.20","249681.63","SABD0002000014","AAV2.0.0.13","4.0.0.2353","PSt7-10","000000-000","8/7/2024 3:37:09 PM","0000-00","0","no battery","V","215852","µV","96196","µV"
"08/11/2024","11:33:27","2","default","203499907","Sensor2","17.625","min","241.061","μmol/L","Humid","22.304","deg","92798","µV","18.681","°C","985.000","hPa","35.0","pmil","0","51.462","deg","22.621","°C","100.000","%a.s.","22.257","deg","22.682","°C","985.000","hPa","0.861","-0.02056","0.00035","-0.00011","0","14.7","Humid","28.35","0","65.20","249700.11","SABD0002000014","AAV2.0.0.13","4.0.0.2353","PSt7-10","000000-000","8/7/2024 3:37:09 PM","0000-00","0","no battery","V","215852","µV","96196","µV"
"08/11/2024","11:33:28","2","default","203499907","Sensor2","17.641","min","241.061","μmol/L","Humid","22.304","deg","92803","µV","18.681","°C","985.000","hPa","35.0","pmil","0","51.462","deg","22.621","°C","100.000","%a.s.","22.257","deg","22.682","°C","985.000","hPa","0.861","-0.02056","0.00035","-0.00011","0","14.7","Humid","28.35","0","65.20","249699.28","SABD0002000014","AAV2.0.0.13","4.0.0.2353","PSt7-10","000000-000","8/7/2024 3:37:09 PM","0000-00","0","no battery","V","215852","µV","96196","µV"
"08/11/2024","11:33:29","2","default","203499907","Sensor2","17.658","min","241.039","μmol/L","Humid","22.305","deg","92807","µV","18.681","°C","985.000","hPa","35.0","pmil","0","51.462","deg","22.621","°C","100.000","%a.s.","22.257","deg","22.682","°C","985.000","hPa","0.861","-0.02056","0.00035","-0.00011","0","14.7","Humid","28.35","0","65.20","249713.22","SABD0002000014","AAV2.0.0.13","4.0.0.2353","PSt7-10","000000-000","8/7/2024 3:37:09 PM","0000-00","0","no battery","V","215852","µV","96196","µV"
"08/11/2024","11:33:30","2","default","203499907","Sensor2","17.675","min","241.061","μmol/L","Humid","22.304","deg","92810","µV","18.681","°C","985.000","hPa","35.0","pmil","0","51.462","deg","22.621","°C","100.000","%a.s.","22.257","deg","22.682","°C","985.000","hPa","0.861","-0.02056","0.00035","-0.00011","0","14.7","Humid","28.35","0","65.20","249709.79","SABD0002000014","AAV2.0.0.13","4.0.0.2353","PSt7-10","000000-000","8/7/2024 3:37:09 PM","0000-00","0","no battery","V","215852","µV","96196","µV"
"08/11/2024","11:33:31","2","default","203499907","Sensor2","17.691","min","240.996","μmol/L","Humid","22.307","deg","92805","µV","18.681","°C","985.000","hPa","35.0","pmil","0","51.462","deg","22.621","°C","100.000","%a.s.","22.257","deg","22.682","°C","985.000","hPa","0.861","-0.02056","0.00035","-0.00011","0","14.7","Humid","28.35","0","65.20","249709.97","SABD0002000014","AAV2.0.0.13","4.0.0.2353","PSt7-10","000000-000","8/7/2024 3:37:09 PM","0000-00","0","no battery","V","215852","µV","96196","µV"
"08/11/2024","11:33:32","2","default","203499907","Sensor2","17.708","min","241.105","μmol/L","Humid","22.302","deg","92807","µV","18.681","°C","985.000","hPa","35.0","pmil","0","51.462","deg","22.621","°C","100.000","%a.s.","22.257","deg","22.682","°C","985.000","hPa","0.861","-0.02056","0.00035","-0.00011","0","14.7","Humid","28.35","0","65.20","249703.89","SABD0002000014","AAV2.0.0.13","4.0.0.2353","PSt7-10","000000-000","8/7/2024 3:37:09 PM","0000-00","0","no battery","V","215852","µV","96196","µV"
"08/11/2024","11:33:33","2","default","203499907","Sensor2","17.725","min","240.996","μmol/L","Humid","22.307","deg","92811","µV","18.681","°C","985.000","hPa","35.0","pmil","0","51.462","deg","22.621","°C","100.000","%a.s.","22.257","deg","22.682","°C","985.000","hPa","0.861","-0.02056","0.00035","-0.00011","0","14.7","Humid","28.35","0","65.20","249688.89","SABD0002000014","AAV2.0.0.13","4.0.0.2353","PSt7-10","000000-000","8/7/2024 3:37:09 PM","0000-00","0","no battery","V","215852","µV","96196","µV"
"08/11/2024","11:33:34","2","default","203499907","Sensor2","17.741","min","240.996","μmol/L","Humid","22.307","deg","92810","µV","18.681","°C","985.000","hPa","35.0","pmil","0","51.462","deg","22.621","°C","100.000","%a.s.","22.257","deg","22.682","°C","985.000","hPa","0.861","-0.02056","0.00035","-0.00011","0","14.7","Humid","28.35","0","65.20","249689.34","SABD0002000014","AAV2.0.0.13","4.0.0.2353","PSt7-10","000000-000","8/7/2024 3:37:09 PM","0000-00","0","no battery","V","215852","µV","96196","µV"
"08/11/2024","11:33:35","2","default","203499907","Sensor2","17.758","min","241.021","μmol/L","Humid","22.308","deg","92823","µV","18.675","°C","985.000","hPa","35.0","pmil","0","51.462","deg","22.621","°C","100.000","%a.s.","22.257","deg","22.682","°C","985.000","hPa","0.861","-0.02056","0.00035","-0.00011","0","14.7","Humid","28.35","0","65.20","249696.54","SABD0002000014","AAV2.0.0.13","4.0.0.2353","PSt7-10","000000-000","8/7/2024 3:37:09 PM","0000-00","0","no battery","V","215852","µV","96196","µV"
"08/11/2024","11:33:36","2","default","203499907","Sensor2","17.775","min","240.978","μmol/L","Humid","22.310","deg","92822","µV","18.675","°C","985.000","hPa","35.0","pmil","0","51.462","deg","22.621","°C","100.000","%a.s.","22.257","deg","22.682","°C","985.000","hPa","0.861","-0.02056","0.00035","-0.00011","0","14.7","Humid","28.35","0","65.20","249701.21","SABD0002000014","AAV2.0.0.13","4.0.0.2353","PSt7-10","000000-000","8/7/2024 3:37:09 PM","0000-00","0","no battery","V","215852","µV","96196","µV"
"08/11/2024","11:33:37","2","default","203499907","Sensor2","17.792","min","240.930","μmol/L","Humid","22.310","deg","92816","µV","18.681","°C","985.000","hPa","35.0","pmil","0","51.462","deg","22.621","°C","100.000","%a.s.","22.257","deg","22.682","°C","985.000","hPa","0.861","-0.02056","0.00035","-0.00011","0","14.7","Humid","28.35","0","65.20","249700.23","SABD0002000014","AAV2.0.0.13","4.0.0.2353","PSt7-10","000000-000","8/7/2024 3:37:09 PM","0000-00","0","no battery","V","215852","µV","96196","µV"
"08/11/2024","11:33:38","2","default","203499907","Sensor2","17.808","min","241.017","μmol/L","Humid","22.306","deg","92817","µV","18.681","°C","985.000","hPa","35.0","pmil","0","51.462","deg","22.621","°C","100.000","%a.s.","22.257","deg","22.682","°C","985.000","hPa","0.861","-0.02056","0.00035","-0.00011","0","14.7","Humid","28.35","0","65.20","249699.22","SABD0002000014","AAV2.0.0.13","4.0.0.2353","PSt7-10","000000-000","8/7/2024 3:37:09 PM","0000-00","0","no battery","V","215852","µV","96196","µV"
"08/11/2024","11:33:39","2","default","203499907","Sensor2","17.825","min","240.952","μmol/L","Humid","22.309","deg","92822","µV","18.681","°C","985.000","hPa","35.0","pmil","0","51.462","deg","22.621","°C","100.000","%a.s.","22.257","deg","22.682","°C","985.000","hPa","0.861","-0.02056","0.00035","-0.00011","0","14.7","Humid","28.35","0","65.20","249700.76","SABD0002000014","AAV2.0.0.13","4.0.0.2353","PSt7-10","000000-000","8/7/2024 3:37:09 PM","0000-00","0","no battery","V","215852","µV","96196","µV"
"08/11/2024","11:33:40","2","default","203499907","Sensor2","17.842","min","240.974","μmol/L","Humid","22.308","deg","92829","µV","18.681","°C","985.000","hPa","35.0","pmil","0","51.462","deg","22.621","°C","100.000","%a.s.","22.257","deg","22.682","°C","985.000","hPa","0.861","-0.02056","0.00035","-0.00011","0","14.7","Humid","28.35","0","65.20","249709.40","SABD0002000014","AAV2.0.0.13","4.0.0.2353","PSt7-10","000000-000","8/7/2024 3:37:09 PM","0000-00","0","no battery","V","215852","µV","96196","µV"
"08/11/2024","11:33:41","2","default","203499907","Sensor2","17.858","min","240.909","μmol/L","Humid","22.311","deg","92826","µV","18.681","°C","985.000","hPa","35.0","pmil","0","51.462","deg","22.621","°C","100.000","%a.s.","22.257","deg","22.682","°C","985.000","hPa","0.861","-0.02056","0.00035","-0.00011","0","14.7","Humid","28.35","0","65.20","249705.66","SABD0002000014","AAV2.0.0.13","4.0.0.2353","PSt7-10","000000-000","8/7/2024 3:37:09 PM","0000-00","0","no battery","V","215852","µV","96196","µV"
"08/11/2024","11:33:42","2","default","203499907","Sensor2","17.874","min","240.974","μmol/L","Humid","22.308","deg","92827","µV","18.681","°C","985.000","hPa","35.0","pmil","0","51.462","deg","22.621","°C","100.000","%a.s.","22.257","deg","22.682","°C","985.000","hPa","0.861","-0.02056","0.00035","-0.00011","0","14.7","Humid","28.35","0","65.20","249685.74","SABD0002000014","AAV2.0.0.13","4.0.0.2353","PSt7-10","000000-000","8/7/2024 3:37:09 PM","0000-00","0","no battery","V","215852","µV","96196","µV"
"08/11/2024","11:33:43","2","default","203499907","Sensor2","17.891","min","240.930","μmol/L","Humid","22.310","deg","92826","µV","18.681","°C","985.000","hPa","35.0","pmil","0","51.462","deg","22.621","°C","100.000","%a.s.","22.257","deg","22.682","°C","985.000","hPa","0.861","-0.02056","0.00035","-0.00011","0","14.7","Humid","28.35","0","65.20","249704.88","SABD0002000014","AAV2.0.0.13","4.0.0.2353","PSt7-10","000000-000","8/7/2024 3:37:09 PM","0000-00","0","no battery","V","215852","µV","96196","µV"
"08/11/2024","11:33:44","2","default","203499907","Sensor2","17.908","min","240.861","μmol/L","Humid","22.311","deg","92820","µV","18.687","°C","985.000","hPa","35.0","pmil","0","51.462","deg","22.621","°C","100.000","%a.s.","22.257","deg","22.682","°C","985.000","hPa","0.861","-0.02056","0.00035","-0.00011","0","14.7","Humid","28.35","0","65.20","249691.85","SABD0002000014","AAV2.0.0.13","4.0.0.2353","PSt7-10","000000-000","8/7/2024 3:37:09 PM","0000-00","0","no battery","V","215852","µV","96196","µV"
"08/11/2024","11:33:45","2","default","203499907","Sensor2","17.925","min","240.909","μmol/L","Humid","22.311","deg","92833","µV","18.681","°C","985.000","hPa","35.0","pmil","0","51.462","deg","22.621","°C","100.000","%a.s.","22.257","deg","22.682","°C","985.000","hPa","0.861","-0.02056","0.00035","-0.00011","0","14.7","Humid","28.35","0","65.20","249697.54","SABD0002000014","AAV2.0.0.13","4.0.0.2353","PSt7-10","000000-000","8/7/2024 3:37:09 PM","0000-00","0","no battery","V","215852","µV","96196","µV"
"08/11/2024","11:33:46","2","default","203499907","Sensor2","17.941","min","240.905","μmol/L","Humid","22.309","deg","92831","µV","18.687","°C","985.000","hPa","35.0","pmil","0","51.462","deg","22.621","°C","100.000","%a.s.","22.257","deg","22.682","°C","985.000","hPa","0.861","-0.02056","0.00035","-0.00011","0","14.7","Humid","28.35","0","65.20","249699.05","SABD0002000014","AAV2.0.0.13","4.0.0.2353","PSt7-10","000000-000","8/7/2024 3:37:09 PM","0000-00","0","no battery","V","215852","µV","96196","µV"
"08/11/2024","11:33:47","2","default","203499907","Sensor2","17.958","min","240.912","μmol/L","Humid","22.313","deg","92836","µV","18.675","°C","985.000","hPa","35.0","pmil","0","51.462","deg","22.621","°C","100.000","%a.s.","22.257","deg","22.682","°C","985.000","hPa","0.861","-0.02056","0.00035","-0.00011","0","14.7","Humid","28.35","0","65.20","249691.83","SABD0002000014","AAV2.0.0.13","4.0.0.2353","PSt7-10","000000-000","8/7/2024 3:37:09 PM","0000-00","0","no battery","V","215852","µV","96196","µV"
"08/11/2024","11:33:48","2","default","203499907","Sensor2","17.975","min","240.887","μmol/L","Humid","22.312","deg","92844","µV","18.681","°C","985.000","hPa","35.0","pmil","0","51.462","deg","22.621","°C","100.000","%a.s.","22.257","deg","22.682","°C","985.000","hPa","0.861","-0.02056","0.00035","-0.00011","0","14.7","Humid","28.35","0","65.20","249700.48","SABD0002000014","AAV2.0.0.13","4.0.0.2353","PSt7-10","000000-000","8/7/2024 3:37:09 PM","0000-00","0","no battery","V","215852","µV","96196","µV"
"08/11/2024","11:33:49","2","default","203499907","Sensor2","17.992","min","240.934","μmol/L","Humid","22.312","deg","92837","µV","18.675","°C","985.000","hPa","35.0","pmil","0","51.462","deg","22.621","°C","100.000","%a.s.","22.257","deg","22.682","°C","985.000","hPa","0.861","-0.02056","0.00035","-0.00011","0","14.7","Humid","28.35","0","65.20","249703.13","SABD0002000014","AAV2.0.0.13","4.0.0.2353","PSt7-10","000000-000","8/7/2024 3:37:09 PM","0000-00","0","no battery","V","215852","µV","96196","µV"
"08/11/2024","11:33:50","2","default","203499907","Sensor2","18.008","min","240.851","μmol/L","Humid","22.318","deg","92838","µV","18.669","°C","985.000","hPa","35.0","pmil","0","51.462","deg","22.621","°C","100.000","%a.s.","22.257","deg","22.682","°C","985.000","hPa","0.861","-0.02056","0.00035","-0.00011","0","14.7","Humid","28.35","0","65.20","249702.68","SABD0002000014","AAV2.0.0.13","4.0.0.2353","PSt7-10","000000-000","8/7/2024 3:37:09 PM","0000-00","0","no battery","V","215852","µV","96196","µV"
"08/11/2024","11:33:51","2","default","203499907","Sensor2","18.025","min","240.756","μmol/L","Humid","22.318","deg","92846","µV","18.681","°C","985.000","hPa","35.0","pmil","0","51.462","deg","22.621","°C","100.000","%a.s.","22.257","deg","22.682","°C","985.000","hPa","0.861","-0.02056","0.00035","-0.00011","0","14.7","Humid","28.35","0","65.20","249698.77","SABD0002000014","AAV2.0.0.13","4.0.0.2353","PSt7-10","000000-000","8/7/2024 3:37:09 PM","0000-00","0","no battery","V","215852","µV","96196","µV"
"08/11/2024","11:33:52","2","default","203499907","Sensor2","18.042","min","240.756","μmol/L","Humid","22.318","deg","92846","µV","18.681","°C","985.000","hPa","35.0","pmil","0","51.462","deg","22.621","°C","100.000","%a.s.","22.257","deg","22.682","°C","985.000","hPa","0.861","-0.02056","0.00035","-0.00011","0","14.7","Humid","28.35","0","65.20","249709.94","SABD0002000014","AAV2.0.0.13","4.0.0.2353","PSt7-10","000000-000","8/7/2024 3:37:09 PM","0000-00","0","no battery","V","215852","µV","96196","µV"
"08/11/2024","11:33:53","2","default","203499907","Sensor2","18.058","min","240.822","μmol/L","Humid","22.315","deg","92841","µV","18.681","°C","985.000","hPa","35.0","pmil","0","51.462","deg","22.621","°C","100.000","%a.s.","22.257","deg","22.682","°C","985.000","hPa","0.861","-0.02056","0.00035","-0.00011","0","14.7","Humid","28.35","0","65.20","249695.18","SABD0002000014","AAV2.0.0.13","4.0.0.2353","PSt7-10","000000-000","8/7/2024 3:37:09 PM","0000-00","0","no battery","V","215852","µV","96196","µV"
"08/11/2024","11:33:54","2","default","203499907","Sensor2","18.074","min","240.778","μmol/L","Humid","22.317","deg","92847","µV","18.681","°C","985.000","hPa","35.0","pmil","0","51.462","deg","22.621","°C","100.000","%a.s.","22.257","deg","22.682","°C","985.000","hPa","0.861","-0.02056","0.00035","-0.00011","0","14.7","Humid","28.35","0","65.20","249697.36","SABD0002000014","AAV2.0.0.13","4.0.0.2353","PSt7-10","000000-000","8/7/2024 3:37:09 PM","0000-00","0","no battery","V","215852","µV","96196","µV"
"08/11/2024","11:33:55","2","default","203499907","Sensor2","18.091","min","240.752","μmol/L","Humid","22.316","deg","92850","µV","18.687","°C","985.000","hPa","35.0","pmil","0","51.462","deg","22.621","°C","100.000","%a.s.","22.257","deg","22.682","°C","985.000","hPa","0.861","-0.02056","0.00035","-0.00011","0","14.7","Humid","28.35","0","65.20","249700.11","SABD0002000014","AAV2.0.0.13","4.0.0.2353","PSt7-10","000000-000","8/7/2024 3:37:09 PM","0000-00","0","no battery","V","215852","µV","96196","µV"
"08/11/2024","11:33:56","2","default","203499907","Sensor2","18.108","min","240.843","μmol/L","Humid","22.314","deg","92853","µV","18.681","°C","985.000","hPa","35.0","pmil","0","51.462","deg","22.621","°C","100.000","%a.s.","22.257","deg","22.682","°C","985.000","hPa","0.861","-0.02056","0.00035","-0.00011","0","14.7","Humid","28.35","0","65.20","249706.39","SABD0002000014","AAV2.0.0.13","4.0.0.2353","PSt7-10","000000-000","8/7/2024 3:37:09 PM","0000-00","0","no battery","V","215852","µV","96196","µV"
"08/11/2024","11:33:57","2","default","203499907","Sensor2","18.125","min","240.735","μmol/L","Humid","22.319","deg","92854","µV","18.681","°C","985.000","hPa","35.0","pmil","0","51.462","deg","22.621","°C","100.000","%a.s.","22.257","deg","22.682","°C","985.000","hPa","0.861","-0.02056","0.00035","-0.00011","0","14.7","Humid","28.35","0","65.20","249698.84","SABD0002000014","AAV2.0.0.13","4.0.0.2353","PSt7-10","000000-000","8/7/2024 3:37:09 PM","0000-00","0","no battery","V","215852","µV","96196","µV"
"08/11/2024","11:33:58","2","default","203499907","Sensor2","18.141","min","240.756","μmol/L","Humid","22.318","deg","92852","µV","18.681","°C","985.000","hPa","35.0","pmil","0","51.462","deg","22.621","°C","100.000","%a.s.","22.257","deg","22.682","°C","985.000","hPa","0.861","-0.02056","0.00035","-0.00011","0","14.7","Humid","28.35","0","65.20","249693.00","SABD0002000014","AAV2.0.0.13","4.0.0.2353","PSt7-10","000000-000","8/7/2024 3:37:09 PM","0000-00","0","no battery","V","215852","µV","96196","µV"
"08/11/2024","11:33:59","2","default","203499907","Sensor2","18.158","min","240.713","μmol/L","Humid","22.320","deg","92855","µV","18.681","°C","985.000","hPa","35.0","pmil","0","51.462","deg","22.621","°C","100.000","%a.s.","22.257","deg","22.682","°C","985.000","hPa","0.861","-0.02056","0.00035","-0.00011","0","14.7","Humid","28.35","0","65.20","249679.31","SABD0002000014","AAV2.0.0.13","4.0.0.2353","PSt7-10","000000-000","8/7/2024 3:37:09 PM","0000-00","0","no battery","V","215852","µV","96196","µV"
"08/11/2024","11:34:00","2","default","203499907","Sensor2","18.175","min","240.760","μmol/L","Humid","22.320","deg","92861","µV","18.675","°C","985.000","hPa","35.0","pmil","0","51.462","deg","22.621","°C","100.000","%a.s.","22.257","deg","22.682","°C","985.000","hPa","0.861","-0.02056","0.00035","-0.00011","0","14.7","Humid","28.35","0","65.20","249711.50","SABD0002000014","AAV2.0.0.13","4.0.0.2353","PSt7-10","000000-000","8/7/2024 3:37:09 PM","0000-00","0","no battery","V","215852","µV","96196","µV"
"08/11/2024","11:34:01","2","default","203499907","Sensor2","18.192","min","240.695","μmol/L","Humid","22.323","deg","92859","µV","18.675","°C","985.000","hPa","35.0","pmil","0","51.462","deg","22.621","°C","100.000","%a.s.","22.257","deg","22.682","°C","985.000","hPa","0.861","-0.02056","0.00035","-0.00011","0","14.7","Humid","28.35","0","65.20","249699.59","SABD0002000014","AAV2.0.0.13","4.0.0.2353","PSt7-10","000000-000","8/7/2024 3:37:09 PM","0000-00","0","no battery","V","215852","µV","96196","µV"
"08/11/2024","11:34:02","2","default","203499907","Sensor2","18.208","min","240.782","μmol/L","Humid","22.319","deg","92851","µV","18.675","°C","985.000","hPa","35.0","pmil","0","51.462","deg","22.621","°C","100.000","%a.s.","22.257","deg","22.682","°C","985.000","hPa","0.861","-0.02056","0.00035","-0.00011","0","14.7","Humid","28.35","0","65.20","249690.12","SABD0002000014","AAV2.0.0.13","4.0.0.2353","PSt7-10","000000-000","8/7/2024 3:37:09 PM","0000-00","0","no battery","V","215852","µV","96196","µV"
"08/11/2024","11:34:03","2","default","203499907","Sensor2","18.225","min","240.713","μmol/L","Humid","22.320","deg","92864","µV","18.681","°C","985.000","hPa","35.0","pmil","0","51.462","deg","22.621","°C","100.000","%a.s.","22.257","deg","22.682","°C","985.000","hPa","0.861","-0.02056","0.00035","-0.00011","0","14.7","Humid","28.35","0","65.20","249689.38","SABD0002000014","AAV2.0.0.13","4.0.0.2353","PSt7-10","000000-000","8/7/2024 3:37:09 PM","0000-00","0","no battery","V","215852","µV","96196","µV"
"08/11/2024","11:34:04","2","default","203499907","Sensor2","18.241","min","240.760","μmol/L","Humid","22.320","deg","92866","µV","18.675","°C","985.000","hPa","35.0","pmil","0","51.462","deg","22.621","°C","100.000","%a.s.","22.257","deg","22.682","°C","985.000","hPa","0.861","-0.02056","0.00035","-0.00011","0","14.7","Humid","28.35","0","65.20","249689.35","SABD0002000014","AAV2.0.0.13","4.0.0.2353","PSt7-10","000000-000","8/7/2024 3:37:09 PM","0000-00","0","no battery","V","215852","µV","96196","µV"
"08/11/2024","11:34:05","2","default","203499907","Sensor2","18.258","min","240.738","μmol/L","Humid","22.321","deg","92871","µV","18.675","°C","985.000","hPa","35.0","pmil","0","51.462","deg","22.621","°C","100.000","%a.s.","22.257","deg","22.682","°C","985.000","hPa","0.861","-0.02056","0.00035","-0.00011","0","14.7","Humid","28.35","0","65.20","249698.51","SABD0002000014","AAV2.0.0.13","4.0.0.2353","PSt7-10","000000-000","8/7/2024 3:37:09 PM","0000-00","0","no battery","V","215852","µV","96196","µV"
"08/11/2024","11:34:06","2","default","203499907","Sensor2","18.274","min","240.738","μmol/L","Humid","22.321","deg","92864","µV","18.675","°C","985.000","hPa","35.0","pmil","0","51.462","deg","22.621","°C","100.000","%a.s.","22.257","deg","22.682","°C","985.000","hPa","0.861","-0.02056","0.00035","-0.00011","0","14.7","Humid","28.35","0","65.20","249696.69","SABD0002000014","AAV2.0.0.13","4.0.0.2353","PSt7-10","000000-000","8/7/2024 3:37:09 PM","0000-00","0","no battery","V","215852","µV","96196","µV"
"08/11/2024","11:34:07","2","default","203499907","Sensor2","18.291","min","240.648","μmol/L","Humid","22.323","deg","92871","µV","18.681","°C","985.000","hPa","35.0","pmil","0","51.462","deg","22.621","°C","100.000","%a.s.","22.257","deg","22.682","°C","985.000","hPa","0.861","-0.02056","0.00035","-0.00011","0","14.7","Humid","28.35","0","65.20","249696.24","SABD0002000014","AAV2.0.0.13","4.0.0.2353","PSt7-10","000000-000","8/7/2024 3:37:09 PM","0000-00","0","no battery","V","215852","µV","96196","µV"
"08/11/2024","11:34:08","2","default","203499907","Sensor2","18.308","min","240.582","μmol/L","Humid","22.326","deg","92869","µV","18.681","°C","985.000","hPa","35.0","pmil","0","51.462","deg","22.621","°C","100.000","%a.s.","22.257","deg","22.682","°C","985.000","hPa","0.861","-0.02056","0.00035","-0.00011","0","14.7","Humid","28.35","0","65.20","249686.92","SABD0002000014","AAV2.0.0.13","4.0.0.2353","PSt7-10","000000-000","8/7/2024 3:37:09 PM","0000-00","0","no battery","V","215852","µV","96196","µV"
"08/11/2024","11:34:09","2","default","203499907","Sensor2","18.325","min","240.561","μmol/L","Humid","22.327","deg","92870","µV","18.681","°C","985.000","hPa","35.0","pmil","0","51.462","deg","22.621","°C","100.000","%a.s.","22.257","deg","22.682","°C","985.000","hPa","0.861","-0.02056","0.00035","-0.00011","0","14.7","Humid","28.35","0","65.20","249676.14","SABD0002000014","AAV2.0.0.13","4.0.0.2353","PSt7-10","000000-000","8/7/2024 3:37:09 PM","0000-00","0","no battery","V","215852","µV","96196","µV"
"08/11/2024","11:34:10","2","default","203499907","Sensor2","18.341","min","240.608","μmol/L","Humid","22.327","deg","92876","µV","18.675","°C","985.000","hPa","35.0","pmil","0","51.462","deg","22.621","°C","100.000","%a.s.","22.257","deg","22.682","°C","985.000","hPa","0.861","-0.02056","0.00035","-0.00011","0","14.7","Humid","28.35","0","65.20","249681.64","SABD0002000014","AAV2.0.0.13","4.0.0.2353","PSt7-10","000000-000","8/7/2024 3:37:09 PM","0000-00","0","no battery","V","215852","µV","96196","µV"
"08/11/2024","11:34:11","2","default","203499907","Sensor2","18.358","min","240.564","μmol/L","Humid","22.329","deg","92873","µV","18.675","°C","985.000","hPa","35.0","pmil","0","51.462","deg","22.621","°C","100.000","%a.s.","22.257","deg","22.682","°C","985.000","hPa","0.861","-0.02056","0.00035","-0.00011","0","14.7","Humid","28.35","0","65.20","249686.50","SABD0002000014","AAV2.0.0.13","4.0.0.2353","PSt7-10","000000-000","8/7/2024 3:37:09 PM","0000-00","0","no battery","V","215852","µV","96196","µV"
"08/11/2024","11:34:12","2","default","203499907","Sensor2","18.375","min","240.513","μmol/L","Humid","22.327","deg","92881","µV","18.687","°C","985.000","hPa","35.0","pmil","0","51.462","deg","22.621","°C","100.000","%a.s.","22.257","deg","22.682","°C","985.000","hPa","0.861","-0.02056","0.00035","-0.00011","0","14.7","Humid","28.35","0","65.20","249681.57","SABD0002000014","AAV2.0.0.13","4.0.0.2353","PSt7-10","000000-000","8/7/2024 3:37:09 PM","0000-00","0","no battery","V","215852","µV","96196","µV"
"08/11/2024","11:34:13","2","default","203499907","Sensor2","18.392","min","240.651","μmol/L","Humid","22.325","deg","92881","µV","18.675","°C","985.000","hPa","35.0","pmil","0","51.462","deg","22.621","°C","100.000","%a.s.","22.257","deg","22.682","°C","985.000","hPa","0.861","-0.02056","0.00035","-0.00011","0","14.7","Humid","28.35","0","65.20","249688.05","SABD0002000014","AAV2.0.0.13","4.0.0.2353","PSt7-10","000000-000","8/7/2024 3:37:09 PM","0000-00","0","no battery","V","215852","µV","96196","µV"
"08/11/2024","11:34:14","2","default","203499907","Sensor2","18.408","min","240.651","μmol/L","Humid","22.325","deg","92882","µV","18.675","°C","985.000","hPa","35.0","pmil","0","51.462","deg","22.621","°C","100.000","%a.s.","22.257","deg","22.682","°C","985.000","hPa","0.861","-0.02056","0.00035","-0.00011","0","14.7","Humid","28.35","0","65.20","249679.24","SABD0002000014","AAV2.0.0.13","4.0.0.2353","PSt7-10","000000-000","8/7/2024 3:37:09 PM","0000-00","0","no battery","V","215852","µV","96196","µV"
"08/11/2024","11:34:15","2","default","203499907","Sensor2","18.425","min","240.651","μmol/L","Humid","22.325","deg","92879","µV","18.675","°C","985.000","hPa","35.0","pmil","0","51.462","deg","22.621","°C","100.000","%a.s.","22.257","deg","22.682","°C","985.000","hPa","0.861","-0.02056","0.00035","-0.00011","0","14.7","Humid","28.35","0","65.20","249676.48","SABD0002000014","AAV2.0.0.13","4.0.0.2353","PSt7-10","000000-000","8/7/2024 3:37:09 PM","0000-00","0","no battery","V","215852","µV","96196","µV"
"08/11/2024","11:34:16","2","default","203499907","Sensor2","18.441","min","240.561","μmol/L","Humid","22.327","deg","92887","µV","18.681","°C","985.000","hPa","35.0","pmil","0","51.462","deg","22.621","°C","100.000","%a.s.","22.257","deg","22.682","°C","985.000","hPa","0.861","-0.02056","0.00035","-0.00011","0","14.7","Humid","28.35","0","65.20","249686.41","SABD0002000014","AAV2.0.0.13","4.0.0.2353","PSt7-10","000000-000","8/7/2024 3:37:09 PM","0000-00","0","no battery","V","215852","µV","96196","µV"
"08/11/2024","11:34:17","2","default","203499907","Sensor2","18.458","min","240.517","μmol/L","Humid","22.329","deg","92878","µV","18.681","°C","985.000","hPa","35.0","pmil","0","51.462","deg","22.621","°C","100.000","%a.s.","22.257","deg","22.682","°C","985.000","hPa","0.861","-0.02056","0.00035","-0.00011","0","14.7","Humid","28.35","0","65.20","249679.68","SABD0002000014","AAV2.0.0.13","4.0.0.2353","PSt7-10","000000-000","8/7/2024 3:37:09 PM","0000-00","0","no battery","V","215852","µV","96196","µV"
"08/11/2024","11:34:18","2","default","203499907","Sensor2","18.474","min","240.564","μmol/L","Humid","22.329","deg","92883","µV","18.675","°C","985.000","hPa","35.0","pmil","0","51.462","deg","22.621","°C","100.000","%a.s.","22.257","deg","22.682","°C","985.000","hPa","0.861","-0.02056","0.00035","-0.00011","0","14.7","Humid","28.35","0","65.20","249674.03","SABD0002000014","AAV2.0.0.13","4.0.0.2353","PSt7-10","000000-000","8/7/2024 3:37:09 PM","0000-00","0","no battery","V","215852","µV","96196","µV"
"08/11/2024","11:34:19","2","default","203499907","Sensor2","18.491","min","240.612","μmol/L","Humid","22.329","deg","92884","µV","18.669","°C","985.000","hPa","35.0","pmil","0","51.462","deg","22.621","°C","100.000","%a.s.","22.257","deg","22.682","°C","985.000","hPa","0.861","-0.02056","0.00035","-0.00011","0","14.7","Humid","28.35","0","65.20","249685.02","SABD0002000014","AAV2.0.0.13","4.0.0.2353","PSt7-10","000000-000","8/7/2024 3:37:09 PM","0000-00","0","no battery","V","215852","µV","96196","µV"
"08/11/2024","11:34:20","2","default","203499907","Sensor2","18.508","min","240.543","μmol/L","Humid","22.330","deg","92890","µV","18.675","°C","985.000","hPa","35.0","pmil","0","51.462","deg","22.621","°C","100.000","%a.s.","22.257","deg","22.682","°C","985.000","hPa","0.861","-0.02056","0.00035","-0.00011","0","14.7","Humid","28.35","0","65.20","249688.82","SABD0002000014","AAV2.0.0.13","4.0.0.2353","PSt7-10","000000-000","8/7/2024 3:37:09 PM","0000-00","0","no battery","V","215852","µV","96196","µV"
"08/11/2024","11:34:21","2","default","203499907","Sensor2","18.524","min","240.568","μmol/L","Humid","22.331","deg","92894","µV","18.669","°C","985.000","hPa","35.0","pmil","0","51.462","deg","22.621","°C","100.000","%a.s.","22.257","deg","22.682","°C","985.000","hPa","0.861","-0.02056","0.00035","-0.00011","0","14.7","Humid","28.35","0","65.20","249677.15","SABD0002000014","AAV2.0.0.13","4.0.0.2353","PSt7-10","000000-000","8/7/2024 3:37:09 PM","0000-00","0","no battery","V","215852","µV","96196","µV"
"08/11/2024","11:34:22","2","default","203499907","Sensor2","18.541","min","240.590","μmol/L","Humid","22.330","deg","92889","µV","18.669","°C","985.000","hPa","35.0","pmil","0","51.462","deg","22.621","°C","100.000","%a.s.","22.257","deg","22.682","°C","985.000","hPa","0.861","-0.02056","0.00035","-0.00011","0","14.7","Humid","28.35","0","65.20","249679.68","SABD0002000014","AAV2.0.0.13","4.0.0.2353","PSt7-10","000000-000","8/7/2024 3:37:09 PM","0000-00","0","no battery","V","215852","µV","96196","µV"
"08/11/2024","11:34:23","2","default","203499907","Sensor2","18.558","min","240.430","μmol/L","Humid","22.333","deg","92900","µV","18.681","°C","985.000","hPa","35.0","pmil","0","51.462","deg","22.621","°C","100.000","%a.s.","22.257","deg","22.682","°C","985.000","hPa","0.861","-0.02056","0.00035","-0.00011","0","14.7","Humid","28.35","0","65.20","249691.35","SABD0002000014","AAV2.0.0.13","4.0.0.2353","PSt7-10","000000-000","8/7/2024 3:37:09 PM","0000-00","0","no battery","V","215852","µV","96196","µV"
"08/11/2024","11:34:24","2","default","203499907","Sensor2","18.575","min","240.586","μmol/L","Humid","22.328","deg","92897","µV","18.675","°C","985.000","hPa","35.0","pmil","0","51.462","deg","22.621","°C","100.000","%a.s.","22.257","deg","22.682","°C","985.000","hPa","0.861","-0.02056","0.00035","-0.00011","0","14.7","Humid","28.35","0","65.20","249681.83","SABD0002000014","AAV2.0.0.13","4.0.0.2353","PSt7-10","000000-000","8/7/2024 3:37:09 PM","0000-00","0","no battery","V","215852","µV","96196","µV"
"08/11/2024","11:34:25","2","default","203499907","Sensor2","18.591","min","240.612","μmol/L","Humid","22.329","deg","92893","µV","18.669","°C","985.000","hPa","35.0","pmil","0","51.462","deg","22.621","°C","100.000","%a.s.","22.257","deg","22.682","°C","985.000","hPa","0.861","-0.02056","0.00035","-0.00011","0","14.7","Humid","28.35","0","65.20","249664.35","SABD0002000014","AAV2.0.0.13","4.0.0.2353","PSt7-10","000000-000","8/7/2024 3:37:09 PM","0000-00","0","no battery","V","215852","µV","96196","µV"
"08/11/2024","11:34:26","2","default","203499907","Sensor2","18.608","min","240.543","μmol/L","Humid","22.330","deg","92894","µV","18.675","°C","985.000","hPa","35.0","pmil","0","51.462","deg","22.621","°C","100.000","%a.s.","22.257","deg","22.682","°C","985.000","hPa","0.861","-0.02056","0.00035","-0.00011","0","14.7","Humid","28.35","0","65.20","249669.35","SABD0002000014","AAV2.0.0.13","4.0.0.2353","PSt7-10","000000-000","8/7/2024 3:37:09 PM","0000-00","0","no battery","V","215852","µV","96196","µV"
"08/11/2024","11:34:27","2","default","203499907","Sensor2","18.625","min","240.412","μmol/L","Humid","22.336","deg","92902","µV","18.675","°C","985.000","hPa","35.0","pmil","0","51.462","deg","22.621","°C","100.000","%a.s.","22.257","deg","22.682","°C","985.000","hPa","0.861","-0.02056","0.00035","-0.00011","0","14.7","Humid","28.35","0","65.20","249676.00","SABD0002000014","AAV2.0.0.13","4.0.0.2353","PSt7-10","000000-000","8/7/2024 3:37:09 PM","0000-00","0","no battery","V","215852","µV","96196","µV"
"08/11/2024","11:34:28","2","default","203499907","Sensor2","18.642","min","240.347","μmol/L","Humid","22.339","deg","92905","µV","18.675","°C","985.000","hPa","35.0","pmil","0","51.462","deg","22.621","°C","100.000","%a.s.","22.257","deg","22.682","°C","985.000","hPa","0.861","-0.02056","0.00035","-0.00011","0","14.7","Humid","28.35","0","65.20","249681.62","SABD0002000014","AAV2.0.0.13","4.0.0.2353","PSt7-10","000000-000","8/7/2024 3:37:09 PM","0000-00","0","no battery","V","215852","µV","96196","µV"
"08/11/2024","11:34:29","2","default","203499907","Sensor2","18.658","min","240.456","μmol/L","Humid","22.334","deg","92898","µV","18.675","°C","985.000","hPa","35.0","pmil","0","51.462","deg","22.621","°C","100.000","%a.s.","22.257","deg","22.682","°C","985.000","hPa","0.861","-0.02056","0.00035","-0.00011","0","14.7","Humid","28.35","0","65.20","249683.02","SABD0002000014","AAV2.0.0.13","4.0.0.2353","PSt7-10","000000-000","8/7/2024 3:37:09 PM","0000-00","0","no battery","V","215852","µV","96196","µV"
"08/11/2024","11:34:30","2","default","203499907","Sensor2","18.674","min","240.365","μmol/L","Humid","22.336","deg","92906","µV","18.681","°C","985.000","hPa","35.0","pmil","0","51.462","deg","22.621","°C","100.000","%a.s.","22.257","deg","22.682","°C","985.000","hPa","0.861","-0.02056","0.00035","-0.00011","0","14.7","Humid","28.35","0","65.20","249670.28","SABD0002000014","AAV2.0.0.13","4.0.0.2353","PSt7-10","000000-000","8/7/2024 3:37:09 PM","0000-00","0","no battery","V","215852","µV","96196","µV"
"08/11/2024","11:34:31","2","default","203499907","Sensor2","18.691","min","240.343","μmol/L","Humid","22.337","deg","92899","µV","18.681","°C","985.000","hPa","35.0","pmil","0","51.462","deg","22.621","°C","100.000","%a.s.","22.257","deg","22.682","°C","985.000","hPa","0.861","-0.02056","0.00035","-0.00011","0","14.7","Humid","28.35","0","65.20","249676.49","SABD0002000014","AAV2.0.0.13","4.0.0.2353","PSt7-10","000000-000","8/7/2024 3:37:09 PM","0000-00","0","no battery","V","215852","µV","96196","µV"
"08/11/2024","11:34:32","2","default","203499907","Sensor2","18.708","min","240.412","μmol/L","Humid","22.336","deg","92903","µV","18.675","°C","985.000","hPa","35.0","pmil","0","51.462","deg","22.621","°C","100.000","%a.s.","22.257","deg","22.682","°C","985.000","hPa","0.861","-0.02056","0.00035","-0.00011","0","14.7","Humid","28.35","0","65.20","249670.58","SABD0002000014","AAV2.0.0.13","4.0.0.2353","PSt7-10","000000-000","8/7/2024 3:37:09 PM","0000-00","0","no battery","V","215852","µV","96196","µV"
"08/11/2024","11:34:33","2","default","203499907","Sensor2","18.725","min","240.391","μmol/L","Humid","22.337","deg","92900","µV","18.675","°C","985.000","hPa","35.0","pmil","0","51.462","deg","22.621","°C","100.000","%a.s.","22.257","deg","22.682","°C","985.000","hPa","0.861","-0.02056","0.00035","-0.00011","0","14.7","Humid","28.35","0","65.20","249677.04","SABD0002000014","AAV2.0.0.13","4.0.0.2353","PSt7-10","000000-000","8/7/2024 3:37:09 PM","0000-00","0","no battery","V","215852","µV","96196","µV"
"08/11/2024","11:34:34","2","default","203499907","Sensor2","18.741","min","240.460","μmol/L","Humid","22.336","deg","92910","µV","18.669","°C","985.000","hPa","35.0","pmil","0","51.462","deg","22.621","°C","100.000","%a.s.","22.257","deg","22.682","°C","985.000","hPa","0.861","-0.02056","0.00035","-0.00011","0","14.7","Humid","28.35","0","65.20","249663.14","SABD0002000014","AAV2.0.0.13","4.0.0.2353","PSt7-10","000000-000","8/7/2024 3:37:09 PM","0000-00","0","no battery","V","215852","µV","96196","µV"
"08/11/2024","11:34:35","2","default","203499907","Sensor2","18.758","min","240.456","μmol/L","Humid","22.334","deg","92909","µV","18.675","°C","985.000","hPa","35.0","pmil","0","51.462","deg","22.621","°C","100.000","%a.s.","22.257","deg","22.682","°C","985.000","hPa","0.861","-0.02056","0.00035","-0.00011","0","14.7","Humid","28.35","0","65.20","249669.40","SABD0002000014","AAV2.0.0.13","4.0.0.2353","PSt7-10","000000-000","8/7/2024 3:37:09 PM","0000-00","0","no battery","V","215852","µV","96196","µV"
"08/11/2024","11:34:36","2","default","203499907","Sensor2","18.775","min","240.326","μmol/L","Humid","22.340","deg","92913","µV","18.675","°C","985.000","hPa","35.0","pmil","0","51.462","deg","22.621","°C","100.000","%a.s.","22.257","deg","22.682","°C","985.000","hPa","0.861","-0.02056","0.00035","-0.00011","0","14.7","Humid","28.35","0","65.20","249667.70","SABD0002000014","AAV2.0.0.13","4.0.0.2353","PSt7-10","000000-000","8/7/2024 3:37:09 PM","0000-00","0","no battery","V","215852","µV","96196","µV"
"08/11/2024","11:34:37","2","default","203499907","Sensor2","18.791","min","240.322","μmol/L","Humid","22.338","deg","92911","µV","18.681","°C","985.000","hPa","35.0","pmil","0","51.462","deg","22.621","°C","100.000","%a.s.","22.257","deg","22.682","°C","985.000","hPa","0.861","-0.02056","0.00035","-0.00011","0","14.7","Humid","28.35","0","65.20","249660.78","SABD0002000014","AAV2.0.0.13","4.0.0.2353","PSt7-10","000000-000","8/7/2024 3:37:09 PM","0000-00","0","no battery","V","215852","µV","96196","µV"
"08/11/2024","11:34:38","2","default","203499907","Sensor2","18.808","min","240.217","μmol/L","Humid","22.345","deg","92911","µV","18.675","°C","985.000","hPa","35.0","pmil","0","51.462","deg","22.621","°C","100.000","%a.s.","22.257","deg","22.682","°C","985.000","hPa","0.861","-0.02056","0.00035","-0.00011","0","14.7","Humid","28.35","0","65.20","249674.49","SABD0002000014","AAV2.0.0.13","4.0.0.2353","PSt7-10","000000-000","8/7/2024 3:37:09 PM","0000-00","0","no battery","V","215852","µV","96196","µV"
"08/11/2024","11:34:39","2","default","203499907","Sensor2","18.824","min","240.343","μmol/L","Humid","22.337","deg","92916","µV","18.681","°C","985.000","hPa","35.0","pmil","0","51.462","deg","22.621","°C","100.000","%a.s.","22.257","deg","22.682","°C","985.000","hPa","0.861","-0.02056","0.00035","-0.00011","0","14.7","Humid","28.35","0","65.20","249665.28","SABD0002000014","AAV2.0.0.13","4.0.0.2353","PSt7-10","000000-000","8/7/2024 3:37:09 PM","0000-00","0","no battery","V","215852","µV","96196","µV"
"08/11/2024","11:34:40","2","default","203499907","Sensor2","18.841","min","240.264","μmol/L","Humid","22.345","deg","92919","µV","18.669","°C","985.000","hPa","35.0","pmil","0","51.462","deg","22.621","°C","100.000","%a.s.","22.257","deg","22.682","°C","985.000","hPa","0.861","-0.02056","0.00035","-0.00011","0","14.7","Humid","28.35","0","65.20","249658.06","SABD0002000014","AAV2.0.0.13","4.0.0.2353","PSt7-10","000000-000","8/7/2024 3:37:09 PM","0000-00","0","no battery","V","215852","µV","96196","µV"
"08/11/2024","11:34:41","2","default","203499907","Sensor2","18.858","min","240.347","μmol/L","Humid","22.339","deg","92924","µV","18.675","°C","985.000","hPa","35.0","pmil","0","51.462","deg","22.621","°C","100.000","%a.s.","22.257","deg","22.682","°C","985.000","hPa","0.861","-0.02056","0.00035","-0.00011","0","14.7","Humid","28.35","0","65.20","249661.92","SABD0002000014","AAV2.0.0.13","4.0.0.2353","PSt7-10","000000-000","8/7/2024 3:37:09 PM","0000-00","0","no battery","V","215852","µV","96196","µV"
"08/11/2024","11:34:42","2","default","203499907","Sensor2","18.875","min","240.304","μmol/L","Humid","22.341","deg","92926","µV","18.675","°C","985.000","hPa","35.0","pmil","0","51.462","deg","22.621","°C","100.000","%a.s.","22.257","deg","22.682","°C","985.000","hPa","0.861","-0.02056","0.00035","-0.00011","0","14.7","Humid","28.35","0","65.20","249676.26","SABD0002000014","AAV2.0.0.13","4.0.0.2353","PSt7-10","000000-000","8/7/2024 3:37:09 PM","0000-00","0","no battery","V","215852","µV","96196","µV"
"08/11/2024","11:34:43","2","default","203499907","Sensor2","18.891","min","240.304","μmol/L","Humid","22.341","deg","92928","µV","18.675","°C","985.000","hPa","35.0","pmil","0","51.462","deg","22.621","°C","100.000","%a.s.","22.257","deg","22.682","°C","985.000","hPa","0.861","-0.02056","0.00035","-0.00011","0","14.7","Humid","28.35","0","65.20","249664.11","SABD0002000014","AAV2.0.0.13","4.0.0.2353","PSt7-10","000000-000","8/7/2024 3:37:09 PM","0000-00","0","no battery","V","215852","µV","96196","µV"
"08/11/2024","11:34:44","2","default","203499907","Sensor2","18.908","min","240.257","μmol/L","Humid","22.341","deg","92935","µV","18.681","°C","985.000","hPa","35.0","pmil","0","51.462","deg","22.621","°C","100.000","%a.s.","22.257","deg","22.682","°C","985.000","hPa","0.861","-0.02056","0.00035","-0.00011","0","14.7","Humid","28.35","0","65.20","249667.26","SABD0002000014","AAV2.0.0.13","4.0.0.2353","PSt7-10","000000-000","8/7/2024 3:37:09 PM","0000-00","0","no battery","V","215852","µV","96196","µV"
"08/11/2024","11:34:45","2","default","203499907","Sensor2","18.925","min","240.330","μmol/L","Humid","22.342","deg","92926","µV","18.669","°C","985.000","hPa","35.0","pmil","0","51.462","deg","22.621","°C","100.000","%a.s.","22.257","deg","22.682","°C","985.000","hPa","0.861","-0.02056","0.00035","-0.00011","0","14.7","Humid","28.35","0","65.20","249657.47","SABD0002000014","AAV2.0.0.13","4.0.0.2353","PSt7-10","000000-000","8/7/2024 3:37:09 PM","0000-00","0","no battery","V","215852","µV","96196","µV"
"08/11/2024","11:34:46","2","default","203499907","Sensor2","18.942","min","240.286","μmol/L","Humid","22.344","deg","92933","µV","18.669","°C","985.000","hPa","35.0","pmil","0","51.462","deg","22.621","°C","100.000","%a.s.","22.257","deg","22.682","°C","985.000","hPa","0.861","-0.02056","0.00035","-0.00011","0","14.7","Humid","28.35","0","65.20","249662.24","SABD0002000014","AAV2.0.0.13","4.0.0.2353","PSt7-10","000000-000","8/7/2024 3:37:09 PM","0000-00","0","no battery","V","215852","µV","96196","µV"
"08/11/2024","11:34:47","2","default","203499907","Sensor2","18.958","min","240.355","μmol/L","Humid","22.343","deg","92932","µV","18.662","°C","985.000","hPa","35.0","pmil","0","51.462","deg","22.621","°C","100.000","%a.s.","22.257","deg","22.682","°C","985.000","hPa","0.861","-0.02056","0.00035","-0.00011","0","14.7","Humid","28.35","0","65.20","249664.65","SABD0002000014","AAV2.0.0.13","4.0.0.2353","PSt7-10","000000-000","8/7/2024 3:37:09 PM","0000-00","0","no battery","V","215852","µV","96196","µV"
"08/11/2024","11:34:48","2","default","203499907","Sensor2","18.974","min","240.217","μmol/L","Humid","22.345","deg","92941","µV","18.675","°C","985.000","hPa","35.0","pmil","0","51.462","deg","22.621","°C","100.000","%a.s.","22.257","deg","22.682","°C","985.000","hPa","0.861","-0.02056","0.00035","-0.00011","0","14.7","Humid","28.35","0","65.20","249657.56","SABD0002000014","AAV2.0.0.13","4.0.0.2353","PSt7-10","000000-000","8/7/2024 3:37:09 PM","0000-00","0","no battery","V","215852","µV","96196","µV"
"08/11/2024","11:34:49","2","default","203499907","Sensor2","18.991","min","240.243","μmol/L","Humid","22.346","deg","92938","µV","18.669","°C","985.000","hPa","35.0","pmil","0","51.462","deg","22.621","°C","100.000","%a.s.","22.257","deg","22.682","°C","985.000","hPa","0.861","-0.02056","0.00035","-0.00011","0","14.7","Humid","28.35","0","65.20","249658.27","SABD0002000014","AAV2.0.0.13","4.0.0.2353","PSt7-10","000000-000","8/7/2024 3:37:09 PM","0000-00","0","no battery","V","215852","µV","96196","µV"
"08/11/2024","11:34:50","2","default","203499907","Sensor2","19.008","min","240.239","μmol/L","Humid","22.344","deg","92943","µV","18.675","°C","985.000","hPa","35.0","pmil","0","51.462","deg","22.621","°C","100.000","%a.s.","22.257","deg","22.682","°C","985.000","hPa","0.861","-0.02056","0.00035","-0.00011","0","14.7","Humid","28.35","0","65.20","249674.59","SABD0002000014","AAV2.0.0.13","4.0.0.2353","PSt7-10","000000-000","8/7/2024 3:37:09 PM","0000-00","0","no battery","V","215852","µV","96196","µV"
"08/11/2024","11:34:51","2","default","203499907","Sensor2","19.025","min","240.199","μmol/L","Humid","22.348","deg","92946","µV","18.669","°C","985.000","hPa","35.0","pmil","0","51.462","deg","22.621","°C","100.000","%a.s.","22.257","deg","22.682","°C","985.000","hPa","0.861","-0.02056","0.00035","-0.00011","0","14.7","Humid","28.35","0","65.20","249672.11","SABD0002000014","AAV2.0.0.13","4.0.0.2353","PSt7-10","000000-000","8/7/2024 3:37:09 PM","0000-00","0","no battery","V","215852","µV","96196","µV"
"08/11/2024","11:34:52","2","default","203499907","Sensor2","19.041","min","240.308","μmol/L","Humid","22.343","deg","92946","µV","18.669","°C","985.000","hPa","35.0","pmil","0","51.462","deg","22.621","°C","100.000","%a.s.","22.257","deg","22.682","°C","985.000","hPa","0.861","-0.02056","0.00035","-0.00011","0","14.7","Humid","28.35","0","65.20","249663.38","SABD0002000014","AAV2.0.0.13","4.0.0.2353","PSt7-10","000000-000","8/7/2024 3:37:09 PM","0000-00","0","no battery","V","215852","µV","96196","µV"
"08/11/2024","11:34:53","2","default","203499907","Sensor2","19.058","min","240.239","μmol/L","Humid","22.344","deg","92946","µV","18.675","°C","985.000","hPa","35.0","pmil","0","51.462","deg","22.621","°C","100.000","%a.s.","22.257","deg","22.682","°C","985.000","hPa","0.861","-0.02056","0.00035","-0.00011","0","14.7","Humid","28.35","0","65.20","249654.10","SABD0002000014","AAV2.0.0.13","4.0.0.2353","PSt7-10","000000-000","8/7/2024 3:37:09 PM","0000-00","0","no battery","V","215852","µV","96196","µV"
"08/11/2024","11:34:54","2","default","203499907","Sensor2","19.075","min","240.243","μmol/L","Humid","22.346","deg","92946","µV","18.669","°C","985.000","hPa","35.0","pmil","0","51.462","deg","22.621","°C","100.000","%a.s.","22.257","deg","22.682","°C","985.000","hPa","0.861","-0.02056","0.00035","-0.00011","0","14.7","Humid","28.35","0","65.20","249664.95","SABD0002000014","AAV2.0.0.13","4.0.0.2353","PSt7-10","000000-000","8/7/2024 3:37:09 PM","0000-00","0","no battery","V","215852","µV","96196","µV"
"08/11/2024","11:34:55","2","default","203499907","Sensor2","19.092","min","240.087","μmol/L","Humid","22.351","deg","92952","µV","18.675","°C","985.000","hPa","35.0","pmil","0","51.462","deg","22.621","°C","100.000","%a.s.","22.257","deg","22.682","°C","985.000","hPa","0.861","-0.02056","0.00035","-0.00011","0","14.7","Humid","28.35","0","65.20","249660.03","SABD0002000014","AAV2.0.0.13","4.0.0.2353","PSt7-10","000000-000","8/7/2024 3:37:09 PM","0000-00","0","no battery","V","215852","µV","96196","µV"
"08/11/2024","11:34:56","2","default","203499907","Sensor2","19.108","min","240.268","μmol/L","Humid","22.347","deg","92946","µV","18.662","°C","985.000","hPa","35.0","pmil","0","51.462","deg","22.621","°C","100.000","%a.s.","22.257","deg","22.682","°C","985.000","hPa","0.861","-0.02056","0.00035","-0.00011","0","14.7","Humid","28.35","0","65.20","249660.01","SABD0002000014","AAV2.0.0.13","4.0.0.2353","PSt7-10","000000-000","8/7/2024 3:37:09 PM","0000-00","0","no battery","V","215852","µV","96196","µV"
"08/11/2024","11:34:57","2","default","203499907","Sensor2","19.125","min","240.152","μmol/L","Humid","22.348","deg","92949","µV","18.675","°C","985.000","hPa","35.0","pmil","0","51.462","deg","22.621","°C","100.000","%a.s.","22.257","deg","22.682","°C","985.000","hPa","0.861","-0.02056","0.00035","-0.00011","0","14.7","Humid","28.35","0","65.20","249664.26","SABD0002000014","AAV2.0.0.13","4.0.0.2353","PSt7-10","000000-000","8/7/2024 3:37:09 PM","0000-00","0","no battery","V","215852","µV","96196","µV"
"08/11/2024","11:34:58","2","default","203499907","Sensor2","19.141","min","240.199","μmol/L","Humid","22.348","deg","92951","µV","18.669","°C","985.000","hPa","35.0","pmil","0","51.462","deg","22.621","°C","100.000","%a.s.","22.257","deg","22.682","°C","985.000","hPa","0.861","-0.02056","0.00035","-0.00011","0","14.7","Humid","28.35","0","65.20","249667.14","SABD0002000014","AAV2.0.0.13","4.0.0.2353","PSt7-10","000000-000","8/7/2024 3:37:09 PM","0000-00","0","no battery","V","215852","µV","96196","µV"
"08/11/2024","11:34:59","2","default","203499907","Sensor2","19.158","min","240.178","μmol/L","Humid","22.349","deg","92951","µV","18.669","°C","985.000","hPa","35.0","pmil","0","51.462","deg","22.621","°C","100.000","%a.s.","22.257","deg","22.682","°C","985.000","hPa","0.861","-0.02056","0.00035","-0.00011","0","14.7","Humid","28.35","0","65.20","249663.93","SABD0002000014","AAV2.0.0.13","4.0.0.2353","PSt7-10","000000-000","8/7/2024 3:37:09 PM","0000-00","0","no battery","V","215852","µV","96196","µV"
"08/11/2024","11:35:00","2","default","203499907","Sensor2","19.174","min","240.130","μmol/L","Humid","22.349","deg","92955","µV","18.675","°C","985.000","hPa","35.0","pmil","0","51.462","deg","22.621","°C","100.000","%a.s.","22.257","deg","22.682","°C","985.000","hPa","0.861","-0.02056","0.00035","-0.00011","0","14.7","Humid","28.35","0","65.20","249660.03","SABD0002000014","AAV2.0.0.13","4.0.0.2353","PSt7-10","000000-000","8/7/2024 3:37:09 PM","0000-00","0","no battery","V","215852","µV","96196","µV"
"08/11/2024","11:35:01","2","default","203499907","Sensor2","19.191","min","240.113","μmol/L","Humid","22.352","deg","92962","µV","18.669","°C","985.000","hPa","35.0","pmil","0","51.462","deg","22.621","°C","100.000","%a.s.","22.257","deg","22.682","°C","985.000","hPa","0.861","-0.02056","0.00035","-0.00011","0","14.7","Humid","28.35","0","65.20","249662.38","SABD0002000014","AAV2.0.0.13","4.0.0.2353","PSt7-10","000000-000","8/7/2024 3:37:09 PM","0000-00","0","no battery","V","215852","µV","96196","µV"
"08/11/2024","11:35:02","2","default","203499907","Sensor2","19.208","min","240.113","μmol/L","Humid","22.352","deg","92962","µV","18.669","°C","985.000","hPa","35.0","pmil","0","51.462","deg","22.621","°C","100.000","%a.s.","22.257","deg","22.682","°C","985.000","hPa","0.861","-0.02056","0.00035","-0.00011","0","14.7","Humid","28.35","0","65.20","249668.74","SABD0002000014","AAV2.0.0.13","4.0.0.2353","PSt7-10","000000-000","8/7/2024 3:37:09 PM","0000-00","0","no battery","V","215852","µV","96196","µV"
"08/11/2024","11:35:03","2","default","203499907","Sensor2","19.224","min","240.069","μmol/L","Humid","22.354","deg","92965","µV","18.669","°C","985.000","hPa","35.0","pmil","0","51.462","deg","22.621","°C","100.000","%a.s.","22.257","deg","22.682","°C","985.000","hPa","0.861","-0.02056","0.00035","-0.00011","0","14.7","Humid","28.35","0","65.20","249663.47","SABD0002000014","AAV2.0.0.13","4.0.0.2353","PSt7-10","000000-000","8/7/2024 3:37:09 PM","0000-00","0","no battery","V","215852","µV","96196","µV"
"08/11/2024","11:35:04","2","default","203499907","Sensor2","19.241","min","240.109","μmol/L","Humid","22.350","deg","92964","µV","18.675","°C","985.000","hPa","35.0","pmil","0","51.462","deg","22.621","°C","100.000","%a.s.","22.257","deg","22.682","°C","985.000","hPa","0.861","-0.02056","0.00035","-0.00011","0","14.7","Humid","28.35","0","65.20","249668.05","SABD0002000014","AAV2.0.0.13","4.0.0.2353","PSt7-10","000000-000","8/7/2024 3:37:09 PM","0000-00","0","no battery","V","215852","µV","96196","µV"
"08/11/2024","11:35:05","2","default","203499907","Sensor2","19.258","min","240.004","μmol/L","Humid","22.357","deg","92969","µV","18.669","°C","985.000","hPa","35.0","pmil","0","51.462","deg","22.621","°C","100.000","%a.s.","22.257","deg","22.682","°C","985.000","hPa","0.861","-0.02056","0.00035","-0.00011","0","14.7","Humid","28.35","0","65.20","249660.78","SABD0002000014","AAV2.0.0.13","4.0.0.2353","PSt7-10","000000-000","8/7/2024 3:37:09 PM","0000-00","0","no battery","V","215852","µV","96196","µV"
"08/11/2024","11:35:06","2","default","203499907","Sensor2","19.275","min","240.117","μmol/L","Humid","22.354","deg","92964","µV","18.662","°C","985.000","hPa","35.0","pmil","0","51.462","deg","22.621","°C","100.000","%a.s.","22.257","deg","22.682","°C","985.000","hPa","0.861","-0.02056","0.00035","-0.00011","0","14.7","Humid","28.35","0","65.20","249658.73","SABD0002000014","AAV2.0.0.13","4.0.0.2353","PSt7-10","000000-000","8/7/2024 3:37:09 PM","0000-00","0","no battery","V","215852","µV","96196","µV"
"08/11/2024","11:35:07","2","default","203499907","Sensor2","19.291","min","240.022","μmol/L","Humid","22.354","deg","92965","µV","18.675","°C","985.000","hPa","35.0","pmil","0","51.462","deg","22.621","°C","100.000","%a.s.","22.257","deg","22.682","°C","985.000","hPa","0.861","-0.02056","0.00035","-0.00011","0","14.7","Humid","28.35","0","65.20","249653.34","SABD0002000014","AAV2.0.0.13","4.0.0.2353","PSt7-10","000000-000","8/7/2024 3:37:09 PM","0000-00","0","no battery","V","215852","µV","96196","µV"
"08/11/2024","11:35:08","2","default","203499907","Sensor2","19.308","min","240.091","μmol/L","Humid","22.353","deg","92962","µV","18.669","°C","985.000","hPa","35.0","pmil","0","51.462","deg","22.621","°C","100.000","%a.s.","22.257","deg","22.682","°C","985.000","hPa","0.861","-0.02056","0.00035","-0.00011","0","14.7","Humid","28.35","0","65.20","249643.61","SABD0002000014","AAV2.0.0.13","4.0.0.2353","PSt7-10","000000-000","8/7/2024 3:37:09 PM","0000-00","0","no battery","V","215852","µV","96196","µV"
"08/11/2024","11:35:09","2","default","203499907","Sensor2","19.325","min","239.939","μmol/L","Humid","22.360","deg","92969","µV","18.669","°C","985.000","hPa","35.0","pmil","0","51.462","deg","22.621","°C","100.000","%a.s.","22.257","deg","22.682","°C","985.000","hPa","0.861","-0.02056","0.00035","-0.00011","0","14.7","Humid","28.35","0","65.20","249651.71","SABD0002000014","AAV2.0.0.13","4.0.0.2353","PSt7-10","000000-000","8/7/2024 3:37:09 PM","0000-00","0","no battery","V","215852","µV","96196","µV"
"08/11/2024","11:35:10","2","default","203499907","Sensor2","19.342","min","240.073","μmol/L","Humid","22.356","deg","92969","µV","18.662","°C","985.000","hPa","35.0","pmil","0","51.462","deg","22.621","°C","100.000","%a.s.","22.257","deg","22.682","°C","985.000","hPa","0.861","-0.02056","0.00035","-0.00011","0","14.7","Humid","28.35","0","65.20","249652.31","SABD0002000014","AAV2.0.0.13","4.0.0.2353","PSt7-10","000000-000","8/7/2024 3:37:09 PM","0000-00","0","no battery","V","215852","µV","96196","µV"
"08/11/2024","11:35:11","2","default","203499907","Sensor2","19.358","min","240.069","μmol/L","Humid","22.354","deg","92970","µV","18.669","°C","985.000","hPa","35.0","pmil","0","51.462","deg","22.621","°C","100.000","%a.s.","22.257","deg","22.682","°C","985.000","hPa","0.861","-0.02056","0.00035","-0.00011","0","14.7","Humid","28.35","0","65.20","249645.24","SABD0002000014","AAV2.0.0.13","4.0.0.2353","PSt7-10","000000-000","8/7/2024 3:37:09 PM","0000-00","0","no battery","V","215852","µV","96196","µV"
"08/11/2024","11:35:12","2","default","203499907","Sensor2","19.375","min","240.004","μmol/L","Humid","22.357","deg","92976","µV","18.669","°C","985.000","hPa","35.0","pmil","0","51.462","deg","22.621","°C","100.000","%a.s.","22.257","deg","22.682","°C","985.000","hPa","0.861","-0.02056","0.00035","-0.00011","0","14.7","Humid","28.35","0","65.20","249652.20","SABD0002000014","AAV2.0.0.13","4.0.0.2353","PSt7-10","000000-000","8/7/2024 3:37:09 PM","0000-00","0","no battery","V","215852","µV","96196","µV"
"08/11/2024","11:35:13","2","default","203499907","Sensor2","19.392","min","240.052","μmol/L","Humid","22.357","deg","92972","µV","18.662","°C","985.000","hPa","35.0","pmil","0","51.462","deg","22.621","°C","100.000","%a.s.","22.257","deg","22.682","°C","985.000","hPa","0.861","-0.02056","0.00035","-0.00011","0","14.7","Humid","28.35","0","65.20","249645.52","SABD0002000014","AAV2.0.0.13","4.0.0.2353","PSt7-10","000000-000","8/7/2024 3:37:09 PM","0000-00","0","no battery","V","215852","µV","96196","µV"
"08/11/2024","11:35:14","2","default","203499907","Sensor2","19.408","min","240.026","μmol/L","Humid","22.356","deg","92981","µV","18.669","°C","985.000","hPa","35.0","pmil","0","51.462","deg","22.621","°C","100.000","%a.s.","22.257","deg","22.682","°C","985.000","hPa","0.861","-0.02056","0.00035","-0.00011","0","14.7","Humid","28.35","0","65.20","249644.07","SABD0002000014","AAV2.0.0.13","4.0.0.2353","PSt7-10","000000-000","8/7/2024 3:37:09 PM","0000-00","0","no battery","V","215852","µV","96196","µV"
"08/11/2024","11:35:15","2","default","203499907","Sensor2","19.424","min","239.935","μmol/L","Humid","22.358","deg","92972","µV","18.675","°C","985.000","hPa","35.0","pmil","0","51.462","deg","22.621","°C","100.000","%a.s.","22.257","deg","22.682","°C","985.000","hPa","0.861","-0.02056","0.00035","-0.00011","0","14.7","Humid","28.35","0","65.20","249645.47","SABD0002000014","AAV2.0.0.13","4.0.0.2353","PSt7-10","000000-000","8/7/2024 3:37:09 PM","0000-00","0","no battery","V","215852","µV","96196","µV"
"08/11/2024","11:35:16","2","default","203499907","Sensor2","19.441","min","240.004","μmol/L","Humid","22.357","deg","92991","µV","18.669","°C","985.000","hPa","35.0","pmil","0","51.462","deg","22.621","°C","100.000","%a.s.","22.257","deg","22.682","°C","985.000","hPa","0.861","-0.02056","0.00035","-0.00011","0","14.7","Humid","28.35","0","65.20","249650.52","SABD0002000014","AAV2.0.0.13","4.0.0.2353","PSt7-10","000000-000","8/7/2024 3:37:09 PM","0000-00","0","no battery","V","215852","µV","96196","µV"
"08/11/2024","11:35:17","2","default","203499907","Sensor2","19.458","min","240.008","μmol/L","Humid","22.359","deg","92979","µV","18.662","°C","985.000","hPa","35.0","pmil","0","51.462","deg","22.621","°C","100.000","%a.s.","22.257","deg","22.682","°C","985.000","hPa","0.861","-0.02056","0.00035","-0.00011","0","14.7","Humid","28.35","0","65.20","249653.09","SABD0002000014","AAV2.0.0.13","4.0.0.2353","PSt7-10","000000-000","8/7/2024 3:37:09 PM","0000-00","0","no battery","V","215852","µV","96196","µV"
"08/11/2024","11:35:18","2","default","203499907","Sensor2","19.475","min","240.026","μmol/L","Humid","22.356","deg","92983","µV","18.669","°C","985.000","hPa","35.0","pmil","0","51.462","deg","22.621","°C","100.000","%a.s.","22.257","deg","22.682","°C","985.000","hPa","0.861","-0.02056","0.00035","-0.00011","0","14.7","Humid","28.35","0","65.20","249647.37","SABD0002000014","AAV2.0.0.13","4.0.0.2353","PSt7-10","000000-000","8/7/2024 3:37:09 PM","0000-00","0","no battery","V","215852","µV","96196","µV"
"08/11/2024","11:35:19","2","default","203499907","Sensor2","19.491","min","239.849","μmol/L","Humid","22.362","deg","92982","µV","18.675","°C","985.000","hPa","35.0","pmil","0","51.462","deg","22.621","°C","100.000","%a.s.","22.257","deg","22.682","°C","985.000","hPa","0.861","-0.02056","0.00035","-0.00011","0","14.7","Humid","28.35","0","65.20","249647.85","SABD0002000014","AAV2.0.0.13","4.0.0.2353","PSt7-10","000000-000","8/7/2024 3:37:09 PM","0000-00","0","no battery","V","215852","µV","96196","µV"
"08/11/2024","11:35:20","2","default","203499907","Sensor2","19.508","min","239.896","μmol/L","Humid","22.362","deg","92986","µV","18.669","°C","985.000","hPa","35.0","pmil","0","51.462","deg","22.621","°C","100.000","%a.s.","22.257","deg","22.682","°C","985.000","hPa","0.861","-0.02056","0.00035","-0.00011","0","14.7","Humid","28.35","0","65.20","249644.09","SABD0002000014","AAV2.0.0.13","4.0.0.2353","PSt7-10","000000-000","8/7/2024 3:37:09 PM","0000-00","0","no battery","V","215852","µV","96196","µV"
"08/11/2024","11:35:21","2","default","203499907","Sensor2","19.525","min","239.961","μmol/L","Humid","22.359","deg","92994","µV","18.669","°C","985.000","hPa","35.0","pmil","0","51.462","deg","22.621","°C","100.000","%a.s.","22.257","deg","22.682","°C","985.000","hPa","0.861","-0.02056","0.00035","-0.00011","0","14.7","Humid","28.35","0","65.20","249653.85","SABD0002000014","AAV2.0.0.13","4.0.0.2353","PSt7-10","000000-000","8/7/2024 3:37:09 PM","0000-00","0","no battery","V","215852","µV","96196","µV"
"08/11/2024","11:35:22","2","default","203499907","Sensor2","19.542","min","239.965","μmol/L","Humid","22.361","deg","92992","µV","18.662","°C","985.000","hPa","35.0","pmil","0","51.462","deg","22.621","°C","100.000","%a.s.","22.257","deg","22.682","°C","985.000","hPa","0.861","-0.02056","0.00035","-0.00011","0","14.7","Humid","28.35","0","65.20","249641.69","SABD0002000014","AAV2.0.0.13","4.0.0.2353","PSt7-10","000000-000","8/7/2024 3:37:09 PM","0000-00","0","no battery","V","215852","µV","96196","µV"
"08/11/2024","11:35:23","2","default","203499907","Sensor2","19.558","min","239.943","μmol/L","Humid","22.362","deg","92993","µV","18.662","°C","985.000","hPa","35.0","pmil","0","51.462","deg","22.621","°C","100.000","%a.s.","22.257","deg","22.682","°C","985.000","hPa","0.861","-0.02056","0.00035","-0.00011","0","14.7","Humid","28.35","0","65.20","249646.93","SABD0002000014","AAV2.0.0.13","4.0.0.2353","PSt7-10","000000-000","8/7/2024 3:37:09 PM","0000-00","0","no battery","V","215852","µV","96196","µV"
"08/11/2024","11:35:24","2","default","203499907","Sensor2","19.575","min","239.874","μmol/L","Humid","22.363","deg","92993","µV","18.669","°C","985.000","hPa","35.0","pmil","0","51.462","deg","22.621","°C","100.000","%a.s.","22.257","deg","22.682","°C","985.000","hPa","0.861","-0.02056","0.00035","-0.00011","0","14.7","Humid","28.35","0","65.20","249648.72","SABD0002000014","AAV2.0.0.13","4.0.0.2353","PSt7-10","000000-000","8/7/2024 3:37:09 PM","0000-00","0","no battery","V","215852","µV","96196","µV"
"08/11/2024","11:35:25","2","default","203499907","Sensor2","19.591","min","239.961","μmol/L","Humid","22.359","deg","92996","µV","18.669","°C","985.000","hPa","35.0","pmil","0","51.462","deg","22.621","°C","100.000","%a.s.","22.257","deg","22.682","°C","985.000","hPa","0.861","-0.02056","0.00035","-0.00011","0","14.7","Humid","28.35","0","65.20","249646.13","SABD0002000014","AAV2.0.0.13","4.0.0.2353","PSt7-10","000000-000","8/7/2024 3:37:09 PM","0000-00","0","no battery","V","215852","µV","96196","µV"
"08/11/2024","11:35:26","2","default","203499907","Sensor2","19.608","min","239.857","μmol/L","Humid","22.366","deg","93001","µV","18.662","°C","985.000","hPa","35.0","pmil","0","51.462","deg","22.621","°C","100.000","%a.s.","22.257","deg","22.682","°C","985.000","hPa","0.861","-0.02056","0.00035","-0.00011","0","14.7","Humid","28.35","0","65.20","249655.70","SABD0002000014","AAV2.0.0.13","4.0.0.2353","PSt7-10","000000-000","8/7/2024 3:37:09 PM","0000-00","0","no battery","V","215852","µV","96196","µV"
"08/11/2024","11:35:27","2","default","203499907","Sensor2","19.625","min","239.874","μmol/L","Humid","22.363","deg","93003","µV","18.669","°C","985.000","hPa","35.0","pmil","0","51.462","deg","22.621","°C","100.000","%a.s.","22.257","deg","22.682","°C","985.000","hPa","0.861","-0.02056","0.00035","-0.00011","0","14.7","Humid","28.35","0","65.20","249650.56","SABD0002000014","AAV2.0.0.13","4.0.0.2353","PSt7-10","000000-000","8/7/2024 3:37:09 PM","0000-00","0","no battery","V","215852","µV","96196","µV"
"08/11/2024","11:35:28","2","default","203499907","Sensor2","19.641","min","239.900","μmol/L","Humid","22.364","deg","93001","µV","18.662","°C","985.000","hPa","35.0","pmil","0","51.462","deg","22.621","°C","100.000","%a.s.","22.257","deg","22.682","°C","985.000","hPa","0.861","-0.02056","0.00035","-0.00011","0","14.7","Humid","28.35","0","65.20","249647.20","SABD0002000014","AAV2.0.0.13","4.0.0.2353","PSt7-10","000000-000","8/7/2024 3:37:09 PM","0000-00","0","no battery","V","215852","µV","96196","µV"
"08/11/2024","11:35:29","2","default","203499907","Sensor2","19.658","min","239.784","μmol/L","Humid","22.365","deg","93007","µV","18.675","°C","985.000","hPa","35.0","pmil","0","51.462","deg","22.621","°C","100.000","%a.s.","22.257","deg","22.682","°C","985.000","hPa","0.861","-0.02056","0.00035","-0.00011","0","14.7","Humid","28.35","0","65.20","249652.95","SABD0002000014","AAV2.0.0.13","4.0.0.2353","PSt7-10","000000-000","8/7/2024 3:37:09 PM","0000-00","0","no battery","V","215852","µV","96196","µV"
"08/11/2024","11:35:30","2","default","203499907","Sensor2","19.675","min","239.697","μmol/L","Humid","22.369","deg","93006","µV","18.675","°C","985.000","hPa","35.0","pmil","0","51.462","deg","22.621","°C","100.000","%a.s.","22.257","deg","22.682","°C","985.000","hPa","0.861","-0.02056","0.00035","-0.00011","0","14.7","Humid","28.35","0","65.20","249650.37","SABD0002000014","AAV2.0.0.13","4.0.0.2353","PSt7-10","000000-000","8/7/2024 3:37:09 PM","0000-00","0","no battery","V","215852","µV","96196","µV"
"08/11/2024","11:35:31","2","default","203499907","Sensor2","19.691","min","239.809","μmol/L","Humid","22.366","deg","93003","µV","18.669","°C","985.000","hPa","35.0","pmil","0","51.462","deg","22.621","°C","100.000","%a.s.","22.257","deg","22.682","°C","985.000","hPa","0.861","-0.02056","0.00035","-0.00011","0","14.7","Humid","28.35","0","65.20","249637.36","SABD0002000014","AAV2.0.0.13","4.0.0.2353","PSt7-10","000000-000","8/7/2024 3:37:09 PM","0000-00","0","no battery","V","215852","µV","96196","µV"
"08/11/2024","11:35:32","2","default","203499907","Sensor2","19.708","min","239.805","μmol/L","Humid","22.364","deg","93010","µV","18.675","°C","985.000","hPa","35.0","pmil","0","51.462","deg","22.621","°C","100.000","%a.s.","22.257","deg","22.682","°C","985.000","hPa","0.861","-0.02056","0.00035","-0.00011","0","14.7","Humid","28.35","0","65.20","249661.28","SABD0002000014","AAV2.0.0.13","4.0.0.2353","PSt7-10","000000-000","8/7/2024 3:37:09 PM","0000-00","0","no battery","V","215852","µV","96196","µV"
"08/11/2024","11:35:33","2","default","203499907","Sensor2","19.725","min","239.878","μmol/L","Humid","22.365","deg","93014","µV","18.662","°C","985.000","hPa","35.0","pmil","0","51.462","deg","22.621","°C","100.000","%a.s.","22.257","deg","22.682","°C","985.000","hPa","0.861","-0.02056","0.00035","-0.00011","0","14.7","Humid","28.35","0","65.20","249653.41","SABD0002000014","AAV2.0.0.13","4.0.0.2353","PSt7-10","000000-000","8/7/2024 3:37:09 PM","0000-00","0","no battery","V","215852","µV","96196","µV"
"08/11/2024","11:35:34","2","default","203499907","Sensor2","19.742","min","239.835","μmol/L","Humid","22.367","deg","93010","µV","18.662","°C","985.000","hPa","35.0","pmil","0","51.462","deg","22.621","°C","100.000","%a.s.","22.257","deg","22.682","°C","985.000","hPa","0.861","-0.02056","0.00035","-0.00011","0","14.7","Humid","28.35","0","65.20","249645.93","SABD0002000014","AAV2.0.0.13","4.0.0.2353","PSt7-10","000000-000","8/7/2024 3:37:09 PM","0000-00","0","no battery","V","215852","µV","96196","µV"
"08/11/2024","11:35:35","2","default","203499907","Sensor2","19.758","min","239.878","μmol/L","Humid","22.365","deg","93018","µV","18.662","°C","985.000","hPa","35.0","pmil","0","51.462","deg","22.621","°C","100.000","%a.s.","22.257","deg","22.682","°C","985.000","hPa","0.861","-0.02056","0.00035","-0.00011","0","14.7","Humid","28.35","0","65.20","249646.32","SABD0002000014","AAV2.0.0.13","4.0.0.2353","PSt7-10","000000-000","8/7/2024 3:37:09 PM","0000-00","0","no battery","V","215852","µV","96196","µV"
"08/11/2024","11:35:36","2","default","203499907","Sensor2","19.774","min","239.788","μmol/L","Humid","22.367","deg","93014","µV","18.669","°C","985.000","hPa","35.0","pmil","0","51.462","deg","22.621","°C","100.000","%a.s.","22.257","deg","22.682","°C","985.000","hPa","0.861","-0.02056","0.00035","-0.00011","0","14.7","Humid","28.35","0","65.20","249637.87","SABD0002000014","AAV2.0.0.13","4.0.0.2353","PSt7-10","000000-000","8/7/2024 3:37:09 PM","0000-00","0","no battery","V","215852","µV","96196","µV"
"08/11/2024","11:35:37","2","default","203499907","Sensor2","19.791","min","239.766","μmol/L","Humid","22.368","deg","93016","µV","18.669","°C","985.000","hPa","35.0","pmil","0","51.462","deg","22.621","°C","100.000","%a.s.","22.257","deg","22.682","°C","985.000","hPa","0.861","-0.02056","0.00035","-0.00011","0","14.7","Humid","28.35","0","65.20","249646.88","SABD0002000014","AAV2.0.0.13","4.0.0.2353","PSt7-10","000000-000","8/7/2024 3:37:09 PM","0000-00","0","no battery","V","215852","µV","96196","µV"
"08/11/2024","11:35:38","2","default","203499907","Sensor2","19.808","min","239.792","μmol/L","Humid","22.369","deg","93018","µV","18.662","°C","985.000","hPa","35.0","pmil","0","51.462","deg","22.621","°C","100.000","%a.s.","22.257","deg","22.682","°C","985.000","hPa","0.861","-0.02056","0.00035","-0.00011","0","14.7","Humid","28.35","0","65.20","249644.07","SABD0002000014","AAV2.0.0.13","4.0.0.2353","PSt7-10","000000-000","8/7/2024 3:37:09 PM","0000-00","0","no battery","V","215852","µV","96196","µV"
"08/11/2024","11:35:39","2","default","203499907","Sensor2","19.825","min","239.701","μmol/L","Humid","22.371","deg","93013","µV","18.669","°C","985.000","hPa","35.0","pmil","0","51.462","deg","22.621","°C","100.000","%a.s.","22.257","deg","22.682","°C","985.000","hPa","0.861","-0.02056","0.00035","-0.00011","0","14.7","Humid","28.35","0","65.20","249636.84","SABD0002000014","AAV2.0.0.13","4.0.0.2353","PSt7-10","000000-000","8/7/2024 3:37:09 PM","0000-00","0","no battery","V","215852","µV","96196","µV"
"08/11/2024","11:35:40","2","default","203499907","Sensor2","19.841","min","239.744","μmol/L","Humid","22.369","deg","93019","µV","18.669","°C","985.000","hPa","35.0","pmil","0","51.462","deg","22.621","°C","100.000","%a.s.","22.257","deg","22.682","°C","985.000","hPa","0.861","-0.02056","0.00035","-0.00011","0","14.7","Humid","28.35","0","65.20","249639.68","SABD0002000014","AAV2.0.0.13","4.0.0.2353","PSt7-10","000000-000","8/7/2024 3:37:09 PM","0000-00","0","no battery","V","215852","µV","96196","µV"
"08/11/2024","11:35:41","2","default","203499907","Sensor2","19.858","min","239.727","μmol/L","Humid","22.372","deg","93023","µV","18.662","°C","985.000","hPa","35.0","pmil","0","51.462","deg","22.621","°C","100.000","%a.s.","22.257","deg","22.682","°C","985.000","hPa","0.861","-0.02056","0.00035","-0.00011","0","14.7","Humid","28.35","0","65.20","249643.86","SABD0002000014","AAV2.0.0.13","4.0.0.2353","PSt7-10","000000-000","8/7/2024 3:37:09 PM","0000-00","0","no battery","V","215852","µV","96196","µV"
"08/11/2024","11:35:42","2","default","203499907","Sensor2","19.875","min","239.792","μmol/L","Humid","22.369","deg","93024","µV","18.662","°C","985.000","hPa","35.0","pmil","0","51.462","deg","22.621","°C","100.000","%a.s.","22.257","deg","22.682","°C","985.000","hPa","0.861","-0.02056","0.00035","-0.00011","0","14.7","Humid","28.35","0","65.20","249634.10","SABD0002000014","AAV2.0.0.13","4.0.0.2353","PSt7-10","000000-000","8/7/2024 3:37:09 PM","0000-00","0","no battery","V","215852","µV","96196","µV"
"08/11/2024","11:35:43","2","default","203499907","Sensor2","19.892","min","239.796","μmol/L","Humid","22.371","deg","93029","µV","18.656","°C","985.000","hPa","35.0","pmil","0","51.462","deg","22.621","°C","100.000","%a.s.","22.257","deg","22.682","°C","985.000","hPa","0.861","-0.02056","0.00035","-0.00011","0","14.7","Humid","28.35","0","65.20","249640.91","SABD0002000014","AAV2.0.0.13","4.0.0.2353","PSt7-10","000000-000","8/7/2024 3:37:09 PM","0000-00","0","no battery","V","215852","µV","96196","µV"
"08/11/2024","11:35:44","2","default","203499907","Sensor2","19.908","min","239.705","μmol/L","Humid","22.373","deg","93029","µV","18.662","°C","985.000","hPa","35.0","pmil","0","51.462","deg","22.621","°C","100.000","%a.s.","22.257","deg","22.682","°C","985.000","hPa","0.861","-0.02056","0.00035","-0.00011","0","14.7","Humid","28.35","0","65.20","249636.77","SABD0002000014","AAV2.0.0.13","4.0.0.2353","PSt7-10","000000-000","8/7/2024 3:37:09 PM","0000-00","0","no battery","V","215852","µV","96196","µV"
"08/11/2024","11:35:45","2","default","203499907","Sensor2","19.925","min","239.744","μmol/L","Humid","22.369","deg","93030","µV","18.669","°C","985.000","hPa","35.0","pmil","0","51.462","deg","22.621","°C","100.000","%a.s.","22.257","deg","22.682","°C","985.000","hPa","0.861","-0.02056","0.00035","-0.00011","0","14.7","Humid","28.35","0","65.20","249651.71","SABD0002000014","AAV2.0.0.13","4.0.0.2353","PSt7-10","000000-000","8/7/2024 3:37:09 PM","0000-00","0","no battery","V","215852","µV","96196","µV"
"08/11/2024","11:35:46","2","default","203499907","Sensor2","19.941","min","239.662","μmol/L","Humid","22.375","deg","93034","µV","18.662","°C","985.000","hPa","35.0","pmil","0","51.462","deg","22.621","°C","100.000","%a.s.","22.257","deg","22.682","°C","985.000","hPa","0.861","-0.02056","0.00035","-0.00011","0","14.7","Humid","28.35","0","65.20","249652.91","SABD0002000014","AAV2.0.0.13","4.0.0.2353","PSt7-10","000000-000","8/7/2024 3:37:09 PM","0000-00","0","no battery","V","215852","µV","96196","µV"
"08/11/2024","11:35:47","2","default","203499907","Sensor2","19.958","min","239.770","μmol/L","Humid","22.370","deg","93036","µV","18.662","°C","985.000","hPa","35.0","pmil","0","51.462","deg","22.621","°C","100.000","%a.s.","22.257","deg","22.682","°C","985.000","hPa","0.861","-0.02056","0.00035","-0.00011","0","14.7","Humid","28.35","0","65.20","249635.98","SABD0002000014","AAV2.0.0.13","4.0.0.2353","PSt7-10","000000-000","8/7/2024 3:37:09 PM","0000-00","0","no battery","V","215852","µV","96196","µV"
"08/11/2024","11:35:48","2","default","203499907","Sensor2","19.974","min","239.709","μmol/L","Humid","22.375","deg","93033","µV","18.656","°C","985.000","hPa","35.0","pmil","0","51.462","deg","22.621","°C","100.000","%a.s.","22.257","deg","22.682","°C","985.000","hPa","0.861","-0.02056","0.00035","-0.00011","0","14.7","Humid","28.35","0","65.20","249632.26","SABD0002000014","AAV2.0.0.13","4.0.0.2353","PSt7-10","000000-000","8/7/2024 3:37:09 PM","0000-00","0","no battery","V","215852","µV","96196","µV"
"08/11/2024","11:35:49","2","default","203499907","Sensor2","19.991","min","239.748","μmol/L","Humid","22.371","deg","93037","µV","18.662","°C","985.000","hPa","35.0","pmil","0","51.462","deg","22.621","°C","100.000","%a.s.","22.257","deg","22.682","°C","985.000","hPa","0.861","-0.02056","0.00035","-0.00011","0","14.7","Humid","28.35","0","65.20","249636.14","SABD0002000014","AAV2.0.0.13","4.0.0.2353","PSt7-10","000000-000","8/7/2024 3:37:09 PM","0000-00","0","no battery","V","215852","µV","96196","µV"
"08/11/2024","11:35:50","2","default","203499907","Sensor2","20.008","min","239.705","μmol/L","Humid","22.373","deg","93043","µV","18.662","°C","985.000","hPa","35.0","pmil","0","51.462","deg","22.621","°C","100.000","%a.s.","22.257","deg","22.682","°C","985.000","hPa","0.861","-0.02056","0.00035","-0.00011","0","14.7","Humid","28.35","0","65.20","249643.49","SABD0002000014","AAV2.0.0.13","4.0.0.2353","PSt7-10","000000-000","8/7/2024 3:37:09 PM","0000-00","0","no battery","V","215852","µV","96196","µV"
"08/11/2024","11:35:51","2","default","203499907","Sensor2","20.025","min","239.597","μmol/L","Humid","22.378","deg","93048","µV","18.662","°C","985.000","hPa","35.0","pmil","0","51.462","deg","22.621","°C","100.000","%a.s.","22.257","deg","22.682","°C","985.000","hPa","0.861","-0.02056","0.00035","-0.00011","0","14.7","Humid","28.35","0","65.20","249642.40","SABD0002000014","AAV2.0.0.13","4.0.0.2353","PSt7-10","000000-000","8/7/2024 3:37:09 PM","0000-00","0","no battery","V","215852","µV","96196","µV"
"08/11/2024","11:35:52","2","default","203499907","Sensor2","20.041","min","239.644","μmol/L","Humid","22.378","deg","93037","µV","18.656","°C","985.000","hPa","35.0","pmil","0","51.462","deg","22.621","°C","100.000","%a.s.","22.257","deg","22.682","°C","985.000","hPa","0.861","-0.02056","0.00035","-0.00011","0","14.7","Humid","28.35","0","65.20","249642.56","SABD0002000014","AAV2.0.0.13","4.0.0.2353","PSt7-10","000000-000","8/7/2024 3:37:09 PM","0000-00","0","no battery","V","215852","µV","96196","µV"
"08/11/2024","11:35:53","2","default","203499907","Sensor2","20.058","min","239.619","μmol/L","Humid","22.377","deg","93038","µV","18.662","°C","985.000","hPa","35.0","pmil","0","51.462","deg","22.621","°C","100.000","%a.s.","22.257","deg","22.682","°C","985.000","hPa","0.861","-0.02056","0.00035","-0.00011","0","14.7","Humid","28.35","0","65.20","249636.95","SABD0002000014","AAV2.0.0.13","4.0.0.2353","PSt7-10","000000-000","8/7/2024 3:37:09 PM","0000-00","0","no battery","V","215852","µV","96196","µV"
"08/11/2024","11:35:54","2","default","203499907","Sensor2","20.075","min","239.683","μmol/L","Humid","22.374","deg","93046","µV","18.662","°C","985.000","hPa","35.0","pmil","0","51.462","deg","22.621","°C","100.000","%a.s.","22.257","deg","22.682","°C","985.000","hPa","0.861","-0.02056","0.00035","-0.00011","0","14.7","Humid","28.35","0","65.20","249630.29","SABD0002000014","AAV2.0.0.13","4.0.0.2353","PSt7-10","000000-000","8/7/2024 3:37:09 PM","0000-00","0","no battery","V","215852","µV","96196","µV"
"08/11/2024","11:35:55","2","default","203499907","Sensor2","20.091","min","239.666","μmol/L","Humid","22.377","deg","93047","µV","18.656","°C","985.000","hPa","35.0","pmil","0","51.462","deg","22.621","°C","100.000","%a.s.","22.257","deg","22.682","°C","985.000","hPa","0.861","-0.02056","0.00035","-0.00011","0","14.7","Humid","28.35","0","65.20","249634.26","SABD0002000014","AAV2.0.0.13","4.0.0.2353","PSt7-10","000000-000","8/7/2024 3:37:09 PM","0000-00","0","no battery","V","215852","µV","96196","µV"
"08/11/2024","11:35:56","2","default","203499907","Sensor2","20.108","min","239.644","μmol/L","Humid","22.378","deg","93055","µV","18.656","°C","985.000","hPa","35.0","pmil","0","51.462","deg","22.621","°C","100.000","%a.s.","22.257","deg","22.682","°C","985.000","hPa","0.861","-0.02056","0.00035","-0.00011","0","14.7","Humid","28.35","0","65.20","249627.74","SABD0002000014","AAV2.0.0.13","4.0.0.2353","PSt7-10","000000-000","8/7/2024 3:37:09 PM","0000-00","0","no battery","V","215852","µV","96196","µV"
"08/11/2024","11:35:57","2","default","203499907","Sensor2","20.125","min","239.532","μmol/L","Humid","22.381","deg","93056","µV","18.662","°C","985.000","hPa","35.0","pmil","0","51.462","deg","22.621","°C","100.000","%a.s.","22.257","deg","22.682","°C","985.000","hPa","0.861","-0.02056","0.00035","-0.00011","0","14.7","Humid","28.35","0","65.20","249623.91","SABD0002000014","AAV2.0.0.13","4.0.0.2353","PSt7-10","000000-000","8/7/2024 3:37:09 PM","0000-00","0","no battery","V","215852","µV","96196","µV"
"08/11/2024","11:35:58","2","default","203499907","Sensor2","20.141","min","239.619","μmol/L","Humid","22.377","deg","93058","µV","18.662","°C","985.000","hPa","35.0","pmil","0","51.462","deg","22.621","°C","100.000","%a.s.","22.257","deg","22.682","°C","985.000","hPa","0.861","-0.02056","0.00035","-0.00011","0","14.7","Humid","28.35","0","65.20","249638.56","SABD0002000014","AAV2.0.0.13","4.0.0.2353","PSt7-10","000000-000","8/7/2024 3:37:09 PM","0000-00","0","no battery","V","215852","µV","96196","µV"
"08/11/2024","11:35:59","2","default","203499907","Sensor2","20.158","min","239.532","μmol/L","Humid","22.381","deg","93053","µV","18.662","°C","985.000","hPa","35.0","pmil","0","51.462","deg","22.621","°C","100.000","%a.s.","22.257","deg","22.682","°C","985.000","hPa","0.861","-0.02056","0.00035","-0.00011","0","14.7","Humid","28.35","0","65.20","249639.72","SABD0002000014","AAV2.0.0.13","4.0.0.2353","PSt7-10","000000-000","8/7/2024 3:37:09 PM","0000-00","0","no battery","V","215852","µV","96196","µV"
"08/11/2024","11:36:00","2","default","203499907","Sensor2","20.174","min","239.666","μmol/L","Humid","22.377","deg","93056","µV","18.656","°C","985.000","hPa","35.0","pmil","0","51.462","deg","22.621","°C","100.000","%a.s.","22.257","deg","22.682","°C","985.000","hPa","0.861","-0.02056","0.00035","-0.00011","0","14.7","Humid","28.35","0","65.20","249634.57","SABD0002000014","AAV2.0.0.13","4.0.0.2353","PSt7-10","000000-000","8/7/2024 3:37:09 PM","0000-00","0","no battery","V","215852","µV","96196","µV"
"08/11/2024","11:36:01","2","default","203499907","Sensor2","20.191","min","239.558","μmol/L","Humid","22.382","deg","93061","µV","18.656","°C","985.000","hPa","35.0","pmil","0","51.462","deg","22.621","°C","100.000","%a.s.","22.257","deg","22.682","°C","985.000","hPa","0.861","-0.02056","0.00035","-0.00011","0","14.7","Humid","28.35","0","65.20","249641.70","SABD0002000014","AAV2.0.0.13","4.0.0.2353","PSt7-10","000000-000","8/7/2024 3:37:09 PM","0000-00","0","no battery","V","215852","µV","96196","µV"
"08/11/2024","11:36:02","2","default","203499907","Sensor2","20.208","min","239.532","μmol/L","Humid","22.381","deg","93063","µV","18.662","°C","985.000","hPa","35.0","pmil","0","51.462","deg","22.621","°C","100.000","%a.s.","22.257","deg","22.682","°C","985.000","hPa","0.861","-0.02056","0.00035","-0.00011","0","14.7","Humid","28.35","0","65.20","249646.09","SABD0002000014","AAV2.0.0.13","4.0.0.2353","PSt7-10","000000-000","8/7/2024 3:37:09 PM","0000-00","0","no battery","V","215852","µV","96196","µV"
"08/11/2024","11:36:03","2","default","203499907","Sensor2","20.225","min","239.532","μmol/L","Humid","22.381","deg","93060","µV","18.662","°C","985.000","hPa","35.0","pmil","0","51.462","deg","22.621","°C","100.000","%a.s.","22.257","deg","22.682","°C","985.000","hPa","0.861","-0.02056","0.00035","-0.00011","0","14.7","Humid","28.35","0","65.20","249639.92","SABD0002000014","AAV2.0.0.13","4.0.0.2353","PSt7-10","000000-000","8/7/2024 3:37:09 PM","0000-00","0","no battery","V","215852","µV","96196","µV"
"08/11/2024","11:36:04","2","default","203499907","Sensor2","20.242","min","239.532","μmol/L","Humid","22.381","deg","93073","µV","18.662","°C","985.000","hPa","35.0","pmil","0","51.462","deg","22.621","°C","100.000","%a.s.","22.257","deg","22.682","°C","985.000","hPa","0.861","-0.02056","0.00035","-0.00011","0","14.7","Humid","28.35","0","65.20","249637.46","SABD0002000014","AAV2.0.0.13","4.0.0.2353","PSt7-10","000000-000","8/7/2024 3:37:09 PM","0000-00","0","no battery","V","215852","µV","96196","µV"
"08/11/2024","11:36:05","2","default","203499907","Sensor2","20.258","min","239.558","μmol/L","Humid","22.382","deg","93060","µV","18.656","°C","985.000","hPa","35.0","pmil","0","51.462","deg","22.621","°C","100.000","%a.s.","22.257","deg","22.682","°C","985.000","hPa","0.861","-0.02056","0.00035","-0.00011","0","14.7","Humid","28.35","0","65.20","249632.36","SABD0002000014","AAV2.0.0.13","4.0.0.2353","PSt7-10","000000-000","8/7/2024 3:37:09 PM","0000-00","0","no battery","V","215852","µV","96196","µV"
"08/11/2024","11:36:06","2","default","203499907","Sensor2","20.275","min","239.554","μmol/L","Humid","22.380","deg","93063","µV","18.662","°C","985.000","hPa","35.0","pmil","0","51.462","deg","22.621","°C","100.000","%a.s.","22.257","deg","22.682","°C","985.000","hPa","0.861","-0.02056","0.00035","-0.00011","0","14.7","Humid","28.35","0","65.20","249620.21","SABD0002000014","AAV2.0.0.13","4.0.0.2353","PSt7-10","000000-000","8/7/2024 3:37:09 PM","0000-00","0","no battery","V","215852","µV","96196","µV"
"08/11/2024","11:36:07","2","default","203499907","Sensor2","20.292","min","239.558","μmol/L","Humid","22.382","deg","93071","µV","18.656","°C","985.000","hPa","35.0","pmil","0","51.462","deg","22.621","°C","100.000","%a.s.","22.257","deg","22.682","°C","985.000","hPa","0.861","-0.02056","0.00035","-0.00011","0","14.7","Humid","28.35","0","65.20","249622.99","SABD0002000014","AAV2.0.0.13","4.0.0.2353","PSt7-10","000000-000","8/7/2024 3:37:09 PM","0000-00","0","no battery","V","215852","µV","96196","µV"
"08/11/2024","11:36:08","2","default","203499907","Sensor2","20.308","min","239.558","μmol/L","Humid","22.382","deg","93071","µV","18.656","°C","985.000","hPa","35.0","pmil","0","51.462","deg","22.621","°C","100.000","%a.s.","22.257","deg","22.682","°C","985.000","hPa","0.861","-0.02056","0.00035","-0.00011","0","14.7","Humid","28.35","0","65.20","249625.19","SABD0002000014","AAV2.0.0.13","4.0.0.2353","PSt7-10","000000-000","8/7/2024 3:37:09 PM","0000-00","0","no battery","V","215852","µV","96196","µV"
"08/11/2024","11:36:09","2","default","203499907","Sensor2","20.324","min","239.446","μmol/L","Humid","22.385","deg","93068","µV","18.662","°C","985.000","hPa","35.0","pmil","0","51.462","deg","22.621","°C","100.000","%a.s.","22.257","deg","22.682","°C","985.000","hPa","0.861","-0.02056","0.00035","-0.00011","0","14.7","Humid","28.35","0","65.20","249627.83","SABD0002000014","AAV2.0.0.13","4.0.0.2353","PSt7-10","000000-000","8/7/2024 3:37:09 PM","0000-00","0","no battery","V","215852","µV","96196","µV"
"08/11/2024","11:36:10","2","default","203499907","Sensor2","20.341","min","239.450","μmol/L","Humid","22.387","deg","93073","µV","18.656","°C","985.000","hPa","35.0","pmil","0","51.462","deg","22.621","°C","100.000","%a.s.","22.257","deg","22.682","°C","985.000","hPa","0.861","-0.02056","0.00035","-0.00011","0","14.7","Humid","28.35","0","65.20","249623.29","SABD0002000014","AAV2.0.0.13","4.0.0.2353","PSt7-10","000000-000","8/7/2024 3:37:09 PM","0000-00","0","no battery","V","215852","µV","96196","µV"
"08/11/2024","11:36:11","2","default","203499907","Sensor2","20.358","min","239.514","μmol/L","Humid","22.384","deg","93074","µV","18.656","°C","985.000","hPa","35.0","pmil","0","51.462","deg","22.621","°C","100.000","%a.s.","22.257","deg","22.682","°C","985.000","hPa","0.861","-0.02056","0.00035","-0.00011","0","14.7","Humid","28.35","0","65.20","249627.84","SABD0002000014","AAV2.0.0.13","4.0.0.2353","PSt7-10","000000-000","8/7/2024 3:37:09 PM","0000-00","0","no battery","V","215852","µV","96196","µV"
"08/11/2024","11:36:12","2","default","203499907","Sensor2","20.374","min","239.385","μmol/L","Humid","22.390","deg","93075","µV","18.656","°C","985.000","hPa","35.0","pmil","0","51.462","deg","22.621","°C","100.000","%a.s.","22.257","deg","22.682","°C","985.000","hPa","0.861","-0.02056","0.00035","-0.00011","0","14.7","Humid","28.35","0","65.20","249619.04","SABD0002000014","AAV2.0.0.13","4.0.0.2353","PSt7-10","000000-000","8/7/2024 3:37:09 PM","0000-00","0","no battery","V","215852","µV","96196","µV"
"08/11/2024","11:36:13","2","default","203499907","Sensor2","20.391","min","239.406","μmol/L","Humid","22.389","deg","93076","µV","18.656","°C","985.000","hPa","35.0","pmil","0","51.462","deg","22.621","°C","100.000","%a.s.","22.257","deg","22.682","°C","985.000","hPa","0.861","-0.02056","0.00035","-0.00011","0","14.7","Humid","28.35","0","65.20","249625.54","SABD0002000014","AAV2.0.0.13","4.0.0.2353","PSt7-10","000000-000","8/7/2024 3:37:09 PM","0000-00","0","no battery","V","215852","µV","96196","µV"
"08/11/2024","11:36:14","2","default","203499907","Sensor2","20.408","min","239.493","μmol/L","Humid","22.385","deg","93083","µV","18.656","°C","985.000","hPa","35.0","pmil","0","51.462","deg","22.621","°C","100.000","%a.s.","22.257","deg","22.682","°C","985.000","hPa","0.861","-0.02056","0.00035","-0.00011","0","14.7","Humid","28.35","0","65.20","249624.16","SABD0002000014","AAV2.0.0.13","4.0.0.2353","PSt7-10","000000-000","8/7/2024 3:37:09 PM","0000-00","0","no battery","V","215852","µV","96196","µV"
"08/11/2024","11:36:15","2","default","203499907","Sensor2","20.425","min","239.338","μmol/L","Humid","22.390","deg","93083","µV","18.662","°C","985.000","hPa","35.0","pmil","0","51.462","deg","22.621","°C","100.000","%a.s.","22.257","deg","22.682","°C","985.000","hPa","0.861","-0.02056","0.00035","-0.00011","0","14.7","Humid","28.35","0","65.20","249622.53","SABD0002000014","AAV2.0.0.13","4.0.0.2353","PSt7-10","000000-000","8/7/2024 3:37:09 PM","0000-00","0","no battery","V","215852","µV","96196","µV"
"08/11/2024","11:36:16","2","default","203499907","Sensor2","20.441","min","239.583","μmol/L","Humid","22.383","deg","93086","µV","18.650","°C","985.000","hPa","35.0","pmil","0","51.462","deg","22.621","°C","100.000","%a.s.","22.257","deg","22.682","°C","985.000","hPa","0.861","-0.02056","0.00035","-0.00011","0","14.7","Humid","28.35","0","65.20","249633.74","SABD0002000014","AAV2.0.0.13","4.0.0.2353","PSt7-10","000000-000","8/7/2024 3:37:09 PM","0000-00","0","no battery","V","215852","µV","96196","µV"
"08/11/2024","11:36:17","2","default","203499907","Sensor2","20.458","min","239.363","μmol/L","Humid","22.391","deg","93089","µV","18.656","°C","985.000","hPa","35.0","pmil","0","51.462","deg","22.621","°C","100.000","%a.s.","22.257","deg","22.682","°C","985.000","hPa","0.861","-0.02056","0.00035","-0.00011","0","14.7","Humid","28.35","0","65.20","249626.42","SABD0002000014","AAV2.0.0.13","4.0.0.2353","PSt7-10","000000-000","8/7/2024 3:37:09 PM","0000-00","0","no battery","V","215852","µV","96196","µV"
"08/11/2024","11:36:18","2","default","203499907","Sensor2","20.475","min","239.320","μmol/L","Humid","22.393","deg","93092","µV","18.656","°C","985.000","hPa","35.0","pmil","0","51.462","deg","22.621","°C","100.000","%a.s.","22.257","deg","22.682","°C","985.000","hPa","0.861","-0.02056","0.00035","-0.00011","0","14.7","Humid","28.35","0","65.20","249614.07","SABD0002000014","AAV2.0.0.13","4.0.0.2353","PSt7-10","000000-000","8/7/2024 3:37:09 PM","0000-00","0","no battery","V","215852","µV","96196","µV"
"08/11/2024","11:36:19","2","default","203499907","Sensor2","20.491","min","239.428","μmol/L","Humid","22.388","deg","93081","µV","18.656","°C","985.000","hPa","35.0","pmil","0","51.462","deg","22.621","°C","100.000","%a.s.","22.257","deg","22.682","°C","985.000","hPa","0.861","-0.02056","0.00035","-0.00011","0","14.7","Humid","28.35","0","65.20","249627.62","SABD0002000014","AAV2.0.0.13","4.0.0.2353","PSt7-10","000000-000","8/7/2024 3:37:09 PM","0000-00","0","no battery","V","215852","µV","96196","µV"
"08/11/2024","11:36:20","2","default","203499907","Sensor2","20.508","min","239.316","μmol/L","Humid","22.391","deg","93082","µV","18.662","°C","985.000","hPa","35.0","pmil","0","51.462","deg","22.621","°C","100.000","%a.s.","22.257","deg","22.682","°C","985.000","hPa","0.861","-0.02056","0.00035","-0.00011","0","14.7","Humid","28.35","0","65.20","249616.07","SABD0002000014","AAV2.0.0.13","4.0.0.2353","PSt7-10","000000-000","8/7/2024 3:37:09 PM","0000-00","0","no battery","V","215852","µV","96196","µV"
"08/11/2024","11:36:21","2","default","203499907","Sensor2","20.525","min","239.471","μmol/L","Humid","22.386","deg","93090","µV","18.656","°C","985.000","hPa","35.0","pmil","0","51.462","deg","22.621","°C","100.000","%a.s.","22.257","deg","22.682","°C","985.000","hPa","0.861","-0.02056","0.00035","-0.00011","0","14.7","Humid","28.35","0","65.20","249618.57","SABD0002000014","AAV2.0.0.13","4.0.0.2353","PSt7-10","000000-000","8/7/2024 3:37:09 PM","0000-00","0","no battery","V","215852","µV","96196","µV"
"08/11/2024","11:36:22","2","default","203499907","Sensor2","20.542","min","239.406","μmol/L","Humid","22.389","deg","93097","µV","18.656","°C","985.000","hPa","35.0","pmil","0","51.462","deg","22.621","°C","100.000","%a.s.","22.257","deg","22.682","°C","985.000","hPa","0.861","-0.02056","0.00035","-0.00011","0","14.7","Humid","28.35","0","65.20","249620.91","SABD0002000014","AAV2.0.0.13","4.0.0.2353","PSt7-10","000000-000","8/7/2024 3:37:09 PM","0000-00","0","no battery","V","215852","µV","96196","µV"
"08/11/2024","11:36:23","2","default","203499907","Sensor2","20.558","min","239.363","μmol/L","Humid","22.391","deg","93093","µV","18.656","°C","985.000","hPa","35.0","pmil","0","51.462","deg","22.621","°C","100.000","%a.s.","22.257","deg","22.682","°C","985.000","hPa","0.861","-0.02056","0.00035","-0.00011","0","14.7","Humid","28.35","0","65.20","249614.77","SABD0002000014","AAV2.0.0.13","4.0.0.2353","PSt7-10","000000-000","8/7/2024 3:37:09 PM","0000-00","0","no battery","V","215852","µV","96196","µV"
"08/11/2024","11:36:24","2","default","203499907","Sensor2","20.575","min","239.298","μmol/L","Humid","22.394","deg","93101","µV","18.656","°C","985.000","hPa","35.0","pmil","0","51.462","deg","22.621","°C","100.000","%a.s.","22.257","deg","22.682","°C","985.000","hPa","0.861","-0.02056","0.00035","-0.00011","0","14.7","Humid","28.35","0","65.20","249622.21","SABD0002000014","AAV2.0.0.13","4.0.0.2353","PSt7-10","000000-000","8/7/2024 3:37:09 PM","0000-00","0","no battery","V","215852","µV","96196","µV"
"08/11/2024","11:36:25","2","default","203499907","Sensor2","20.592","min","239.298","μmol/L","Humid","22.394","deg","93098","µV","18.656","°C","985.000","hPa","35.0","pmil","0","51.462","deg","22.621","°C","100.000","%a.s.","22.257","deg","22.682","°C","985.000","hPa","0.861","-0.02056","0.00035","-0.00011","0","14.7","Humid","28.35","0","65.20","249621.81","SABD0002000014","AAV2.0.0.13","4.0.0.2353","PSt7-10","000000-000","8/7/2024 3:37:09 PM","0000-00","0","no battery","V","215852","µV","96196","µV"
"08/11/2024","11:36:26","2","default","203499907","Sensor2","20.608","min","239.385","μmol/L","Humid","22.390","deg","93110","µV","18.656","°C","985.000","hPa","35.0","pmil","0","51.462","deg","22.621","°C","100.000","%a.s.","22.257","deg","22.682","°C","985.000","hPa","0.861","-0.02056","0.00035","-0.00011","0","14.7","Humid","28.35","0","65.20","249619.97","SABD0002000014","AAV2.0.0.13","4.0.0.2353","PSt7-10","000000-000","8/7/2024 3:37:09 PM","0000-00","0","no battery","V","215852","µV","96196","µV"
"08/11/2024","11:36:27","2","default","203499907","Sensor2","20.624","min","239.316","μmol/L","Humid","22.391","deg","93097","µV","18.662","°C","985.000","hPa","35.0","pmil","0","51.462","deg","22.621","°C","100.000","%a.s.","22.257","deg","22.682","°C","985.000","hPa","0.861","-0.02056","0.00035","-0.00011","0","14.7","Humid","28.35","0","65.20","249620.12","SABD0002000014","AAV2.0.0.13","4.0.0.2353","PSt7-10","000000-000","8/7/2024 3:37:09 PM","0000-00","0","no battery","V","215852","µV","96196","µV"
"08/11/2024","11:36:28","2","default","203499907","Sensor2","20.641","min","239.393","μmol/L","Humid","22.394","deg","93102","µV","18.644","°C","985.000","hPa","35.0","pmil","0","51.462","deg","22.621","°C","100.000","%a.s.","22.257","deg","22.682","°C","985.000","hPa","0.861","-0.02056","0.00035","-0.00011","0","14.7","Humid","28.35","0","65.20","249620.34","SABD0002000014","AAV2.0.0.13","4.0.0.2353","PSt7-10","000000-000","8/7/2024 3:37:09 PM","0000-00","0","no battery","V","215852","µV","96196","µV"
"08/11/2024","11:36:29","2","default","203499907","Sensor2","20.658","min","239.212","μmol/L","Humid","22.398","deg","93108","µV","18.656","°C","985.000","hPa","35.0","pmil","0","51.462","deg","22.621","°C","100.000","%a.s.","22.257","deg","22.682","°C","985.000","hPa","0.861","-0.02056","0.00035","-0.00011","0","14.7","Humid","28.35","0","65.20","249626.30","SABD0002000014","AAV2.0.0.13","4.0.0.2353","PSt7-10","000000-000","8/7/2024 3:37:09 PM","0000-00","0","no battery","V","215852","µV","96196","µV"
"08/11/2024","11:36:30","2","default","203499907","Sensor2","20.675","min","239.342","μmol/L","Humid","22.392","deg","93111","µV","18.656","°C","985.000","hPa","35.0","pmil","0","51.462","deg","22.621","°C","100.000","%a.s.","22.257","deg","22.682","°C","985.000","hPa","0.861","-0.02056","0.00035","-0.00011","0","14.7","Humid","28.35","0","65.20","249619.88","SABD0002000014","AAV2.0.0.13","4.0.0.2353","PSt7-10","000000-000","8/7/2024 3:37:09 PM","0000-00","0","no battery","V","215852","µV","96196","µV"
"08/11/2024","11:36:31","2","default","203499907","Sensor2","20.691","min","239.230","μmol/L","Humid","22.395","deg","93102","µV","18.662","°C","985.000","hPa","35.0","pmil","0","51.462","deg","22.621","°C","100.000","%a.s.","22.257","deg","22.682","°C","985.000","hPa","0.861","-0.02056","0.00035","-0.00011","0","14.7","Humid","28.35","0","65.20","249617.93","SABD0002000014","AAV2.0.0.13","4.0.0.2353","PSt7-10","000000-000","8/7/2024 3:37:09 PM","0000-00","0","no battery","V","215852","µV","96196","µV"
"08/11/2024","11:36:32","2","default","203499907","Sensor2","20.708","min","239.367","μmol/L","Humid","22.393","deg","93108","µV","18.650","°C","985.000","hPa","35.0","pmil","0","51.462","deg","22.621","°C","100.000","%a.s.","22.257","deg","22.682","°C","985.000","hPa","0.861","-0.02056","0.00035","-0.00011","0","14.7","Humid","28.35","0","65.20","249618.98","SABD0002000014","AAV2.0.0.13","4.0.0.2353","PSt7-10","000000-000","8/7/2024 3:37:09 PM","0000-00","0","no battery","V","215852","µV","96196","µV"
"08/11/2024","11:36:33","2","default","203499907","Sensor2","20.725","min","239.259","μmol/L","Humid","22.398","deg","93107","µV","18.650","°C","985.000","hPa","35.0","pmil","0","51.462","deg","22.621","°C","100.000","%a.s.","22.257","deg","22.682","°C","985.000","hPa","0.861","-0.02056","0.00035","-0.00011","0","14.7","Humid","28.35","0","65.20","249634.71","SABD0002000014","AAV2.0.0.13","4.0.0.2353","PSt7-10","000000-000","8/7/2024 3:37:09 PM","0000-00","0","no battery","V","215852","µV","96196","µV"
"08/11/2024","11:36:34","2","default","203499907","Sensor2","20.742","min","239.259","μmol/L","Humid","22.398","deg","93112","µV","18.650","°C","985.000","hPa","35.0","pmil","0","51.462","deg","22.621","°C","100.000","%a.s.","22.257","deg","22.682","°C","985.000","hPa","0.861","-0.02056","0.00035","-0.00011","0","14.7","Humid","28.35","0","65.20","249613.87","SABD0002000014","AAV2.0.0.13","4.0.0.2353","PSt7-10","000000-000","8/7/2024 3:37:09 PM","0000-00","0","no battery","V","215852","µV","96196","µV"
"08/11/2024","11:36:35","2","default","203499907","Sensor2","20.758","min","239.277","μmol/L","Humid","22.395","deg","93115","µV","18.656","°C","985.000","hPa","35.0","pmil","0","51.462","deg","22.621","°C","100.000","%a.s.","22.257","deg","22.682","°C","985.000","hPa","0.861","-0.02056","0.00035","-0.00011","0","14.7","Humid","28.35","0","65.20","249610.88","SABD0002000014","AAV2.0.0.13","4.0.0.2353","PSt7-10","000000-000","8/7/2024 3:37:09 PM","0000-00","0","no battery","V","215852","µV","96196","µV"
"08/11/2024","11:36:36","2","default","203499907","Sensor2","20.775","min","239.191","μmol/L","Humid","22.399","deg","93116","µV","18.656","°C","985.000","hPa","35.0","pmil","0","51.462","deg","22.621","°C","100.000","%a.s.","22.257","deg","22.682","°C","985.000","hPa","0.861","-0.02056","0.00035","-0.00011","0","14.7","Humid","28.35","0","65.20","249613.68","SABD0002000014","AAV2.0.0.13","4.0.0.2353","PSt7-10","000000-000","8/7/2024 3:37:09 PM","0000-00","0","no battery","V","215852","µV","96196","µV"
"08/11/2024","11:36:37","2","default","203499907","Sensor2","20.791","min","239.083","μmol/L","Humid","22.404","deg","93117","µV","18.656","°C","985.000","hPa","35.0","pmil","0","51.462","deg","22.621","°C","100.000","%a.s.","22.257","deg","22.682","°C","985.000","hPa","0.861","-0.02056","0.00035","-0.00011","0","14.7","Humid","28.35","0","65.20","249624.77","SABD0002000014","AAV2.0.0.13","4.0.0.2353","PSt7-10","000000-000","8/7/2024 3:37:09 PM","0000-00","0","no battery","V","215852","µV","96196","µV"
"08/11/2024","11:36:38","2","default","203499907","Sensor2","20.808","min","239.259","μmol/L","Humid","22.398","deg","93116","µV","18.650","°C","985.000","hPa","35.0","pmil","0","51.462","deg","22.621","°C","100.000","%a.s.","22.257","deg","22.682","°C","985.000","hPa","0.861","-0.02056","0.00035","-0.00011","0","14.7","Humid","28.35","0","65.20","249617.21","SABD0002000014","AAV2.0.0.13","4.0.0.2353","PSt7-10","000000-000","8/7/2024 3:37:09 PM","0000-00","0","no battery","V","215852","µV","96196","µV"
"08/11/2024","11:36:39","2","default","203499907","Sensor2","20.824","min","239.234","μmol/L","Humid","22.397","deg","93116","µV","18.656","°C","985.000","hPa","35.0","pmil","0","51.462","deg","22.621","°C","100.000","%a.s.","22.257","deg","22.682","°C","985.000","hPa","0.861","-0.02056","0.00035","-0.00011","0","14.7","Humid","28.35","0","65.20","249603.82","SABD0002000014","AAV2.0.0.13","4.0.0.2353","PSt7-10","000000-000","8/7/2024 3:37:09 PM","0000-00","0","no battery","V","215852","µV","96196","µV"
"08/11/2024","11:36:40","2","default","203499907","Sensor2","20.841","min","239.169","μmol/L","Humid","22.400","deg","93123","µV","18.656","°C","985.000","hPa","35.0","pmil","0","51.462","deg","22.621","°C","100.000","%a.s.","22.257","deg","22.682","°C","985.000","hPa","0.861","-0.02056","0.00035","-0.00011","0","14.7","Humid","28.35","0","65.20","249625.46","SABD0002000014","AAV2.0.0.13","4.0.0.2353","PSt7-10","000000-000","8/7/2024 3:37:09 PM","0000-00","0","no battery","V","215852","µV","96196","µV"
"08/11/2024","11:36:41","2","default","203499907","Sensor2","20.858","min","239.191","μmol/L","Humid","22.399","deg","93117","µV","18.656","°C","985.000","hPa","35.0","pmil","0","51.462","deg","22.621","°C","100.000","%a.s.","22.257","deg","22.682","°C","985.000","hPa","0.861","-0.02056","0.00035","-0.00011","0","14.7","Humid","28.35","0","65.20","249617.14","SABD0002000014","AAV2.0.0.13","4.0.0.2353","PSt7-10","000000-000","8/7/2024 3:37:09 PM","0000-00","0","no battery","V","215852","µV","96196","µV"
"08/11/2024","11:36:42","2","default","203499907","Sensor2","20.875","min","239.151","μmol/L","Humid","22.403","deg","93127","µV","18.650","°C","985.000","hPa","35.0","pmil","0","51.462","deg","22.621","°C","100.000","%a.s.","22.257","deg","22.682","°C","985.000","hPa","0.861","-0.02056","0.00035","-0.00011","0","14.7","Humid","28.35","0","65.20","249618.11","SABD0002000014","AAV2.0.0.13","4.0.0.2353","PSt7-10","000000-000","8/7/2024 3:37:09 PM","0000-00","0","no battery","V","215852","µV","96196","µV"
"08/11/2024","11:36:43","2","default","203499907","Sensor2","20.892","min","239.216","μmol/L","Humid","22.400","deg","93124","µV","18.650","°C","985.000","hPa","35.0","pmil","0","51.462","deg","22.621","°C","100.000","%a.s.","22.257","deg","22.682","°C","985.000","hPa","0.861","-0.02056","0.00035","-0.00011","0","14.7","Humid","28.35","0","65.20","249614.90","SABD0002000014","AAV2.0.0.13","4.0.0.2353","PSt7-10","000000-000","8/7/2024 3:37:09 PM","0000-00","0","no battery","V","215852","µV","96196","µV"
"08/11/2024","11:36:44","2","default","203499907","Sensor2","20.908","min","239.169","μmol/L","Humid","22.400","deg","93128","µV","18.656","°C","985.000","hPa","35.0","pmil","0","51.462","deg","22.621","°C","100.000","%a.s.","22.257","deg","22.682","°C","985.000","hPa","0.861","-0.02056","0.00035","-0.00011","0","14.7","Humid","28.35","0","65.20","249612.40","SABD0002000014","AAV2.0.0.13","4.0.0.2353","PSt7-10","000000-000","8/7/2024 3:37:09 PM","0000-00","0","no battery","V","215852","µV","96196","µV"
"08/11/2024","11:36:45","2","default","203499907","Sensor2","20.925","min","239.194","μmol/L","Humid","22.401","deg","93129","µV","18.650","°C","985.000","hPa","35.0","pmil","0","51.462","deg","22.621","°C","100.000","%a.s.","22.257","deg","22.682","°C","985.000","hPa","0.861","-0.02056","0.00035","-0.00011","0","14.7","Humid","28.35","0","65.20","249612.46","SABD0002000014","AAV2.0.0.13","4.0.0.2353","PSt7-10","000000-000","8/7/2024 3:37:09 PM","0000-00","0","no battery","V","215852","µV","96196","µV"
"08/11/2024","11:36:46","2","default","203499907","Sensor2","20.941","min","239.130","μmol/L","Humid","22.404","deg","93137","µV","18.650","°C","985.000","hPa","35.0","pmil","0","51.462","deg","22.621","°C","100.000","%a.s.","22.257","deg","22.682","°C","985.000","hPa","0.861","-0.02056","0.00035","-0.00011","0","14.7","Humid","28.35","0","65.20","249624.23","SABD0002000014","AAV2.0.0.13","4.0.0.2353","PSt7-10","000000-000","8/7/2024 3:37:09 PM","0000-00","0","no battery","V","215852","µV","96196","µV"
"08/11/2024","11:36:47","2","default","203499907","Sensor2","20.958","min","239.198","μmol/L","Humid","22.403","deg","93136","µV","18.644","°C","985.000","hPa","35.0","pmil","0","51.462","deg","22.621","°C","100.000","%a.s.","22.257","deg","22.682","°C","985.000","hPa","0.861","-0.02056","0.00035","-0.00011","0","14.7","Humid","28.35","0","65.20","249622.48","SABD0002000014","AAV2.0.0.13","4.0.0.2353","PSt7-10","000000-000","8/7/2024 3:37:09 PM","0000-00","0","no battery","V","215852","µV","96196","µV"
"08/11/2024","11:36:48","2","default","203499907","Sensor2","20.974","min","239.155","μmol/L","Humid","22.405","deg","93132","µV","18.644","°C","985.000","hPa","35.0","pmil","0","51.462","deg","22.621","°C","100.000","%a.s.","22.257","deg","22.682","°C","985.000","hPa","0.861","-0.02056","0.00035","-0.00011","0","14.7","Humid","28.35","0","65.20","249620.48","SABD0002000014","AAV2.0.0.13","4.0.0.2353","PSt7-10","000000-000","8/7/2024 3:37:09 PM","0000-00","0","no battery","V","215852","µV","96196","µV"
"08/11/2024","11:36:49","2","default","203499907","Sensor2","20.991","min","239.173","μmol/L","Humid","22.402","deg","93137","µV","18.650","°C","985.000","hPa","35.0","pmil","0","51.462","deg","22.621","°C","100.000","%a.s.","22.257","deg","22.682","°C","985.000","hPa","0.861","-0.02056","0.00035","-0.00011","0","14.7","Humid","28.35","0","65.20","249611.53","SABD0002000014","AAV2.0.0.13","4.0.0.2353","PSt7-10","000000-000","8/7/2024 3:37:09 PM","0000-00","0","no battery","V","215852","µV","96196","µV"
"08/11/2024","11:36:50","2","default","203499907","Sensor2","21.008","min","239.126","μmol/L","Humid","22.402","deg","93143","µV","18.656","°C","985.000","hPa","35.0","pmil","0","51.462","deg","22.621","°C","100.000","%a.s.","22.257","deg","22.682","°C","985.000","hPa","0.861","-0.02056","0.00035","-0.00011","0","14.7","Humid","28.35","0","65.20","249620.60","SABD0002000014","AAV2.0.0.13","4.0.0.2353","PSt7-10","000000-000","8/7/2024 3:37:09 PM","0000-00","0","no battery","V","215852","µV","96196","µV"
"08/11/2024","11:36:51","2","default","203499907","Sensor2","21.025","min","239.194","μmol/L","Humid","22.401","deg","93145","µV","18.650","°C","985.000","hPa","35.0","pmil","0","51.462","deg","22.621","°C","100.000","%a.s.","22.257","deg","22.682","°C","985.000","hPa","0.861","-0.02056","0.00035","-0.00011","0","14.7","Humid","28.35","0","65.20","249615.68","SABD0002000014","AAV2.0.0.13","4.0.0.2353","PSt7-10","000000-000","8/7/2024 3:37:09 PM","0000-00","0","no battery","V","215852","µV","96196","µV"
"08/11/2024","11:36:52","2","default","203499907","Sensor2","21.041","min","239.087","μmol/L","Humid","22.406","deg","93136","µV","18.650","°C","985.000","hPa","35.0","pmil","0","51.462","deg","22.621","°C","100.000","%a.s.","22.257","deg","22.682","°C","985.000","hPa","0.861","-0.02056","0.00035","-0.00011","0","14.7","Humid","28.35","0","65.20","249600.81","SABD0002000014","AAV2.0.0.13","4.0.0.2353","PSt7-10","000000-000","8/7/2024 3:37:09 PM","0000-00","0","no battery","V","215852","µV","96196","µV"
"08/11/2024","11:36:53","2","default","203499907","Sensor2","21.058","min","239.087","μmol/L","Humid","22.406","deg","93144","µV","18.650","°C","985.000","hPa","35.0","pmil","0","51.462","deg","22.621","°C","100.000","%a.s.","22.257","deg","22.682","°C","985.000","hPa","0.861","-0.02056","0.00035","-0.00011","0","14.7","Humid","28.35","0","65.20","249620.36","SABD0002000014","AAV2.0.0.13","4.0.0.2353","PSt7-10","000000-000","8/7/2024 3:37:09 PM","0000-00","0","no battery","V","215852","µV","96196","µV"
"08/11/2024","11:36:54","2","default","203499907","Sensor2","21.075","min","239.087","μmol/L","Humid","22.406","deg","93147","µV","18.650","°C","985.000","hPa","35.0","pmil","0","51.462","deg","22.621","°C","100.000","%a.s.","22.257","deg","22.682","°C","985.000","hPa","0.861","-0.02056","0.00035","-0.00011","0","14.7","Humid","28.35","0","65.20","249620.83","SABD0002000014","AAV2.0.0.13","4.0.0.2353","PSt7-10","000000-000","8/7/2024 3:37:09 PM","0000-00","0","no battery","V","215852","µV","96196","µV"
"08/11/2024","11:36:55","2","default","203499907","Sensor2","21.092","min","239.022","μmol/L","Humid","22.409","deg","93148","µV","18.650","°C","985.000","hPa","35.0","pmil","0","51.462","deg","22.621","°C","100.000","%a.s.","22.257","deg","22.682","°C","985.000","hPa","0.861","-0.02056","0.00035","-0.00011","0","14.7","Humid","28.35","0","65.20","249613.48","SABD0002000014","AAV2.0.0.13","4.0.0.2353","PSt7-10","000000-000","8/7/2024 3:37:09 PM","0000-00","0","no battery","V","215852","µV","96196","µV"
"08/11/2024","11:36:56","2","default","203499907","Sensor2","21.108","min","239.000","μmol/L","Humid","22.410","deg","93150","µV","18.650","°C","985.000","hPa","35.0","pmil","0","51.462","deg","22.621","°C","100.000","%a.s.","22.257","deg","22.682","°C","985.000","hPa","0.861","-0.02056","0.00035","-0.00011","0","14.7","Humid","28.35","0","65.20","249604.50","SABD0002000014","AAV2.0.0.13","4.0.0.2353","PSt7-10","000000-000","8/7/2024 3:37:09 PM","0000-00","0","no battery","V","215852","µV","96196","µV"
"08/11/2024","11:36:57","2","default","203499907","Sensor2","21.125","min","239.044","μmol/L","Humid","22.408","deg","93153","µV","18.650","°C","985.000","hPa","35.0","pmil","0","51.462","deg","22.621","°C","100.000","%a.s.","22.257","deg","22.682","°C","985.000","hPa","0.861","-0.02056","0.00035","-0.00011","0","14.7","Humid","28.35","0","65.20","249605.19","SABD0002000014","AAV2.0.0.13","4.0.0.2353","PSt7-10","000000-000","8/7/2024 3:37:09 PM","0000-00","0","no battery","V","215852","µV","96196","µV"
"08/11/2024","11:36:58","2","default","203499907","Sensor2","21.141","min","239.069","μmol/L","Humid","22.409","deg","93154","µV","18.644","°C","985.000","hPa","35.0","pmil","0","51.462","deg","22.621","°C","100.000","%a.s.","22.257","deg","22.682","°C","985.000","hPa","0.861","-0.02056","0.00035","-0.00011","0","14.7","Humid","28.35","0","65.20","249614.95","SABD0002000014","AAV2.0.0.13","4.0.0.2353","PSt7-10","000000-000","8/7/2024 3:37:09 PM","0000-00","0","no battery","V","215852","µV","96196","µV"
"08/11/2024","11:36:59","2","default","203499907","Sensor2","21.158","min","239.047","μmol/L","Humid","22.410","deg","93158","µV","18.644","°C","985.000","hPa","35.0","pmil","0","51.462","deg","22.621","°C","100.000","%a.s.","22.257","deg","22.682","°C","985.000","hPa","0.861","-0.02056","0.00035","-0.00011","0","14.7","Humid","28.35","0","65.20","249618.44","SABD0002000014","AAV2.0.0.13","4.0.0.2353","PSt7-10","000000-000","8/7/2024 3:37:09 PM","0000-00","0","no battery","V","215852","µV","96196","µV"
"08/11/2024","11:37:00","2","default","203499907","Sensor2","21.175","min","239.112","μmol/L","Humid","22.407","deg","93150","µV","18.644","°C","985.000","hPa","35.0","pmil","0","51.462","deg","22.621","°C","100.000","%a.s.","22.257","deg","22.682","°C","985.000","hPa","0.861","-0.02056","0.00035","-0.00011","0","14.7","Humid","28.35","0","65.20","249600.74","SABD0002000014","AAV2.0.0.13","4.0.0.2353","PSt7-10","000000-000","8/7/2024 3:37:09 PM","0000-00","0","no battery","V","215852","µV","96196","µV"
"08/11/2024","11:37:01","2","default","203499907","Sensor2","21.191","min","239.065","μmol/L","Humid","22.407","deg","93154","µV","18.650","°C","985.000","hPa","35.0","pmil","0","51.462","deg","22.621","°C","100.000","%a.s.","22.257","deg","22.682","°C","985.000","hPa","0.861","-0.02056","0.00035","-0.00011","0","14.7","Humid","28.35","0","65.20","249603.10","SABD0002000014","AAV2.0.0.13","4.0.0.2353","PSt7-10","000000-000","8/7/2024 3:37:09 PM","0000-00","0","no battery","V","215852","µV","96196","µV"
"08/11/2024","11:37:02","2","default","203499907","Sensor2","21.208","min","238.936","μmol/L","Humid","22.413","deg","93158","µV","18.650","°C","985.000","hPa","35.0","pmil","0","51.462","deg","22.621","°C","100.000","%a.s.","22.257","deg","22.682","°C","985.000","hPa","0.861","-0.02056","0.00035","-0.00011","0","14.7","Humid","28.35","0","65.20","249612.33","SABD0002000014","AAV2.0.0.13","4.0.0.2353","PSt7-10","000000-000","8/7/2024 3:37:09 PM","0000-00","0","no battery","V","215852","µV","96196","µV"
"08/11/2024","11:37:03","2","default","203499907","Sensor2","21.225","min","239.000","μmol/L","Humid","22.410","deg","93154","µV","18.650","°C","985.000","hPa","35.0","pmil","0","51.462","deg","22.621","°C","100.000","%a.s.","22.257","deg","22.682","°C","985.000","hPa","0.861","-0.02056","0.00035","-0.00011","0","14.7","Humid","28.35","0","65.20","249602.45","SABD0002000014","AAV2.0.0.13","4.0.0.2353","PSt7-10","000000-000","8/7/2024 3:37:09 PM","0000-00","0","no battery","V","215852","µV","96196","µV"
"08/11/2024","11:37:04","2","default","203499907","Sensor2","21.241","min","239.026","μmol/L","Humid","22.411","deg","93155","µV","18.644","°C","985.000","hPa","35.0","pmil","0","51.462","deg","22.621","°C","100.000","%a.s.","22.257","deg","22.682","°C","985.000","hPa","0.861","-0.02056","0.00035","-0.00011","0","14.7","Humid","28.35","0","65.20","249586.60","SABD0002000014","AAV2.0.0.13","4.0.0.2353","PSt7-10","000000-000","8/7/2024 3:37:09 PM","0000-00","0","no battery","V","215852","µV","96196","µV"
"08/11/2024","11:37:05","2","default","203499907","Sensor2","21.258","min","238.914","μmol/L","Humid","22.414","deg","93159","µV","18.650","°C","985.000","hPa","35.0","pmil","0","51.462","deg","22.621","°C","100.000","%a.s.","22.257","deg","22.682","°C","985.000","hPa","0.861","-0.02056","0.00035","-0.00011","0","14.7","Humid","28.35","0","65.20","249595.67","SABD0002000014","AAV2.0.0.13","4.0.0.2353","PSt7-10","000000-000","8/7/2024 3:37:09 PM","0000-00","0","no battery","V","215852","µV","96196","µV"
"08/11/2024","11:37:06","2","default","203499907","Sensor2","21.275","min","239.004","μmol/L","Humid","22.412","deg","93161","µV","18.644","°C","985.000","hPa","35.0","pmil","0","51.462","deg","22.621","°C","100.000","%a.s.","22.257","deg","22.682","°C","985.000","hPa","0.861","-0.02056","0.00035","-0.00011","0","14.7","Humid","28.35","0","65.20","249596.90","SABD0002000014","AAV2.0.0.13","4.0.0.2353","PSt7-10","000000-000","8/7/2024 3:37:09 PM","0000-00","0","no battery","V","215852","µV","96196","µV"
"08/11/2024","11:37:07","2","default","203499907","Sensor2","21.292","min","238.893","μmol/L","Humid","22.415","deg","93163","µV","18.650","°C","985.000","hPa","35.0","pmil","0","51.462","deg","22.621","°C","100.000","%a.s.","22.257","deg","22.682","°C","985.000","hPa","0.861","-0.02056","0.00035","-0.00011","0","14.7","Humid","28.35","0","65.20","249601.88","SABD0002000014","AAV2.0.0.13","4.0.0.2353","PSt7-10","000000-000","8/7/2024 3:37:09 PM","0000-00","0","no battery","V","215852","µV","96196","µV"
"08/11/2024","11:37:08","2","default","203499907","Sensor2","21.308","min","239.004","μmol/L","Humid","22.412","deg","93166","µV","18.644","°C","985.000","hPa","35.0","pmil","0","51.462","deg","22.621","°C","100.000","%a.s.","22.257","deg","22.682","°C","985.000","hPa","0.861","-0.02056","0.00035","-0.00011","0","14.7","Humid","28.35","0","65.20","249595.85","SABD0002000014","AAV2.0.0.13","4.0.0.2353","PSt7-10","000000-000","8/7/2024 3:37:09 PM","0000-00","0","no battery","V","215852","µV","96196","µV"
"08/11/2024","11:37:09","2","default","203499907","Sensor2","21.325","min","238.932","μmol/L","Humid","22.411","deg","93165","µV","18.656","°C","985.000","hPa","35.0","pmil","0","51.462","deg","22.621","°C","100.000","%a.s.","22.257","deg","22.682","°C","985.000","hPa","0.861","-0.02056","0.00035","-0.00011","0","14.7","Humid","28.35","0","65.20","249595.79","SABD0002000014","AAV2.0.0.13","4.0.0.2353","PSt7-10","000000-000","8/7/2024 3:37:09 PM","0000-00","0","no battery","V","215852","µV","96196","µV"
"08/11/2024","11:37:10","2","default","203499907","Sensor2","21.341","min","239.000","μmol/L","Humid","22.410","deg","93167","µV","18.650","°C","985.000","hPa","35.0","pmil","0","51.462","deg","22.621","°C","100.000","%a.s.","22.257","deg","22.682","°C","985.000","hPa","0.861","-0.02056","0.00035","-0.00011","0","14.7","Humid","28.35","0","65.20","249596.33","SABD0002000014","AAV2.0.0.13","4.0.0.2353","PSt7-10","000000-000","8/7/2024 3:37:09 PM","0000-00","0","no battery","V","215852","µV","96196","µV"
"08/11/2024","11:37:11","2","default","203499907","Sensor2","21.358","min","238.893","μmol/L","Humid","22.415","deg","93171","µV","18.650","°C","985.000","hPa","35.0","pmil","0","51.462","deg","22.621","°C","100.000","%a.s.","22.257","deg","22.682","°C","985.000","hPa","0.861","-0.02056","0.00035","-0.00011","0","14.7","Humid","28.35","0","65.20","249612.85","SABD0002000014","AAV2.0.0.13","4.0.0.2353","PSt7-10","000000-000","8/7/2024 3:37:09 PM","0000-00","0","no battery","V","215852","µV","96196","µV"
"08/11/2024","11:37:12","2","default","203499907","Sensor2","21.374","min","238.983","μmol/L","Humid","22.413","deg","93177","µV","18.644","°C","985.000","hPa","35.0","pmil","0","51.462","deg","22.621","°C","100.000","%a.s.","22.257","deg","22.682","°C","985.000","hPa","0.861","-0.02056","0.00035","-0.00011","0","14.7","Humid","28.35","0","65.20","249604.34","SABD0002000014","AAV2.0.0.13","4.0.0.2353","PSt7-10","000000-000","8/7/2024 3:37:09 PM","0000-00","0","no battery","V","215852","µV","96196","µV"
"08/11/2024","11:37:13","2","default","203499907","Sensor2","21.391","min","238.854","μmol/L","Humid","22.419","deg","93176","µV","18.644","°C","985.000","hPa","35.0","pmil","0","51.462","deg","22.621","°C","100.000","%a.s.","22.257","deg","22.682","°C","985.000","hPa","0.861","-0.02056","0.00035","-0.00011","0","14.7","Humid","28.35","0","65.20","249594.29","SABD0002000014","AAV2.0.0.13","4.0.0.2353","PSt7-10","000000-000","8/7/2024 3:37:09 PM","0000-00","0","no battery","V","215852","µV","96196","µV"
"08/11/2024","11:37:14","2","default","203499907","Sensor2","21.408","min","238.893","μmol/L","Humid","22.415","deg","93175","µV","18.650","°C","985.000","hPa","35.0","pmil","0","51.462","deg","22.621","°C","100.000","%a.s.","22.257","deg","22.682","°C","985.000","hPa","0.861","-0.02056","0.00035","-0.00011","0","14.7","Humid","28.35","0","65.20","249598.48","SABD0002000014","AAV2.0.0.13","4.0.0.2353","PSt7-10","000000-000","8/7/2024 3:37:09 PM","0000-00","0","no battery","V","215852","µV","96196","µV"
"08/11/2024","11:37:15","2","default","203499907","Sensor2","21.424","min","238.914","μmol/L","Humid","22.414","deg","93184","µV","18.650","°C","985.000","hPa","35.0","pmil","0","51.462","deg","22.621","°C","100.000","%a.s.","22.257","deg","22.682","°C","985.000","hPa","0.861","-0.02056","0.00035","-0.00011","0","14.7","Humid","28.35","0","65.20","249595.73","SABD0002000014","AAV2.0.0.13","4.0.0.2353","PSt7-10","000000-000","8/7/2024 3:37:09 PM","0000-00","0","no battery","V","215852","µV","96196","µV"
"08/11/2024","11:37:16","2","default","203499907","Sensor2","21.441","min","238.965","μmol/L","Humid","22.416","deg","93177","µV","18.638","°C","985.000","hPa","35.0","pmil","0","51.462","deg","22.621","°C","100.000","%a.s.","22.257","deg","22.682","°C","985.000","hPa","0.861","-0.02056","0.00035","-0.00011","0","14.7","Humid","28.35","0","65.20","249589.72","SABD0002000014","AAV2.0.0.13","4.0.0.2353","PSt7-10","000000-000","8/7/2024 3:37:09 PM","0000-00","0","no battery","V","215852","µV","96196","µV"
"08/11/2024","11:37:17","2","default","203499907","Sensor2","21.458","min","238.897","μmol/L","Humid","22.417","deg","93181","µV","18.644","°C","985.000","hPa","35.0","pmil","0","51.462","deg","22.621","°C","100.000","%a.s.","22.257","deg","22.682","°C","985.000","hPa","0.861","-0.02056","0.00035","-0.00011","0","14.7","Humid","28.35","0","65.20","249588.14","SABD0002000014","AAV2.0.0.13","4.0.0.2353","PSt7-10","000000-000","8/7/2024 3:37:09 PM","0000-00","0","no battery","V","215852","µV","96196","µV"
"08/11/2024","11:37:18","2","default","203499907","Sensor2","21.475","min","238.742","μmol/L","Humid","22.422","deg","93182","µV","18.650","°C","985.000","hPa","35.0","pmil","0","51.462","deg","22.621","°C","100.000","%a.s.","22.257","deg","22.682","°C","985.000","hPa","0.861","-0.02056","0.00035","-0.00011","0","14.7","Humid","28.35","0","65.20","249605.69","SABD0002000014","AAV2.0.0.13","4.0.0.2353","PSt7-10","000000-000","8/7/2024 3:37:09 PM","0000-00","0","no battery","V","215852","µV","96196","µV"
"08/11/2024","11:37:19","2","default","203499907","Sensor2","21.491","min","238.828","μmol/L","Humid","22.418","deg","93176","µV","18.650","°C","985.000","hPa","35.0","pmil","0","51.462","deg","22.621","°C","100.000","%a.s.","22.257","deg","22.682","°C","985.000","hPa","0.861","-0.02056","0.00035","-0.00011","0","14.7","Humid","28.35","0","65.20","249597.57","SABD0002000014","AAV2.0.0.13","4.0.0.2353","PSt7-10","000000-000","8/7/2024 3:37:09 PM","0000-00","0","no battery","V","215852","µV","96196","µV"
"08/11/2024","11:37:20","2","default","203499907","Sensor2","21.508","min","238.875","μmol/L","Humid","22.418","deg","93188","µV","18.644","°C","985.000","hPa","35.0","pmil","0","51.462","deg","22.621","°C","100.000","%a.s.","22.257","deg","22.682","°C","985.000","hPa","0.861","-0.02056","0.00035","-0.00011","0","14.7","Humid","28.35","0","65.20","249594.58","SABD0002000014","AAV2.0.0.13","4.0.0.2353","PSt7-10","000000-000","8/7/2024 3:37:09 PM","0000-00","0","no battery","V","215852","µV","96196","µV"
"08/11/2024","11:37:21","2","default","203499907","Sensor2","21.525","min","238.832","μmol/L","Humid","22.420","deg","93192","µV","18.644","°C","985.000","hPa","35.0","pmil","0","51.462","deg","22.621","°C","100.000","%a.s.","22.257","deg","22.682","°C","985.000","hPa","0.861","-0.02056","0.00035","-0.00011","0","14.7","Humid","28.35","0","65.20","249592.86","SABD0002000014","AAV2.0.0.13","4.0.0.2353","PSt7-10","000000-000","8/7/2024 3:37:09 PM","0000-00","0","no battery","V","215852","µV","96196","µV"
"08/11/2024","11:37:22","2","default","203499907","Sensor2","21.541","min","238.901","μmol/L","Humid","22.419","deg","93192","µV","18.638","°C","985.000","hPa","35.0","pmil","0","51.462","deg","22.621","°C","100.000","%a.s.","22.257","deg","22.682","°C","985.000","hPa","0.861","-0.02056","0.00035","-0.00011","0","14.7","Humid","28.35","0","65.20","249599.83","SABD0002000014","AAV2.0.0.13","4.0.0.2353","PSt7-10","000000-000","8/7/2024 3:37:09 PM","0000-00","0","no battery","V","215852","µV","96196","µV"
"08/11/2024","11:37:23","2","default","203499907","Sensor2","21.558","min","238.854","μmol/L","Humid","22.419","deg","93197","µV","18.644","°C","985.000","hPa","35.0","pmil","0","51.462","deg","22.621","°C","100.000","%a.s.","22.257","deg","22.682","°C","985.000","hPa","0.861","-0.02056","0.00035","-0.00011","0","14.7","Humid","28.35","0","65.20","249606.26","SABD0002000014","AAV2.0.0.13","4.0.0.2353","PSt7-10","000000-000","8/7/2024 3:37:09 PM","0000-00","0","no battery","V","215852","µV","96196","µV"
"08/11/2024","11:37:24","2","default","203499907","Sensor2","21.575","min","238.793","μmol/L","Humid","22.424","deg","93187","µV","18.638","°C","985.000","hPa","35.0","pmil","0","51.462","deg","22.621","°C","100.000","%a.s.","22.257","deg","22.682","°C","985.000","hPa","0.861","-0.02056","0.00035","-0.00011","0","14.7","Humid","28.35","0","65.20","249596.19","SABD0002000014","AAV2.0.0.13","4.0.0.2353","PSt7-10","000000-000","8/7/2024 3:37:09 PM","0000-00","0","no battery","V","215852","µV","96196","µV"
"08/11/2024","11:37:25","2","default","203499907","Sensor2","21.591","min","238.656","μmol/L","Humid","22.426","deg","93196","µV","18.650","°C","985.000","hPa","35.0","pmil","0","51.462","deg","22.621","°C","100.000","%a.s.","22.257","deg","22.682","°C","985.000","hPa","0.861","-0.02056","0.00035","-0.00011","0","14.7","Humid","28.35","0","65.20","249594.02","SABD0002000014","AAV2.0.0.13","4.0.0.2353","PSt7-10","000000-000","8/7/2024 3:37:09 PM","0000-00","0","no battery","V","215852","µV","96196","µV"
"08/11/2024","11:37:26","2","default","203499907","Sensor2","21.608","min","238.763","μmol/L","Humid","22.421","deg","93193","µV","18.650","°C","985.000","hPa","35.0","pmil","0","51.462","deg","22.621","°C","100.000","%a.s.","22.257","deg","22.682","°C","985.000","hPa","0.861","-0.02056","0.00035","-0.00011","0","14.7","Humid","28.35","0","65.20","249593.85","SABD0002000014","AAV2.0.0.13","4.0.0.2353","PSt7-10","000000-000","8/7/2024 3:37:09 PM","0000-00","0","no battery","V","215852","µV","96196","µV"
"08/11/2024","11:37:27","2","default","203499907","Sensor2","21.625","min","238.767","μmol/L","Humid","22.423","deg","93203","µV","18.644","°C","985.000","hPa","35.0","pmil","0","51.462","deg","22.621","°C","100.000","%a.s.","22.257","deg","22.682","°C","985.000","hPa","0.861","-0.02056","0.00035","-0.00011","0","14.7","Humid","28.35","0","65.20","249597.63","SABD0002000014","AAV2.0.0.13","4.0.0.2353","PSt7-10","000000-000","8/7/2024 3:37:09 PM","0000-00","0","no battery","V","215852","µV","96196","µV"
"08/11/2024","11:37:28","2","default","203499907","Sensor2","21.642","min","238.789","μmol/L","Humid","22.422","deg","93199","µV","18.644","°C","985.000","hPa","35.0","pmil","0","51.462","deg","22.621","°C","100.000","%a.s.","22.257","deg","22.682","°C","985.000","hPa","0.861","-0.02056","0.00035","-0.00011","0","14.7","Humid","28.35","0","65.20","249588.92","SABD0002000014","AAV2.0.0.13","4.0.0.2353","PSt7-10","000000-000","8/7/2024 3:37:09 PM","0000-00","0","no battery","V","215852","µV","96196","µV"
"08/11/2024","11:37:29","2","default","203499907","Sensor2","21.658","min","238.814","μmol/L","Humid","22.423","deg","93194","µV","18.638","°C","985.000","hPa","35.0","pmil","0","51.462","deg","22.621","°C","100.000","%a.s.","22.257","deg","22.682","°C","985.000","hPa","0.861","-0.02056","0.00035","-0.00011","0","14.7","Humid","28.35","0","65.20","249584.53","SABD0002000014","AAV2.0.0.13","4.0.0.2353","PSt7-10","000000-000","8/7/2024 3:37:09 PM","0000-00","0","no battery","V","215852","µV","96196","µV"
"08/11/2024","11:37:30","2","default","203499907","Sensor2","21.675","min","238.746","μmol/L","Humid","22.424","deg","93201","µV","18.644","°C","985.000","hPa","35.0","pmil","0","51.462","deg","22.621","°C","100.000","%a.s.","22.257","deg","22.682","°C","985.000","hPa","0.861","-0.02056","0.00035","-0.00011","0","14.7","Humid","28.35","0","65.20","249591.69","SABD0002000014","AAV2.0.0.13","4.0.0.2353","PSt7-10","000000-000","8/7/2024 3:37:09 PM","0000-00","0","no battery","V","215852","µV","96196","µV"
"08/11/2024","11:37:31","2","default","203499907","Sensor2","21.691","min","238.750","μmol/L","Humid","22.426","deg","93215","µV","18.638","°C","985.000","hPa","35.0","pmil","0","51.462","deg","22.621","°C","100.000","%a.s.","22.257","deg","22.682","°C","985.000","hPa","0.861","-0.02056","0.00035","-0.00011","0","14.7","Humid","28.35","0","65.20","249599.28","SABD0002000014","AAV2.0.0.13","4.0.0.2353","PSt7-10","000000-000","8/7/2024 3:37:09 PM","0000-00","0","no battery","V","215852","µV","96196","µV"
"08/11/2024","11:37:32","2","default","203499907","Sensor2","21.708","min","238.750","μmol/L","Humid","22.426","deg","93204","µV","18.638","°C","985.000","hPa","35.0","pmil","0","51.462","deg","22.621","°C","100.000","%a.s.","22.257","deg","22.682","°C","985.000","hPa","0.861","-0.02056","0.00035","-0.00011","0","14.7","Humid","28.35","0","65.20","249596.70","SABD0002000014","AAV2.0.0.13","4.0.0.2353","PSt7-10","000000-000","8/7/2024 3:37:09 PM","0000-00","0","no battery","V","215852","µV","96196","µV"
"08/11/2024","11:37:33","2","default","203499907","Sensor2","21.724","min","238.703","μmol/L","Humid","22.426","deg","93206","µV","18.644","°C","985.000","hPa","35.0","pmil","0","51.462","deg","22.621","°C","100.000","%a.s.","22.257","deg","22.682","°C","985.000","hPa","0.861","-0.02056","0.00035","-0.00011","0","14.7","Humid","28.35","0","65.20","249595.31","SABD0002000014","AAV2.0.0.13","4.0.0.2353","PSt7-10","000000-000","8/7/2024 3:37:09 PM","0000-00","0","no battery","V","215852","µV","96196","µV"
"08/11/2024","11:37:34","2","default","203499907","Sensor2","21.741","min","238.634","μmol/L","Humid","22.427","deg","93214","µV","18.650","°C","985.000","hPa","35.0","pmil","0","51.462","deg","22.621","°C","100.000","%a.s.","22.257","deg","22.682","°C","985.000","hPa","0.861","-0.02056","0.00035","-0.00011","0","14.7","Humid","28.35","0","65.20","249592.81","SABD0002000014","AAV2.0.0.13","4.0.0.2353","PSt7-10","000000-000","8/7/2024 3:37:09 PM","0000-00","0","no battery","V","215852","µV","96196","µV"
"08/11/2024","11:37:35","2","default","203499907","Sensor2","21.758","min","238.660","μmol/L","Humid","22.428","deg","93213","µV","18.644","°C","985.000","hPa","35.0","pmil","0","51.462","deg","22.621","°C","100.000","%a.s.","22.257","deg","22.682","°C","985.000","hPa","0.861","-0.02056","0.00035","-0.00011","0","14.7","Humid","28.35","0","65.20","249586.00","SABD0002000014","AAV2.0.0.13","4.0.0.2353","PSt7-10","000000-000","8/7/2024 3:37:09 PM","0000-00","0","no battery","V","215852","µV","96196","µV"
"08/11/2024","11:37:36","2","default","203499907","Sensor2","21.775","min","238.793","μmol/L","Humid","22.424","deg","93211","µV","18.638","°C","985.000","hPa","35.0","pmil","0","51.462","deg","22.621","°C","100.000","%a.s.","22.257","deg","22.682","°C","985.000","hPa","0.861","-0.02056","0.00035","-0.00011","0","14.7","Humid","28.35","0","65.20","249587.85","SABD0002000014","AAV2.0.0.13","4.0.0.2353","PSt7-10","000000-000","8/7/2024 3:37:09 PM","0000-00","0","no battery","V","215852","µV","96196","µV"
"08/11/2024","11:37:37","2","default","203499907","Sensor2","21.791","min","238.793","μmol/L","Humid","22.424","deg","93210","µV","18.638","°C","985.000","hPa","35.0","pmil","0","51.462","deg","22.621","°C","100.000","%a.s.","22.257","deg","22.682","°C","985.000","hPa","0.861","-0.02056","0.00035","-0.00011","0","14.7","Humid","28.35","0","65.20","249589.36","SABD0002000014","AAV2.0.0.13","4.0.0.2353","PSt7-10","000000-000","8/7/2024 3:37:09 PM","0000-00","0","no battery","V","215852","µV","96196","µV"
"08/11/2024","11:37:38","2","default","203499907","Sensor2","21.808","min","238.664","μmol/L","Humid","22.430","deg","93217","µV","18.638","°C","985.000","hPa","35.0","pmil","0","51.462","deg","22.621","°C","100.000","%a.s.","22.257","deg","22.682","°C","985.000","hPa","0.861","-0.02056","0.00035","-0.00011","0","14.7","Humid","28.35","0","65.20","249591.89","SABD0002000014","AAV2.0.0.13","4.0.0.2353","PSt7-10","000000-000","8/7/2024 3:37:09 PM","0000-00","0","no battery","V","215852","µV","96196","µV"
"08/11/2024","11:37:39","2","default","203499907","Sensor2","21.825","min","238.638","μmol/L","Humid","22.429","deg","93223","µV","18.644","°C","985.000","hPa","35.0","pmil","0","51.462","deg","22.621","°C","100.000","%a.s.","22.257","deg","22.682","°C","985.000","hPa","0.861","-0.02056","0.00035","-0.00011","0","14.7","Humid","28.35","0","65.20","249599.24","SABD0002000014","AAV2.0.0.13","4.0.0.2353","PSt7-10","000000-000","8/7/2024 3:37:09 PM","0000-00","0","no battery","V","215852","µV","96196","µV"
"08/11/2024","11:37:40","2","default","203499907","Sensor2","21.842","min","238.595","μmol/L","Humid","22.431","deg","93214","µV","18.644","°C","985.000","hPa","35.0","pmil","0","51.462","deg","22.621","°C","100.000","%a.s.","22.257","deg","22.682","°C","985.000","hPa","0.861","-0.02056","0.00035","-0.00011","0","14.7","Humid","28.35","0","65.20","249593.61","SABD0002000014","AAV2.0.0.13","4.0.0.2353","PSt7-10","000000-000","8/7/2024 3:37:09 PM","0000-00","0","no battery","V","215852","µV","96196","µV"
"08/11/2024","11:37:41","2","default","203499907","Sensor2","21.858","min","238.685","μmol/L","Humid","22.429","deg","93226","µV","18.638","°C","985.000","hPa","35.0","pmil","0","51.462","deg","22.621","°C","100.000","%a.s.","22.257","deg","22.682","°C","985.000","hPa","0.861","-0.02056","0.00035","-0.00011","0","14.7","Humid","28.35","0","65.20","249600.00","SABD0002000014","AAV2.0.0.13","4.0.0.2353","PSt7-10","000000-000","8/7/2024 3:37:09 PM","0000-00","0","no battery","V","215852","µV","96196","µV"
"08/11/2024","11:37:42","2","default","203499907","Sensor2","21.874","min","238.574","μmol/L","Humid","22.432","deg","93226","µV","18.644","°C","985.000","hPa","35.0","pmil","0","51.462","deg","22.621","°C","100.000","%a.s.","22.257","deg","22.682","°C","985.000","hPa","0.861","-0.02056","0.00035","-0.00011","0","14.7","Humid","28.35","0","65.20","249597.47","SABD0002000014","AAV2.0.0.13","4.0.0.2353","PSt7-10","000000-000","8/7/2024 3:37:09 PM","0000-00","0","no battery","V","215852","µV","96196","µV"
"08/11/2024","11:37:43","2","default","203499907","Sensor2","21.891","min","238.750","μmol/L","Humid","22.426","deg","93229","µV","18.638","°C","985.000","hPa","35.0","pmil","0","51.462","deg","22.621","°C","100.000","%a.s.","22.257","deg","22.682","°C","985.000","hPa","0.861","-0.02056","0.00035","-0.00011","0","14.7","Humid","28.35","0","65.20","249610.04","SABD0002000014","AAV2.0.0.13","4.0.0.2353","PSt7-10","000000-000","8/7/2024 3:37:09 PM","0000-00","0","no battery","V","215852","µV","96196","µV"
"08/11/2024","11:37:44","2","default","203499907","Sensor2","21.908","min","238.754","μmol/L","Humid","22.428","deg","93233","µV","18.632","°C","985.000","hPa","35.0","pmil","0","51.462","deg","22.621","°C","100.000","%a.s.","22.257","deg","22.682","°C","985.000","hPa","0.861","-0.02056","0.00035","-0.00011","0","14.7","Humid","28.35","0","65.20","249600.62","SABD0002000014","AAV2.0.0.13","4.0.0.2353","PSt7-10","000000-000","8/7/2024 3:37:09 PM","0000-00","0","no battery","V","215852","µV","96196","µV"
"08/11/2024","11:37:45","2","default","203499907","Sensor2","21.925","min","238.642","μmol/L","Humid","22.431","deg","93239","µV","18.638","°C","985.000","hPa","35.0","pmil","0","51.462","deg","22.621","°C","100.000","%a.s.","22.257","deg","22.682","°C","985.000","hPa","0.861","-0.02056","0.00035","-0.00011","0","14.7","Humid","28.35","0","65.20","249607.62","SABD0002000014","AAV2.0.0.13","4.0.0.2353","PSt7-10","000000-000","8/7/2024 3:37:09 PM","0000-00","0","no battery","V","215852","µV","96196","µV"
"08/11/2024","11:37:46","2","default","203499907","Sensor2","21.941","min","238.685","μmol/L","Humid","22.429","deg","93234","µV","18.638","°C","985.000","hPa","35.0","pmil","0","51.462","deg","22.621","°C","100.000","%a.s.","22.257","deg","22.682","°C","985.000","hPa","0.861","-0.02056","0.00035","-0.00011","0","14.7","Humid","28.35","0","65.20","249599.22","SABD0002000014","AAV2.0.0.13","4.0.0.2353","PSt7-10","000000-000","8/7/2024 3:37:09 PM","0000-00","0","no battery","V","215852","µV","96196","µV"
"08/11/2024","11:37:47","2","default","203499907","Sensor2","21.958","min","238.552","μmol/L","Humid","22.433","deg","93233","µV","18.644","°C","985.000","hPa","35.0","pmil","0","51.462","deg","22.621","°C","100.000","%a.s.","22.257","deg","22.682","°C","985.000","hPa","0.861","-0.02056","0.00035","-0.00011","0","14.7","Humid","28.35","0","65.20","249604.74","SABD0002000014","AAV2.0.0.13","4.0.0.2353","PSt7-10","000000-000","8/7/2024 3:37:09 PM","0000-00","0","no battery","V","215852","µV","96196","µV"
"08/11/2024","11:37:48","2","default","203499907","Sensor2","21.975","min","238.578","μmol/L","Humid","22.434","deg","93233","µV","18.638","°C","985.000","hPa","35.0","pmil","0","51.462","deg","22.621","°C","100.000","%a.s.","22.257","deg","22.682","°C","985.000","hPa","0.861","-0.02056","0.00035","-0.00011","0","14.7","Humid","28.35","0","65.20","249604.56","SABD0002000014","AAV2.0.0.13","4.0.0.2353","PSt7-10","000000-000","8/7/2024 3:37:09 PM","0000-00","0","no battery","V","215852","µV","96196","µV"
"08/11/2024","11:37:49","2","default","203499907","Sensor2","21.992","min","238.689","μmol/L","Humid","22.431","deg","93235","µV","18.632","°C","985.000","hPa","35.0","pmil","0","51.462","deg","22.621","°C","100.000","%a.s.","22.257","deg","22.682","°C","985.000","hPa","0.861","-0.02056","0.00035","-0.00011","0","14.7","Humid","28.35","0","65.20","249591.29","SABD0002000014","AAV2.0.0.13","4.0.0.2353","PSt7-10","000000-000","8/7/2024 3:37:09 PM","0000-00","0","no battery","V","215852","µV","96196","µV"
"08/11/2024","11:37:50","2","default","203499907","Sensor2","22.008","min","238.625","μmol/L","Humid","22.434","deg","93243","µV","18.632","°C","985.000","hPa","35.0","pmil","0","51.462","deg","22.621","°C","100.000","%a.s.","22.257","deg","22.682","°C","985.000","hPa","0.861","-0.02056","0.00035","-0.00011","0","14.7","Humid","28.35","0","65.20","249597.86","SABD0002000014","AAV2.0.0.13","4.0.0.2353","PSt7-10","000000-000","8/7/2024 3:37:09 PM","0000-00","0","no battery","V","215852","µV","96196","µV"
"08/11/2024","11:37:51","2","default","203499907","Sensor2","22.024","min","238.603","μmol/L","Humid","22.435","deg","93240","µV","18.632","°C","985.000","hPa","35.0","pmil","0","51.462","deg","22.621","°C","100.000","%a.s.","22.257","deg","22.682","°C","985.000","hPa","0.861","-0.02056","0.00035","-0.00011","0","14.7","Humid","28.35","0","65.20","249589.18","SABD0002000014","AAV2.0.0.13","4.0.0.2353","PSt7-10","000000-000","8/7/2024 3:37:09 PM","0000-00","0","no battery","V","215852","µV","96196","µV"
"08/11/2024","11:37:52","2","default","203499907","Sensor2","22.041","min","238.513","μmol/L","Humid","22.437","deg","93239","µV","18.638","°C","985.000","hPa","35.0","pmil","0","51.462","deg","22.621","°C","100.000","%a.s.","22.257","deg","22.682","°C","985.000","hPa","0.861","-0.02056","0.00035","-0.00011","0","14.7","Humid","28.35","0","65.20","249585.05","SABD0002000014","AAV2.0.0.13","4.0.0.2353","PSt7-10","000000-000","8/7/2024 3:37:09 PM","0000-00","0","no battery","V","215852","µV","96196","µV"
"08/11/2024","11:37:53","2","default","203499907","Sensor2","22.058","min","238.556","μmol/L","Humid","22.435","deg","93239","µV","18.638","°C","985.000","hPa","35.0","pmil","0","51.462","deg","22.621","°C","100.000","%a.s.","22.257","deg","22.682","°C","985.000","hPa","0.861","-0.02056","0.00035","-0.00011","0","14.7","Humid","28.35","0","65.20","249595.29","SABD0002000014","AAV2.0.0.13","4.0.0.2353","PSt7-10","000000-000","8/7/2024 3:37:09 PM","0000-00","0","no battery","V","215852","µV","96196","µV"
"08/11/2024","11:37:54","2","default","203499907","Sensor2","22.075","min","238.517","μmol/L","Humid","22.439","deg","93241","µV","18.632","°C","985.000","hPa","35.0","pmil","0","51.462","deg","22.621","°C","100.000","%a.s.","22.257","deg","22.682","°C","985.000","hPa","0.861","-0.02056","0.00035","-0.00011","0","14.7","Humid","28.35","0","65.20","249595.20","SABD0002000014","AAV2.0.0.13","4.0.0.2353","PSt7-10","000000-000","8/7/2024 3:37:09 PM","0000-00","0","no battery","V","215852","µV","96196","µV"
"08/11/2024","11:37:55","2","default","203499907","Sensor2","22.091","min","238.488","μmol/L","Humid","22.436","deg","93244","µV","18.644","°C","985.000","hPa","35.0","pmil","0","51.462","deg","22.621","°C","100.000","%a.s.","22.257","deg","22.682","°C","985.000","hPa","0.861","-0.02056","0.00035","-0.00011","0","14.7","Humid","28.35","0","65.20","249589.37","SABD0002000014","AAV2.0.0.13","4.0.0.2353","PSt7-10","000000-000","8/7/2024 3:37:09 PM","0000-00","0","no battery","V","215852","µV","96196","µV"
"08/11/2024","11:37:56","2","default","203499907","Sensor2","22.108","min","238.560","μmol/L","Humid","22.437","deg","93253","µV","18.632","°C","985.000","hPa","35.0","pmil","0","51.462","deg","22.621","°C","100.000","%a.s.","22.257","deg","22.682","°C","985.000","hPa","0.861","-0.02056","0.00035","-0.00011","0","14.7","Humid","28.35","0","65.20","249598.82","SABD0002000014","AAV2.0.0.13","4.0.0.2353","PSt7-10","000000-000","8/7/2024 3:37:09 PM","0000-00","0","no battery","V","215852","µV","96196","µV"
"08/11/2024","11:37:57","2","default","203499907","Sensor2","22.125","min","238.470","μmol/L","Humid","22.439","deg","93248","µV","18.638","°C","985.000","hPa","35.0","pmil","0","51.462","deg","22.621","°C","100.000","%a.s.","22.257","deg","22.682","°C","985.000","hPa","0.861","-0.02056","0.00035","-0.00011","0","14.7","Humid","28.35","0","65.20","249588.80","SABD0002000014","AAV2.0.0.13","4.0.0.2353","PSt7-10","000000-000","8/7/2024 3:37:09 PM","0000-00","0","no battery","V","215852","µV","96196","µV"
"08/11/2024","11:37:58","2","default","203499907","Sensor2","22.142","min","238.470","μmol/L","Humid","22.439","deg","93248","µV","18.638","°C","985.000","hPa","35.0","pmil","0","51.462","deg","22.621","°C","100.000","%a.s.","22.257","deg","22.682","°C","985.000","hPa","0.861","-0.02056","0.00035","-0.00011","0","14.7","Humid","28.35","0","65.20","249592.68","SABD0002000014","AAV2.0.0.13","4.0.0.2353","PSt7-10","000000-000","8/7/2024 3:37:09 PM","0000-00","0","no battery","V","215852","µV","96196","µV"
"08/11/2024","11:37:59","2","default","203499907","Sensor2","22.158","min","238.474","μmol/L","Humid","22.441","deg","93249","µV","18.632","°C","985.000","hPa","35.0","pmil","0","51.462","deg","22.621","°C","100.000","%a.s.","22.257","deg","22.682","°C","985.000","hPa","0.861","-0.02056","0.00035","-0.00011","0","14.7","Humid","28.35","0","65.20","249593.98","SABD0002000014","AAV2.0.0.13","4.0.0.2353","PSt7-10","000000-000","8/7/2024 3:37:09 PM","0000-00","0","no battery","V","215852","µV","96196","µV"
"08/11/2024","11:38:00","2","default","203499907","Sensor2","22.175","min","238.496","μmol/L","Humid","22.440","deg","93262","µV","18.632","°C","985.000","hPa","35.0","pmil","0","51.462","deg","22.621","°C","100.000","%a.s.","22.257","deg","22.682","°C","985.000","hPa","0.861","-0.02056","0.00035","-0.00011","0","14.7","Humid","28.35","0","65.20","249591.48","SABD0002000014","AAV2.0.0.13","4.0.0.2353","PSt7-10","000000-000","8/7/2024 3:37:09 PM","0000-00","0","no battery","V","215852","µV","96196","µV"
"08/11/2024","11:38:01","2","default","203499907","Sensor2","22.192","min","238.539","μmol/L","Humid","22.438","deg","93263","µV","18.632","°C","985.000","hPa","35.0","pmil","0","51.462","deg","22.621","°C","100.000","%a.s.","22.257","deg","22.682","°C","985.000","hPa","0.861","-0.02056","0.00035","-0.00011","0","14.7","Humid","28.35","0","65.20","249593.74","SABD0002000014","AAV2.0.0.13","4.0.0.2353","PSt7-10","000000-000","8/7/2024 3:37:09 PM","0000-00","0","no battery","V","215852","µV","96196","µV"
"08/11/2024","11:38:02","2","default","203499907","Sensor2","22.208","min","238.474","μmol/L","Humid","22.441","deg","93257","µV","18.632","°C","985.000","hPa","35.0","pmil","0","51.462","deg","22.621","°C","100.000","%a.s.","22.257","deg","22.682","°C","985.000","hPa","0.861","-0.02056","0.00035","-0.00011","0","14.7","Humid","28.35","0","65.20","249593.28","SABD0002000014","AAV2.0.0.13","4.0.0.2353","PSt7-10","000000-000","8/7/2024 3:37:09 PM","0000-00","0","no battery","V","215852","µV","96196","µV"
"08/11/2024","11:38:03","2","default","203499907","Sensor2","22.224","min","238.539","μmol/L","Humid","22.438","deg","93260","µV","18.632","°C","985.000","hPa","35.0","pmil","0","51.462","deg","22.621","°C","100.000","%a.s.","22.257","deg","22.682","°C","985.000","hPa","0.861","-0.02056","0.00035","-0.00011","0","14.7","Humid","28.35","0","65.20","249583.82","SABD0002000014","AAV2.0.0.13","4.0.0.2353","PSt7-10","000000-000","8/7/2024 3:37:09 PM","0000-00","0","no battery","V","215852","µV","96196","µV"
"08/11/2024","11:38:04","2","default","203499907","Sensor2","22.241","min","238.474","μmol/L","Humid","22.441","deg","93262","µV","18.632","°C","985.000","hPa","35.0","pmil","0","51.462","deg","22.621","°C","100.000","%a.s.","22.257","deg","22.682","°C","985.000","hPa","0.861","-0.02056","0.00035","-0.00011","0","14.7","Humid","28.35","0","65.20","249591.73","SABD0002000014","AAV2.0.0.13","4.0.0.2353","PSt7-10","000000-000","8/7/2024 3:37:09 PM","0000-00","0","no battery","V","215852","µV","96196","µV"
"08/11/2024","11:38:05","2","default","203499907","Sensor2","22.258","min","238.453","μmol/L","Humid","22.442","deg","93262","µV","18.632","°C","985.000","hPa","35.0","pmil","0","51.462","deg","22.621","°C","100.000","%a.s.","22.257","deg","22.682","°C","985.000","hPa","0.861","-0.02056","0.00035","-0.00011","0","14.7","Humid","28.35","0","65.20","249596.54","SABD0002000014","AAV2.0.0.13","4.0.0.2353","PSt7-10","000000-000","8/7/2024 3:37:09 PM","0000-00","0","no battery","V","215852","µV","96196","µV"
"08/11/2024","11:38:06","2","default","203499907","Sensor2","22.275","min","238.517","μmol/L","Humid","22.439","deg","93264","µV","18.632","°C","985.000","hPa","35.0","pmil","0","51.462","deg","22.621","°C","100.000","%a.s.","22.257","deg","22.682","°C","985.000","hPa","0.861","-0.02056","0.00035","-0.00011","0","14.7","Humid","28.35","0","65.20","249587.40","SABD0002000014","AAV2.0.0.13","4.0.0.2353","PSt7-10","000000-000","8/7/2024 3:37:09 PM","0000-00","0","no battery","V","215852","µV","96196","µV"
"08/11/2024","11:38:07","2","default","203499907","Sensor2","22.291","min","238.427","μmol/L","Humid","22.441","deg","93260","µV","18.638","°C","985.000","hPa","35.0","pmil","0","51.462","deg","22.621","°C","100.000","%a.s.","22.257","deg","22.682","°C","985.000","hPa","0.861","-0.02056","0.00035","-0.00011","0","14.7","Humid","28.35","0","65.20","249587.78","SABD0002000014","AAV2.0.0.13","4.0.0.2353","PSt7-10","000000-000","8/7/2024 3:37:09 PM","0000-00","0","no battery","V","215852","µV","96196","µV"
"08/11/2024","11:38:08","2","default","203499907","Sensor2","22.308","min","238.470","μmol/L","Humid","22.439","deg","93265","µV","18.638","°C","985.000","hPa","35.0","pmil","0","51.462","deg","22.621","°C","100.000","%a.s.","22.257","deg","22.682","°C","985.000","hPa","0.861","-0.02056","0.00035","-0.00011","0","14.7","Humid","28.35","0","65.20","249589.00","SABD0002000014","AAV2.0.0.13","4.0.0.2353","PSt7-10","000000-000","8/7/2024 3:37:09 PM","0000-00","0","no battery","V","215852","µV","96196","µV"
"08/11/2024","11:38:09","2","default","203499907","Sensor2","22.325","min","238.320","μmol/L","Humid","22.446","deg","93269","µV","18.638","°C","985.000","hPa","35.0","pmil","0","51.462","deg","22.621","°C","100.000","%a.s.","22.257","deg","22.682","°C","985.000","hPa","0.861","-0.02056","0.00035","-0.00011","0","14.7","Humid","28.35","0","65.20","249582.27","SABD0002000014","AAV2.0.0.13","4.0.0.2353","PSt7-10","000000-000","8/7/2024 3:37:09 PM","0000-00","0","no battery","V","215852","µV","96196","µV"
"08/11/2024","11:38:10","2","default","203499907","Sensor2","22.342","min","238.478","μmol/L","Humid","22.443","deg","93267","µV","18.626","°C","985.000","hPa","35.0","pmil","0","51.462","deg","22.621","°C","100.000","%a.s.","22.257","deg","22.682","°C","985.000","hPa","0.861","-0.02056","0.00035","-0.00011","0","14.7","Humid","28.35","0","65.20","249582.72","SABD0002000014","AAV2.0.0.13","4.0.0.2353","PSt7-10","000000-000","8/7/2024 3:37:09 PM","0000-00","0","no battery","V","215852","µV","96196","µV"
"08/11/2024","11:38:11","2","default","203499907","Sensor2","22.358","min","238.453","μmol/L","Humid","22.442","deg","93268","µV","18.632","°C","985.000","hPa","35.0","pmil","0","51.462","deg","22.621","°C","100.000","%a.s.","22.257","deg","22.682","°C","985.000","hPa","0.861","-0.02056","0.00035","-0.00011","0","14.7","Humid","28.35","0","65.20","249576.94","SABD0002000014","AAV2.0.0.13","4.0.0.2353","PSt7-10","000000-000","8/7/2024 3:37:09 PM","0000-00","0","no battery","V","215852","µV","96196","µV"
"08/11/2024","11:38:12","2","default","203499907","Sensor2","22.375","min","238.453","μmol/L","Humid","22.442","deg","93272","µV","18.632","°C","985.000","hPa","35.0","pmil","0","51.462","deg","22.621","°C","100.000","%a.s.","22.257","deg","22.682","°C","985.000","hPa","0.861","-0.02056","0.00035","-0.00011","0","14.7","Humid","28.35","0","65.20","249582.74","SABD0002000014","AAV2.0.0.13","4.0.0.2353","PSt7-10","000000-000","8/7/2024 3:37:09 PM","0000-00","0","no battery","V","215852","µV","96196","µV"
"08/11/2024","11:38:13","2","default","203499907","Sensor2","22.391","min","238.367","μmol/L","Humid","22.446","deg","93277","µV","18.632","°C","985.000","hPa","35.0","pmil","0","51.462","deg","22.621","°C","100.000","%a.s.","22.257","deg","22.682","°C","985.000","hPa","0.861","-0.02056","0.00035","-0.00011","0","14.7","Humid","28.35","0","65.20","249575.02","SABD0002000014","AAV2.0.0.13","4.0.0.2353","PSt7-10","000000-000","8/7/2024 3:37:09 PM","0000-00","0","no battery","V","215852","µV","96196","µV"
"08/11/2024","11:38:14","2","default","203499907","Sensor2","22.408","min","238.388","μmol/L","Humid","22.445","deg","93279","µV","18.632","°C","985.000","hPa","35.0","pmil","0","51.462","deg","22.621","°C","100.000","%a.s.","22.257","deg","22.682","°C","985.000","hPa","0.861","-0.02056","0.00035","-0.00011","0","14.7","Humid","28.35","0","65.20","249592.27","SABD0002000014","AAV2.0.0.13","4.0.0.2353","PSt7-10","000000-000","8/7/2024 3:37:09 PM","0000-00","0","no battery","V","215852","µV","96196","µV"
"08/11/2024","11:38:15","2","default","203499907","Sensor2","22.424","min","238.457","μmol/L","Humid","22.444","deg","93281","µV","18.626","°C","985.000","hPa","35.0","pmil","0","51.462","deg","22.621","°C","100.000","%a.s.","22.257","deg","22.682","°C","985.000","hPa","0.861","-0.02056","0.00035","-0.00011","0","14.7","Humid","28.35","0","65.20","249577.86","SABD0002000014","AAV2.0.0.13","4.0.0.2353","PSt7-10","000000-000","8/7/2024 3:37:09 PM","0000-00","0","no battery","V","215852","µV","96196","µV"
"08/11/2024","11:38:16","2","default","203499907","Sensor2","22.441","min","238.392","μmol/L","Humid","22.447","deg","93282","µV","18.626","°C","985.000","hPa","35.0","pmil","0","51.462","deg","22.621","°C","100.000","%a.s.","22.257","deg","22.682","°C","985.000","hPa","0.861","-0.02056","0.00035","-0.00011","0","14.7","Humid","28.35","0","65.20","249585.70","SABD0002000014","AAV2.0.0.13","4.0.0.2353","PSt7-10","000000-000","8/7/2024 3:37:09 PM","0000-00","0","no battery","V","215852","µV","96196","µV"
"08/11/2024","11:38:17","2","default","203499907","Sensor2","22.458","min","238.324","μmol/L","Humid","22.448","deg","93288","µV","18.632","°C","985.000","hPa","35.0","pmil","0","51.462","deg","22.621","°C","100.000","%a.s.","22.257","deg","22.682","°C","985.000","hPa","0.861","-0.02056","0.00035","-0.00011","0","14.7","Humid","28.35","0","65.20","249582.20","SABD0002000014","AAV2.0.0.13","4.0.0.2353","PSt7-10","000000-000","8/7/2024 3:37:09 PM","0000-00","0","no battery","V","215852","µV","96196","µV"
"08/11/2024","11:38:18","2","default","203499907","Sensor2","22.475","min","238.281","μmol/L","Humid","22.450","deg","93286","µV","18.632","°C","985.000","hPa","35.0","pmil","0","51.462","deg","22.621","°C","100.000","%a.s.","22.257","deg","22.682","°C","985.000","hPa","0.861","-0.02056","0.00035","-0.00011","0","14.7","Humid","28.35","0","65.20","249595.17","SABD0002000014","AAV2.0.0.13","4.0.0.2353","PSt7-10","000000-000","8/7/2024 3:37:09 PM","0000-00","0","no battery","V","215852","µV","96196","µV"
"08/11/2024","11:38:19","2","default","203499907","Sensor2","22.491","min","238.345","μmol/L","Humid","22.447","deg","93283","µV","18.632","°C","985.000","hPa","35.0","pmil","0","51.462","deg","22.621","°C","100.000","%a.s.","22.257","deg","22.682","°C","985.000","hPa","0.861","-0.02056","0.00035","-0.00011","0","14.7","Humid","28.35","0","65.20","249570.91","SABD0002000014","AAV2.0.0.13","4.0.0.2353","PSt7-10","000000-000","8/7/2024 3:37:09 PM","0000-00","0","no battery","V","215852","µV","96196","µV"
"08/11/2024","11:38:20","2","default","203499907","Sensor2","22.508","min","238.345","μmol/L","Humid","22.447","deg","93288","µV","18.632","°C","985.000","hPa","35.0","pmil","0","51.462","deg","22.621","°C","100.000","%a.s.","22.257","deg","22.682","°C","985.000","hPa","0.861","-0.02056","0.00035","-0.00011","0","14.7","Humid","28.35","0","65.20","249576.17","SABD0002000014","AAV2.0.0.13","4.0.0.2353","PSt7-10","000000-000","8/7/2024 3:37:09 PM","0000-00","0","no battery","V","215852","µV","96196","µV"
"08/11/2024","11:38:21","2","default","203499907","Sensor2","22.525","min","238.328","μmol/L","Humid","22.450","deg","93291","µV","18.626","°C","985.000","hPa","35.0","pmil","0","51.462","deg","22.621","°C","100.000","%a.s.","22.257","deg","22.682","°C","985.000","hPa","0.861","-0.02056","0.00035","-0.00011","0","14.7","Humid","28.35","0","65.20","249564.79","SABD0002000014","AAV2.0.0.13","4.0.0.2353","PSt7-10","000000-000","8/7/2024 3:37:09 PM","0000-00","0","no battery","V","215852","µV","96196","µV"
"08/11/2024","11:38:22","2","default","203499907","Sensor2","22.542","min","238.324","μmol/L","Humid","22.448","deg","93287","µV","18.632","°C","985.000","hPa","35.0","pmil","0","51.462","deg","22.621","°C","100.000","%a.s.","22.257","deg","22.682","°C","985.000","hPa","0.861","-0.02056","0.00035","-0.00011","0","14.7","Humid","28.35","0","65.20","249572.77","SABD0002000014","AAV2.0.0.13","4.0.0.2353","PSt7-10","000000-000","8/7/2024 3:37:09 PM","0000-00","0","no battery","V","215852","µV","96196","µV"
"08/11/2024","11:38:23","2","default","203499907","Sensor2","22.558","min","238.371","μmol/L","Humid","22.448","deg","93284","µV","18.626","°C","985.000","hPa","35.0","pmil","0","51.462","deg","22.621","°C","100.000","%a.s.","22.257","deg","22.682","°C","985.000","hPa","0.861","-0.02056","0.00035","-0.00011","0","14.7","Humid","28.35","0","65.20","249570.78","SABD0002000014","AAV2.0.0.13","4.0.0.2353","PSt7-10","000000-000","8/7/2024 3:37:09 PM","0000-00","0","no battery","V","215852","µV","96196","µV"
"08/11/2024","11:38:24","2","default","203499907","Sensor2","22.574","min","238.328","μmol/L","Humid","22.450","deg","93297","µV","18.626","°C","985.000","hPa","35.0","pmil","0","51.462","deg","22.621","°C","100.000","%a.s.","22.257","deg","22.682","°C","985.000","hPa","0.861","-0.02056","0.00035","-0.00011","0","14.7","Humid","28.35","0","65.20","249594.38","SABD0002000014","AAV2.0.0.13","4.0.0.2353","PSt7-10","000000-000","8/7/2024 3:37:09 PM","0000-00","0","no battery","V","215852","µV","96196","µV"
"08/11/2024","11:38:25","2","default","203499907","Sensor2","22.591","min","238.328","μmol/L","Humid","22.450","deg","93292","µV","18.626","°C","985.000","hPa","35.0","pmil","0","51.462","deg","22.621","°C","100.000","%a.s.","22.257","deg","22.682","°C","985.000","hPa","0.861","-0.02056","0.00035","-0.00011","0","14.7","Humid","28.35","0","65.20","249566.46","SABD0002000014","AAV2.0.0.13","4.0.0.2353","PSt7-10","000000-000","8/7/2024 3:37:09 PM","0000-00","0","no battery","V","215852","µV","96196","µV"
"08/11/2024","11:38:26","2","default","203499907","Sensor2","22.608","min","238.285","μmol/L","Humid","22.452","deg","93298","µV","18.626","°C","985.000","hPa","35.0","pmil","0","51.462","deg","22.621","°C","100.000","%a.s.","22.257","deg","22.682","°C","985.000","hPa","0.861","-0.02056","0.00035","-0.00011","0","14.7","Humid","28.35","0","65.20","249582.36","SABD0002000014","AAV2.0.0.13","4.0.0.2353","PSt7-10","000000-000","8/7/2024 3:37:09 PM","0000-00","0","no battery","V","215852","µV","96196","µV"
"08/11/2024","11:38:27","2","default","203499907","Sensor2","22.625","min","238.259","μmol/L","Humid","22.451","deg","93298","µV","18.632","°C","985.000","hPa","35.0","pmil","0","51.462","deg","22.621","°C","100.000","%a.s.","22.257","deg","22.682","°C","985.000","hPa","0.861","-0.02056","0.00035","-0.00011","0","14.7","Humid","28.35","0","65.20","249582.60","SABD0002000014","AAV2.0.0.13","4.0.0.2353","PSt7-10","000000-000","8/7/2024 3:37:09 PM","0000-00","0","no battery","V","215852","µV","96196","µV"
"08/11/2024","11:38:28","2","default","203499907","Sensor2","22.641","min","238.353","μmol/L","Humid","22.451","deg","93300","µV","18.620","°C","985.000","hPa","35.0","pmil","0","51.462","deg","22.621","°C","100.000","%a.s.","22.257","deg","22.682","°C","985.000","hPa","0.861","-0.02056","0.00035","-0.00011","0","14.7","Humid","28.35","0","65.20","249569.75","SABD0002000014","AAV2.0.0.13","4.0.0.2353","PSt7-10","000000-000","8/7/2024 3:37:09 PM","0000-00","0","no battery","V","215852","µV","96196","µV"
"08/11/2024","11:38:29","2","default","203499907","Sensor2","22.658","min","238.242","μmol/L","Humid","22.454","deg","93303","µV","18.626","°C","985.000","hPa","35.0","pmil","0","51.462","deg","22.621","°C","100.000","%a.s.","22.257","deg","22.682","°C","985.000","hPa","0.861","-0.02056","0.00035","-0.00011","0","14.7","Humid","28.35","0","65.20","249574.55","SABD0002000014","AAV2.0.0.13","4.0.0.2353","PSt7-10","000000-000","8/7/2024 3:37:09 PM","0000-00","0","no battery","V","215852","µV","96196","µV"
"08/11/2024","11:38:30","2","default","203499907","Sensor2","22.675","min","238.263","μmol/L","Humid","22.453","deg","93302","µV","18.626","°C","985.000","hPa","35.0","pmil","0","51.462","deg","22.621","°C","100.000","%a.s.","22.257","deg","22.682","°C","985.000","hPa","0.861","-0.02056","0.00035","-0.00011","0","14.7","Humid","28.35","0","65.20","249574.85","SABD0002000014","AAV2.0.0.13","4.0.0.2353","PSt7-10","000000-000","8/7/2024 3:37:09 PM","0000-00","0","no battery","V","215852","µV","96196","µV"
"08/11/2024","11:38:31","2","default","203499907","Sensor2","22.691","min","238.263","μmol/L","Humid","22.453","deg","93297","µV","18.626","°C","985.000","hPa","35.0","pmil","0","51.462","deg","22.621","°C","100.000","%a.s.","22.257","deg","22.682","°C","985.000","hPa","0.861","-0.02056","0.00035","-0.00011","0","14.7","Humid","28.35","0","65.20","249559.12","SABD0002000014","AAV2.0.0.13","4.0.0.2353","PSt7-10","000000-000","8/7/2024 3:37:09 PM","0000-00","0","no battery","V","215852","µV","96196","µV"
"08/11/2024","11:38:32","2","default","203499907","Sensor2","22.708","min","238.310","μmol/L","Humid","22.453","deg","93307","µV","18.620","°C","985.000","hPa","35.0","pmil","0","51.462","deg","22.621","°C","100.000","%a.s.","22.257","deg","22.682","°C","985.000","hPa","0.861","-0.02056","0.00035","-0.00011","0","14.7","Humid","28.35","0","65.20","249571.52","SABD0002000014","AAV2.0.0.13","4.0.0.2353","PSt7-10","000000-000","8/7/2024 3:37:09 PM","0000-00","0","no battery","V","215852","µV","96196","µV"
"08/11/2024","11:38:33","2","default","203499907","Sensor2","22.725","min","238.220","μmol/L","Humid","22.455","deg","93305","µV","18.626","°C","985.000","hPa","35.0","pmil","0","51.462","deg","22.621","°C","100.000","%a.s.","22.257","deg","22.682","°C","985.000","hPa","0.861","-0.02056","0.00035","-0.00011","0","14.7","Humid","28.35","0","65.20","249578.10","SABD0002000014","AAV2.0.0.13","4.0.0.2353","PSt7-10","000000-000","8/7/2024 3:37:09 PM","0000-00","0","no battery","V","215852","µV","96196","µV"
"08/11/2024","11:38:34","2","default","203499907","Sensor2","22.742","min","238.246","μmol/L","Humid","22.456","deg","93304","µV","18.620","°C","985.000","hPa","35.0","pmil","0","51.462","deg","22.621","°C","100.000","%a.s.","22.257","deg","22.682","°C","985.000","hPa","0.861","-0.02056","0.00035","-0.00011","0","14.7","Humid","28.35","0","65.20","249574.60","SABD0002000014","AAV2.0.0.13","4.0.0.2353","PSt7-10","000000-000","8/7/2024 3:37:09 PM","0000-00","0","no battery","V","215852","µV","96196","µV"
"08/11/2024","11:38:35","2","default","203499907","Sensor2","22.758","min","238.199","μmol/L","Humid","22.456","deg","93314","µV","18.626","°C","985.000","hPa","35.0","pmil","0","51.462","deg","22.621","°C","100.000","%a.s.","22.257","deg","22.682","°C","985.000","hPa","0.861","-0.02056","0.00035","-0.00011","0","14.7","Humid","28.35","0","65.20","249578.46","SABD0002000014","AAV2.0.0.13","4.0.0.2353","PSt7-10","000000-000","8/7/2024 3:37:09 PM","0000-00","0","no battery","V","215852","µV","96196","µV"
"08/11/2024","11:38:36","2","default","203499907","Sensor2","22.774","min","238.216","μmol/L","Humid","22.453","deg","93315","µV","18.632","°C","985.000","hPa","35.0","pmil","0","51.462","deg","22.621","°C","100.000","%a.s.","22.257","deg","22.682","°C","985.000","hPa","0.861","-0.02056","0.00035","-0.00011","0","14.7","Humid","28.35","0","65.20","249566.43","SABD0002000014","AAV2.0.0.13","4.0.0.2353","PSt7-10","000000-000","8/7/2024 3:37:09 PM","0000-00","0","no battery","V","215852","µV","96196","µV"
"08/11/2024","11:38:37","2","default","203499907","Sensor2","22.791","min","238.182","μmol/L","Humid","22.459","deg","93316","µV","18.620","°C","985.000","hPa","35.0","pmil","0","51.462","deg","22.621","°C","100.000","%a.s.","22.257","deg","22.682","°C","985.000","hPa","0.861","-0.02056","0.00035","-0.00011","0","14.7","Humid","28.35","0","65.20","249575.20","SABD0002000014","AAV2.0.0.13","4.0.0.2353","PSt7-10","000000-000","8/7/2024 3:37:09 PM","0000-00","0","no battery","V","215852","µV","96196","µV"
"08/11/2024","11:38:38","2","default","203499907","Sensor2","22.808","min","238.178","μmol/L","Humid","22.457","deg","93320","µV","18.626","°C","985.000","hPa","35.0","pmil","0","51.462","deg","22.621","°C","100.000","%a.s.","22.257","deg","22.682","°C","985.000","hPa","0.861","-0.02056","0.00035","-0.00011","0","14.7","Humid","28.35","0","65.20","249573.01","SABD0002000014","AAV2.0.0.13","4.0.0.2353","PSt7-10","000000-000","8/7/2024 3:37:09 PM","0000-00","0","no battery","V","215852","µV","96196","µV"
"08/11/2024","11:38:39","2","default","203499907","Sensor2","22.824","min","238.203","μmol/L","Humid","22.458","deg","93315","µV","18.620","°C","985.000","hPa","35.0","pmil","0","51.462","deg","22.621","°C","100.000","%a.s.","22.257","deg","22.682","°C","985.000","hPa","0.861","-0.02056","0.00035","-0.00011","0","14.7","Humid","28.35","0","65.20","249565.62","SABD0002000014","AAV2.0.0.13","4.0.0.2353","PSt7-10","000000-000","8/7/2024 3:37:09 PM","0000-00","0","no battery","V","215852","µV","96196","µV"
"08/11/2024","11:38:40","2","default","203499907","Sensor2","22.841","min","238.267","μmol/L","Humid","22.455","deg","93319","µV","18.620","°C","985.000","hPa","35.0","pmil","0","51.462","deg","22.621","°C","100.000","%a.s.","22.257","deg","22.682","°C","985.000","hPa","0.861","-0.02056","0.00035","-0.00011","0","14.7","Humid","28.35","0","65.20","249584.62","SABD0002000014","AAV2.0.0.13","4.0.0.2353","PSt7-10","000000-000","8/7/2024 3:37:09 PM","0000-00","0","no battery","V","215852","µV","96196","µV"
"08/11/2024","11:38:41","2","default","203499907","Sensor2","22.858","min","238.203","μmol/L","Humid","22.458","deg","93315","µV","18.620","°C","985.000","hPa","35.0","pmil","0","51.462","deg","22.621","°C","100.000","%a.s.","22.257","deg","22.682","°C","985.000","hPa","0.861","-0.02056","0.00035","-0.00011","0","14.7","Humid","28.35","0","65.20","249567.65","SABD0002000014","AAV2.0.0.13","4.0.0.2353","PSt7-10","000000-000","8/7/2024 3:37:09 PM","0000-00","0","no battery","V","215852","µV","96196","µV"
"08/11/2024","11:38:42","2","default","203499907","Sensor2","22.875","min","238.199","μmol/L","Humid","22.456","deg","93326","µV","18.626","°C","985.000","hPa","35.0","pmil","0","51.462","deg","22.621","°C","100.000","%a.s.","22.257","deg","22.682","°C","985.000","hPa","0.861","-0.02056","0.00035","-0.00011","0","14.7","Humid","28.35","0","65.20","249562.75","SABD0002000014","AAV2.0.0.13","4.0.0.2353","PSt7-10","000000-000","8/7/2024 3:37:09 PM","0000-00","0","no battery","V","215852","µV","96196","µV"
"08/11/2024","11:38:43","2","default","203499907","Sensor2","22.891","min","238.135","μmol/L","Humid","22.459","deg","93321","µV","18.626","°C","985.000","hPa","35.0","pmil","0","51.462","deg","22.621","°C","100.000","%a.s.","22.257","deg","22.682","°C","985.000","hPa","0.861","-0.02056","0.00035","-0.00011","0","14.7","Humid","28.35","0","65.20","249564.69","SABD0002000014","AAV2.0.0.13","4.0.0.2353","PSt7-10","000000-000","8/7/2024 3:37:09 PM","0000-00","0","no battery","V","215852","µV","96196","µV"
"08/11/2024","11:38:44","2","default","203499907","Sensor2","22.908","min","238.117","μmol/L","Humid","22.462","deg","93323","µV","18.620","°C","985.000","hPa","35.0","pmil","0","51.462","deg","22.621","°C","100.000","%a.s.","22.257","deg","22.682","°C","985.000","hPa","0.861","-0.02056","0.00035","-0.00011","0","14.7","Humid","28.35","0","65.20","249570.18","SABD0002000014","AAV2.0.0.13","4.0.0.2353","PSt7-10","000000-000","8/7/2024 3:37:09 PM","0000-00","0","no battery","V","215852","µV","96196","µV"
"08/11/2024","11:38:45","2","default","203499907","Sensor2","22.925","min","238.070","μmol/L","Humid","22.462","deg","93329","µV","18.626","°C","985.000","hPa","35.0","pmil","0","51.462","deg","22.621","°C","100.000","%a.s.","22.257","deg","22.682","°C","985.000","hPa","0.861","-0.02056","0.00035","-0.00011","0","14.7","Humid","28.35","0","65.20","249582.95","SABD0002000014","AAV2.0.0.13","4.0.0.2353","PSt7-10","000000-000","8/7/2024 3:37:09 PM","0000-00","0","no battery","V","215852","µV","96196","µV"
"08/11/2024","11:38:46","2","default","203499907","Sensor2","22.942","min","238.182","μmol/L","Humid","22.459","deg","93328","µV","18.620","°C","985.000","hPa","35.0","pmil","0","51.462","deg","22.621","°C","100.000","%a.s.","22.257","deg","22.682","°C","985.000","hPa","0.861","-0.02056","0.00035","-0.00011","0","14.7","Humid","28.35","0","65.20","249576.35","SABD0002000014","AAV2.0.0.13","4.0.0.2353","PSt7-10","000000-000","8/7/2024 3:37:09 PM","0000-00","0","no battery","V","215852","µV","96196","µV"
"08/11/2024","11:38:47","2","default","203499907","Sensor2","22.958","min","238.070","μmol/L","Humid","22.462","deg","93327","µV","18.626","°C","985.000","hPa","35.0","pmil","0","51.462","deg","22.621","°C","100.000","%a.s.","22.257","deg","22.682","°C","985.000","hPa","0.861","-0.02056","0.00035","-0.00011","0","14.7","Humid","28.35","0","65.20","249567.59","SABD0002000014","AAV2.0.0.13","4.0.0.2353","PSt7-10","000000-000","8/7/2024 3:37:09 PM","0000-00","0","no battery","V","215852","µV","96196","µV"
"08/11/2024","11:38:48","2","default","203499907","Sensor2","22.975","min","238.113","μmol/L","Humid","22.460","deg","93327","µV","18.626","°C","985.000","hPa","35.0","pmil","0","51.462","deg","22.621","°C","100.000","%a.s.","22.257","deg","22.682","°C","985.000","hPa","0.861","-0.02056","0.00035","-0.00011","0","14.7","Humid","28.35","0","65.20","249567.28","SABD0002000014","AAV2.0.0.13","4.0.0.2353","PSt7-10","000000-000","8/7/2024 3:37:09 PM","0000-00","0","no battery","V","215852","µV","96196","µV"
"08/11/2024","11:38:49","2","default","203499907","Sensor2","22.992","min","238.139","μmol/L","Humid","22.461","deg","93331","µV","18.620","°C","985.000","hPa","35.0","pmil","0","51.462","deg","22.621","°C","100.000","%a.s.","22.257","deg","22.682","°C","985.000","hPa","0.861","-0.02056","0.00035","-0.00011","0","14.7","Humid","28.35","0","65.20","249575.57","SABD0002000014","AAV2.0.0.13","4.0.0.2353","PSt7-10","000000-000","8/7/2024 3:37:09 PM","0000-00","0","no battery","V","215852","µV","96196","µV"
"08/11/2024","11:38:50","2","default","203499907","Sensor2","23.008","min","238.074","μmol/L","Humid","22.464","deg","93330","µV","18.620","°C","985.000","hPa","35.0","pmil","0","51.462","deg","22.621","°C","100.000","%a.s.","22.257","deg","22.682","°C","985.000","hPa","0.861","-0.02056","0.00035","-0.00011","0","14.7","Humid","28.35","0","65.20","249555.82","SABD0002000014","AAV2.0.0.13","4.0.0.2353","PSt7-10","000000-000","8/7/2024 3:37:09 PM","0000-00","0","no battery","V","215852","µV","96196","µV"
"08/11/2024","11:38:51","2","default","203499907","Sensor2","23.025","min","238.066","μmol/L","Humid","22.460","deg","93332","µV","18.632","°C","985.000","hPa","35.0","pmil","0","51.462","deg","22.621","°C","100.000","%a.s.","22.257","deg","22.682","°C","985.000","hPa","0.861","-0.02056","0.00035","-0.00011","0","14.7","Humid","28.35","0","65.20","249566.97","SABD0002000014","AAV2.0.0.13","4.0.0.2353","PSt7-10","000000-000","8/7/2024 3:37:09 PM","0000-00","0","no battery","V","215852","µV","96196","µV"
"08/11/2024","11:38:52","2","default","203499907","Sensor2","23.041","min","238.006","μmol/L","Humid","22.465","deg","93340","µV","18.626","°C","985.000","hPa","35.0","pmil","0","51.462","deg","22.621","°C","100.000","%a.s.","22.257","deg","22.682","°C","985.000","hPa","0.861","-0.02056","0.00035","-0.00011","0","14.7","Humid","28.35","0","65.20","249575.61","SABD0002000014","AAV2.0.0.13","4.0.0.2353","PSt7-10","000000-000","8/7/2024 3:37:09 PM","0000-00","0","no battery","V","215852","µV","96196","µV"
"08/11/2024","11:38:53","2","default","203499907","Sensor2","23.058","min","238.074","μmol/L","Humid","22.464","deg","93339","µV","18.620","°C","985.000","hPa","35.0","pmil","0","51.462","deg","22.621","°C","100.000","%a.s.","22.257","deg","22.682","°C","985.000","hPa","0.861","-0.02056","0.00035","-0.00011","0","14.7","Humid","28.35","0","65.20","249569.06","SABD0002000014","AAV2.0.0.13","4.0.0.2353","PSt7-10","000000-000","8/7/2024 3:37:09 PM","0000-00","0","no battery","V","215852","µV","96196","µV"
"08/11/2024","11:38:54","2","default","203499907","Sensor2","23.074","min","238.070","μmol/L","Humid","22.462","deg","93335","µV","18.626","°C","985.000","hPa","35.0","pmil","0","51.462","deg","22.621","°C","100.000","%a.s.","22.257","deg","22.682","°C","985.000","hPa","0.861","-0.02056","0.00035","-0.00011","0","14.7","Humid","28.35","0","65.20","249565.46","SABD0002000014","AAV2.0.0.13","4.0.0.2353","PSt7-10","000000-000","8/7/2024 3:37:09 PM","0000-00","0","no battery","V","215852","µV","96196","µV"
"08/11/2024","11:38:55","2","default","203499907","Sensor2","23.091","min","238.053","μmol/L","Humid","22.465","deg","93340","µV","18.620","°C","985.000","hPa","35.0","pmil","0","51.462","deg","22.621","°C","100.000","%a.s.","22.257","deg","22.682","°C","985.000","hPa","0.861","-0.02056","0.00035","-0.00011","0","14.7","Humid","28.35","0","65.20","249568.93","SABD0002000014","AAV2.0.0.13","4.0.0.2353","PSt7-10","000000-000","8/7/2024 3:37:09 PM","0000-00","0","no battery","V","215852","µV","96196","µV"
"08/11/2024","11:38:56","2","default","203499907","Sensor2","23.108","min","238.117","μmol/L","Humid","22.462","deg","93350","µV","18.620","°C","985.000","hPa","35.0","pmil","0","51.462","deg","22.621","°C","100.000","%a.s.","22.257","deg","22.682","°C","985.000","hPa","0.861","-0.02056","0.00035","-0.00011","0","14.7","Humid","28.35","0","65.20","249578.90","SABD0002000014","AAV2.0.0.13","4.0.0.2353","PSt7-10","000000-000","8/7/2024 3:37:09 PM","0000-00","0","no battery","V","215852","µV","96196","µV"
"08/11/2024","11:38:57","2","default","203499907","Sensor2","23.125","min","238.074","μmol/L","Humid","22.464","deg","93345","µV","18.620","°C","985.000","hPa","35.0","pmil","0","51.462","deg","22.621","°C","100.000","%a.s.","22.257","deg","22.682","°C","985.000","hPa","0.861","-0.02056","0.00035","-0.00011","0","14.7","Humid","28.35","0","65.20","249562.32","SABD0002000014","AAV2.0.0.13","4.0.0.2353","PSt7-10","000000-000","8/7/2024 3:37:09 PM","0000-00","0","no battery","V","215852","µV","96196","µV"
"08/11/2024","11:38:58","2","default","203499907","Sensor2","23.142","min","238.031","μmol/L","Humid","22.466","deg","93342","µV","18.620","°C","985.000","hPa","35.0","pmil","0","51.462","deg","22.621","°C","100.000","%a.s.","22.257","deg","22.682","°C","985.000","hPa","0.861","-0.02056","0.00035","-0.00011","0","14.7","Humid","28.35","0","65.20","249570.33","SABD0002000014","AAV2.0.0.13","4.0.0.2353","PSt7-10","000000-000","8/7/2024 3:37:09 PM","0000-00","0","no battery","V","215852","µV","96196","µV"
"08/11/2024","11:38:59","2","default","203499907","Sensor2","23.158","min","238.010","μmol/L","Humid","22.467","deg","93344","µV","18.620","°C","985.000","hPa","35.0","pmil","0","51.462","deg","22.621","°C","100.000","%a.s.","22.257","deg","22.682","°C","985.000","hPa","0.861","-0.02056","0.00035","-0.00011","0","14.7","Humid","28.35","0","65.20","249562.61","SABD0002000014","AAV2.0.0.13","4.0.0.2353","PSt7-10","000000-000","8/7/2024 3:37:09 PM","0000-00","0","no battery","V","215852","µV","96196","µV"
"08/11/2024","11:39:00","2","default","203499907","Sensor2","23.175","min","238.049","μmol/L","Humid","22.463","deg","93343","µV","18.626","°C","985.000","hPa","35.0","pmil","0","51.462","deg","22.621","°C","100.000","%a.s.","22.257","deg","22.682","°C","985.000","hPa","0.861","-0.02056","0.00035","-0.00011","0","14.7","Humid","28.35","0","65.20","249563.45","SABD0002000014","AAV2.0.0.13","4.0.0.2353","PSt7-10","000000-000","8/7/2024 3:37:09 PM","0000-00","0","no battery","V","215852","µV","96196","µV"
"08/11/2024","11:39:01","2","default","203499907","Sensor2","23.192","min","237.877","μmol/L","Humid","22.471","deg","93345","µV","18.626","°C","985.000","hPa","35.0","pmil","0","51.462","deg","22.621","°C","100.000","%a.s.","22.257","deg","22.682","°C","985.000","hPa","0.861","-0.02056","0.00035","-0.00011","0","14.7","Humid","28.35","0","65.20","249558.15","SABD0002000014","AAV2.0.0.13","4.0.0.2353","PSt7-10","000000-000","8/7/2024 3:37:09 PM","0000-00","0","no battery","V","215852","µV","96196","µV"
"08/11/2024","11:39:02","2","default","203499907","Sensor2","23.208","min","238.010","μmol/L","Humid","22.467","deg","93353","µV","18.620","°C","985.000","hPa","35.0","pmil","0","51.462","deg","22.621","°C","100.000","%a.s.","22.257","deg","22.682","°C","985.000","hPa","0.861","-0.02056","0.00035","-0.00011","0","14.7","Humid","28.35","0","65.20","249555.01","SABD0002000014","AAV2.0.0.13","4.0.0.2353","PSt7-10","000000-000","8/7/2024 3:37:09 PM","0000-00","0","no battery","V","215852","µV","96196","µV"
"08/11/2024","11:39:03","2","default","203499907","Sensor2","23.224","min","238.031","μmol/L","Humid","22.466","deg","93355","µV","18.620","°C","985.000","hPa","35.0","pmil","0","51.462","deg","22.621","°C","100.000","%a.s.","22.257","deg","22.682","°C","985.000","hPa","0.861","-0.02056","0.00035","-0.00011","0","14.7","Humid","28.35","0","65.20","249558.84","SABD0002000014","AAV2.0.0.13","4.0.0.2353","PSt7-10","000000-000","8/7/2024 3:37:09 PM","0000-00","0","no battery","V","215852","µV","96196","µV"
"08/11/2024","11:39:04","2","default","203499907","Sensor2","23.241","min","238.010","μmol/L","Humid","22.467","deg","93356","µV","18.620","°C","985.000","hPa","35.0","pmil","0","51.462","deg","22.621","°C","100.000","%a.s.","22.257","deg","22.682","°C","985.000","hPa","0.861","-0.02056","0.00035","-0.00011","0","14.7","Humid","28.35","0","65.20","249562.27","SABD0002000014","AAV2.0.0.13","4.0.0.2353","PSt7-10","000000-000","8/7/2024 3:37:09 PM","0000-00","0","no battery","V","215852","µV","96196","µV"
"08/11/2024","11:39:05","2","default","203499907","Sensor2","23.258","min","237.971","μmol/L","Humid","22.471","deg","93355","µV","18.613","°C","985.000","hPa","35.0","pmil","0","51.462","deg","22.621","°C","100.000","%a.s.","22.257","deg","22.682","°C","985.000","hPa","0.861","-0.02056","0.00035","-0.00011","0","14.7","Humid","28.35","0","65.20","249563.54","SABD0002000014","AAV2.0.0.13","4.0.0.2353","PSt7-10","000000-000","8/7/2024 3:37:09 PM","0000-00","0","no battery","V","215852","µV","96196","µV"
"08/11/2024","11:39:06","2","default","203499907","Sensor2","23.274","min","237.946","μmol/L","Humid","22.470","deg","93351","µV","18.620","°C","985.000","hPa","35.0","pmil","0","51.462","deg","22.621","°C","100.000","%a.s.","22.257","deg","22.682","°C","985.000","hPa","0.861","-0.02056","0.00035","-0.00011","0","14.7","Humid","28.35","0","65.20","249554.11","SABD0002000014","AAV2.0.0.13","4.0.0.2353","PSt7-10","000000-000","8/7/2024 3:37:09 PM","0000-00","0","no battery","V","215852","µV","96196","µV"
"08/11/2024","11:39:07","2","default","203499907","Sensor2","23.291","min","237.967","μmol/L","Humid","22.469","deg","93360","µV","18.620","°C","985.000","hPa","35.0","pmil","0","51.462","deg","22.621","°C","100.000","%a.s.","22.257","deg","22.682","°C","985.000","hPa","0.861","-0.02056","0.00035","-0.00011","0","14.7","Humid","28.35","0","65.20","249554.45","SABD0002000014","AAV2.0.0.13","4.0.0.2353","PSt7-10","000000-000","8/7/2024 3:37:09 PM","0000-00","0","no battery","V","215852","µV","96196","µV"
"08/11/2024","11:39:08","2","default","203499907","Sensor2","23.308","min","237.920","μmol/L","Humid","22.469","deg","93358","µV","18.626","°C","985.000","hPa","35.0","pmil","0","51.462","deg","22.621","°C","100.000","%a.s.","22.257","deg","22.682","°C","985.000","hPa","0.861","-0.02056","0.00035","-0.00011","0","14.7","Humid","28.35","0","65.20","249556.17","SABD0002000014","AAV2.0.0.13","4.0.0.2353","PSt7-10","000000-000","8/7/2024 3:37:09 PM","0000-00","0","no battery","V","215852","µV","96196","µV"
"08/11/2024","11:39:09","2","default","203499907","Sensor2","23.325","min","237.924","μmol/L","Humid","22.471","deg","93361","µV","18.620","°C","985.000","hPa","35.0","pmil","0","51.462","deg","22.621","°C","100.000","%a.s.","22.257","deg","22.682","°C","985.000","hPa","0.861","-0.02056","0.00035","-0.00011","0","14.7","Humid","28.35","0","65.20","249559.90","SABD0002000014","AAV2.0.0.13","4.0.0.2353","PSt7-10","000000-000","8/7/2024 3:37:09 PM","0000-00","0","no battery","V","215852","µV","96196","µV"
"08/11/2024","11:39:10","2","default","203499907","Sensor2","23.341","min","237.946","μmol/L","Humid","22.470","deg","93372","µV","18.620","°C","985.000","hPa","35.0","pmil","0","51.462","deg","22.621","°C","100.000","%a.s.","22.257","deg","22.682","°C","985.000","hPa","0.861","-0.02056","0.00035","-0.00011","0","14.7","Humid","28.35","0","65.20","249553.39","SABD0002000014","AAV2.0.0.13","4.0.0.2353","PSt7-10","000000-000","8/7/2024 3:37:09 PM","0000-00","0","no battery","V","215852","µV","96196","µV"
"08/11/2024","11:39:11","2","default","203499907","Sensor2","23.358","min","237.920","μmol/L","Humid","22.469","deg","93364","µV","18.626","°C","985.000","hPa","35.0","pmil","0","51.462","deg","22.621","°C","100.000","%a.s.","22.257","deg","22.682","°C","985.000","hPa","0.861","-0.02056","0.00035","-0.00011","0","14.7","Humid","28.35","0","65.20","249551.68","SABD0002000014","AAV2.0.0.13","4.0.0.2353","PSt7-10","000000-000","8/7/2024 3:37:09 PM","0000-00","0","no battery","V","215852","µV","96196","µV"
"08/11/2024","11:39:12","2","default","203499907","Sensor2","23.375","min","237.924","μmol/L","Humid","22.471","deg","93364","µV","18.620","°C","985.000","hPa","35.0","pmil","0","51.462","deg","22.621","°C","100.000","%a.s.","22.257","deg","22.682","°C","985.000","hPa","0.861","-0.02056","0.00035","-0.00011","0","14.7","Humid","28.35","0","65.20","249560.04","SABD0002000014","AAV2.0.0.13","4.0.0.2353","PSt7-10","000000-000","8/7/2024 3:37:09 PM","0000-00","0","no battery","V","215852","µV","96196","µV"
"08/11/2024","11:39:13","2","default","203499907","Sensor2","23.392","min","237.839","μmol/L","Humid","22.475","deg","93369","µV","18.620","°C","985.000","hPa","35.0","pmil","0","51.462","deg","22.621","°C","100.000","%a.s.","22.257","deg","22.682","°C","985.000","hPa","0.861","-0.02056","0.00035","-0.00011","0","14.7","Humid","28.35","0","65.20","249557.67","SABD0002000014","AAV2.0.0.13","4.0.0.2353","PSt7-10","000000-000","8/7/2024 3:37:09 PM","0000-00","0","no battery","V","215852","µV","96196","µV"
"08/11/2024","11:39:14","2","default","203499907","Sensor2","23.408","min","237.924","μmol/L","Humid","22.471","deg","93375","µV","18.620","°C","985.000","hPa","35.0","pmil","0","51.462","deg","22.621","°C","100.000","%a.s.","22.257","deg","22.682","°C","985.000","hPa","0.861","-0.02056","0.00035","-0.00011","0","14.7","Humid","28.35","0","65.20","249564.66","SABD0002000014","AAV2.0.0.13","4.0.0.2353","PSt7-10","000000-000","8/7/2024 3:37:09 PM","0000-00","0","no battery","V","215852","µV","96196","µV"
"08/11/2024","11:39:15","2","default","203499907","Sensor2","23.425","min","237.903","μmol/L","Humid","22.472","deg","93379","µV","18.620","°C","985.000","hPa","35.0","pmil","0","51.462","deg","22.621","°C","100.000","%a.s.","22.257","deg","22.682","°C","985.000","hPa","0.861","-0.02056","0.00035","-0.00011","0","14.7","Humid","28.35","0","65.20","249571.52","SABD0002000014","AAV2.0.0.13","4.0.0.2353","PSt7-10","000000-000","8/7/2024 3:37:09 PM","0000-00","0","no battery","V","215852","µV","96196","µV"
"08/11/2024","11:39:16","2","default","203499907","Sensor2","23.441","min","237.856","μmol/L","Humid","22.472","deg","93371","µV","18.626","°C","985.000","hPa","35.0","pmil","0","51.462","deg","22.621","°C","100.000","%a.s.","22.257","deg","22.682","°C","985.000","hPa","0.861","-0.02056","0.00035","-0.00011","0","14.7","Humid","28.35","0","65.20","249560.88","SABD0002000014","AAV2.0.0.13","4.0.0.2353","PSt7-10","000000-000","8/7/2024 3:37:09 PM","0000-00","0","no battery","V","215852","µV","96196","µV"
"08/11/2024","11:39:17","2","default","203499907","Sensor2","23.458","min","237.731","μmol/L","Humid","22.480","deg","93373","µV","18.620","°C","985.000","hPa","35.0","pmil","0","51.462","deg","22.621","°C","100.000","%a.s.","22.257","deg","22.682","°C","985.000","hPa","0.861","-0.02056","0.00035","-0.00011","0","14.7","Humid","28.35","0","65.20","249571.25","SABD0002000014","AAV2.0.0.13","4.0.0.2353","PSt7-10","000000-000","8/7/2024 3:37:09 PM","0000-00","0","no battery","V","215852","µV","96196","µV"
"08/11/2024","11:39:18","2","default","203499907","Sensor2","23.475","min","237.843","μmol/L","Humid","22.477","deg","93375","µV","18.613","°C","985.000","hPa","35.0","pmil","0","51.462","deg","22.621","°C","100.000","%a.s.","22.257","deg","22.682","°C","985.000","hPa","0.861","-0.02056","0.00035","-0.00011","0","14.7","Humid","28.35","0","65.20","249554.41","SABD0002000014","AAV2.0.0.13","4.0.0.2353","PSt7-10","000000-000","8/7/2024 3:37:09 PM","0000-00","0","no battery","V","215852","µV","96196","µV"
"08/11/2024","11:39:19","2","default","203499907","Sensor2","23.491","min","237.928","μmol/L","Humid","22.473","deg","93377","µV","18.613","°C","985.000","hPa","35.0","pmil","0","51.462","deg","22.621","°C","100.000","%a.s.","22.257","deg","22.682","°C","985.000","hPa","0.861","-0.02056","0.00035","-0.00011","0","14.7","Humid","28.35","0","65.20","249562.54","SABD0002000014","AAV2.0.0.13","4.0.0.2353","PSt7-10","000000-000","8/7/2024 3:37:09 PM","0000-00","0","no battery","V","215852","µV","96196","µV"
"08/11/2024","11:39:20","2","default","203499907","Sensor2","23.508","min","237.813","μmol/L","Humid","22.474","deg","93383","µV","18.626","°C","985.000","hPa","35.0","pmil","0","51.462","deg","22.621","°C","100.000","%a.s.","22.257","deg","22.682","°C","985.000","hPa","0.861","-0.02056","0.00035","-0.00011","0","14.7","Humid","28.35","0","65.20","249553.31","SABD0002000014","AAV2.0.0.13","4.0.0.2353","PSt7-10","000000-000","8/7/2024 3:37:09 PM","0000-00","0","no battery","V","215852","µV","96196","µV"
"08/11/2024","11:39:21","2","default","203499907","Sensor2","23.525","min","237.817","μmol/L","Humid","22.476","deg","93385","µV","18.620","°C","985.000","hPa","35.0","pmil","0","51.462","deg","22.621","°C","100.000","%a.s.","22.257","deg","22.682","°C","985.000","hPa","0.861","-0.02056","0.00035","-0.00011","0","14.7","Humid","28.35","0","65.20","249557.86","SABD0002000014","AAV2.0.0.13","4.0.0.2353","PSt7-10","000000-000","8/7/2024 3:37:09 PM","0000-00","0","no battery","V","215852","µV","96196","µV"
"08/11/2024","11:39:22","2","default","203499907","Sensor2","23.541","min","237.770","μmol/L","Humid","22.476","deg","93387","µV","18.626","°C","985.000","hPa","35.0","pmil","0","51.462","deg","22.621","°C","100.000","%a.s.","22.257","deg","22.682","°C","985.000","hPa","0.861","-0.02056","0.00035","-0.00011","0","14.7","Humid","28.35","0","65.20","249568.71","SABD0002000014","AAV2.0.0.13","4.0.0.2353","PSt7-10","000000-000","8/7/2024 3:37:09 PM","0000-00","0","no battery","V","215852","µV","96196","µV"
"08/11/2024","11:39:23","2","default","203499907","Sensor2","23.558","min","237.778","μmol/L","Humid","22.480","deg","93385","µV","18.613","°C","985.000","hPa","35.0","pmil","0","51.462","deg","22.621","°C","100.000","%a.s.","22.257","deg","22.682","°C","985.000","hPa","0.861","-0.02056","0.00035","-0.00011","0","14.7","Humid","28.35","0","65.20","249561.80","SABD0002000014","AAV2.0.0.13","4.0.0.2353","PSt7-10","000000-000","8/7/2024 3:37:09 PM","0000-00","0","no battery","V","215852","µV","96196","µV"
"08/11/2024","11:39:24","2","default","203499907","Sensor2","23.575","min","237.706","μmol/L","Humid","22.479","deg","93390","µV","18.626","°C","985.000","hPa","35.0","pmil","0","51.462","deg","22.621","°C","100.000","%a.s.","22.257","deg","22.682","°C","985.000","hPa","0.861","-0.02056","0.00035","-0.00011","0","14.7","Humid","28.35","0","65.20","249549.02","SABD0002000014","AAV2.0.0.13","4.0.0.2353","PSt7-10","000000-000","8/7/2024 3:37:09 PM","0000-00","0","no battery","V","215852","µV","96196","µV"
"08/11/2024","11:39:25","2","default","203499907","Sensor2","23.592","min","237.796","μmol/L","Humid","22.477","deg","93393","µV","18.620","°C","985.000","hPa","35.0","pmil","0","51.462","deg","22.621","°C","100.000","%a.s.","22.257","deg","22.682","°C","985.000","hPa","0.861","-0.02056","0.00035","-0.00011","0","14.7","Humid","28.35","0","65.20","249558.19","SABD0002000014","AAV2.0.0.13","4.0.0.2353","PSt7-10","000000-000","8/7/2024 3:37:09 PM","0000-00","0","no battery","V","215852","µV","96196","µV"
"08/11/2024","11:39:26","2","default","203499907","Sensor2","23.608","min","237.753","μmol/L","Humid","22.479","deg","93392","µV","18.620","°C","985.000","hPa","35.0","pmil","0","51.462","deg","22.621","°C","100.000","%a.s.","22.257","deg","22.682","°C","985.000","hPa","0.861","-0.02056","0.00035","-0.00011","0","14.7","Humid","28.35","0","65.20","249556.04","SABD0002000014","AAV2.0.0.13","4.0.0.2353","PSt7-10","000000-000","8/7/2024 3:37:09 PM","0000-00","0","no battery","V","215852","µV","96196","µV"
"08/11/2024","11:39:27","2","default","203499907","Sensor2","23.625","min","237.731","μmol/L","Humid","22.480","deg","93398","µV","18.620","°C","985.000","hPa","35.0","pmil","0","51.462","deg","22.621","°C","100.000","%a.s.","22.257","deg","22.682","°C","985.000","hPa","0.861","-0.02056","0.00035","-0.00011","0","14.7","Humid","28.35","0","65.20","249557.50","SABD0002000014","AAV2.0.0.13","4.0.0.2353","PSt7-10","000000-000","8/7/2024 3:37:09 PM","0000-00","0","no battery","V","215852","µV","96196","µV"
"08/11/2024","11:39:28","2","default","203499907","Sensor2","23.641","min","237.667","μmol/L","Humid","22.483","deg","93396","µV","18.620","°C","985.000","hPa","35.0","pmil","0","51.462","deg","22.621","°C","100.000","%a.s.","22.257","deg","22.682","°C","985.000","hPa","0.861","-0.02056","0.00035","-0.00011","0","14.7","Humid","28.35","0","65.20","249558.88","SABD0002000014","AAV2.0.0.13","4.0.0.2353","PSt7-10","000000-000","8/7/2024 3:37:09 PM","0000-00","0","no battery","V","215852","µV","96196","µV"
"08/11/2024","11:39:29","2","default","203499907","Sensor2","23.658","min","237.778","μmol/L","Humid","22.480","deg","93403","µV","18.613","°C","985.000","hPa","35.0","pmil","0","51.462","deg","22.621","°C","100.000","%a.s.","22.257","deg","22.682","°C","985.000","hPa","0.861","-0.02056","0.00035","-0.00011","0","14.7","Humid","28.35","0","65.20","249559.17","SABD0002000014","AAV2.0.0.13","4.0.0.2353","PSt7-10","000000-000","8/7/2024 3:37:09 PM","0000-00","0","no battery","V","215852","µV","96196","µV"
"08/11/2024","11:39:30","2","default","203499907","Sensor2","23.674","min","237.753","μmol/L","Humid","22.479","deg","93396","µV","18.620","°C","985.000","hPa","35.0","pmil","0","51.462","deg","22.621","°C","100.000","%a.s.","22.257","deg","22.682","°C","985.000","hPa","0.861","-0.02056","0.00035","-0.00011","0","14.7","Humid","28.35","0","65.20","249545.21","SABD0002000014","AAV2.0.0.13","4.0.0.2353","PSt7-10","000000-000","8/7/2024 3:37:09 PM","0000-00","0","no battery","V","215852","µV","96196","µV"
"08/11/2024","11:39:31","2","default","203499907","Sensor2","23.691","min","237.757","μmol/L","Humid","22.481","deg","93397","µV","18.613","°C","985.000","hPa","35.0","pmil","0","51.462","deg","22.621","°C","100.000","%a.s.","22.257","deg","22.682","°C","985.000","hPa","0.861","-0.02056","0.00035","-0.00011","0","14.7","Humid","28.35","0","65.20","249550.66","SABD0002000014","AAV2.0.0.13","4.0.0.2353","PSt7-10","000000-000","8/7/2024 3:37:09 PM","0000-00","0","no battery","V","215852","µV","96196","µV"
"08/11/2024","11:39:32","2","default","203499907","Sensor2","23.708","min","237.839","μmol/L","Humid","22.475","deg","93399","µV","18.620","°C","985.000","hPa","35.0","pmil","0","51.462","deg","22.621","°C","100.000","%a.s.","22.257","deg","22.682","°C","985.000","hPa","0.861","-0.02056","0.00035","-0.00011","0","14.7","Humid","28.35","0","65.20","249556.00","SABD0002000014","AAV2.0.0.13","4.0.0.2353","PSt7-10","000000-000","8/7/2024 3:37:09 PM","0000-00","0","no battery","V","215852","µV","96196","µV"
"08/11/2024","11:39:33","2","default","203499907","Sensor2","23.725","min","237.671","μmol/L","Humid","22.485","deg","93403","µV","18.613","°C","985.000","hPa","35.0","pmil","0","51.462","deg","22.621","°C","100.000","%a.s.","22.257","deg","22.682","°C","985.000","hPa","0.861","-0.02056","0.00035","-0.00011","0","14.7","Humid","28.35","0","65.20","249565.51","SABD0002000014","AAV2.0.0.13","4.0.0.2353","PSt7-10","000000-000","8/7/2024 3:37:09 PM","0000-00","0","no battery","V","215852","µV","96196","µV"
"08/11/2024","11:39:34","2","default","203499907","Sensor2","23.741","min","237.693","μmol/L","Humid","22.484","deg","93408","µV","18.613","°C","985.000","hPa","35.0","pmil","0","51.462","deg","22.621","°C","100.000","%a.s.","22.257","deg","22.682","°C","985.000","hPa","0.861","-0.02056","0.00035","-0.00011","0","14.7","Humid","28.35","0","65.20","249551.02","SABD0002000014","AAV2.0.0.13","4.0.0.2353","PSt7-10","000000-000","8/7/2024 3:37:09 PM","0000-00","0","no battery","V","215852","µV","96196","µV"
"08/11/2024","11:39:35","2","default","203499907","Sensor2","23.758","min","237.624","μmol/L","Humid","22.485","deg","93413","µV","18.620","°C","985.000","hPa","35.0","pmil","0","51.462","deg","22.621","°C","100.000","%a.s.","22.257","deg","22.682","°C","985.000","hPa","0.861","-0.02056","0.00035","-0.00011","0","14.7","Humid","28.35","0","65.20","249555.78","SABD0002000014","AAV2.0.0.13","4.0.0.2353","PSt7-10","000000-000","8/7/2024 3:37:09 PM","0000-00","0","no battery","V","215852","µV","96196","µV"
"08/11/2024","11:39:36","2","default","203499907","Sensor2","23.775","min","237.650","μmol/L","Humid","22.486","deg","93409","µV","18.613","°C","985.000","hPa","35.0","pmil","0","51.462","deg","22.621","°C","100.000","%a.s.","22.257","deg","22.682","°C","985.000","hPa","0.861","-0.02056","0.00035","-0.00011","0","14.7","Humid","28.35","0","65.20","249545.80","SABD0002000014","AAV2.0.0.13","4.0.0.2353","PSt7-10","000000-000","8/7/2024 3:37:09 PM","0000-00","0","no battery","V","215852","µV","96196","µV"
"08/11/2024","11:39:37","2","default","203499907","Sensor2","23.791","min","237.739","μmol/L","Humid","22.484","deg","93407","µV","18.607","°C","985.000","hPa","35.0","pmil","0","51.462","deg","22.621","°C","100.000","%a.s.","22.257","deg","22.682","°C","985.000","hPa","0.861","-0.02056","0.00035","-0.00011","0","14.7","Humid","28.35","0","65.20","249556.07","SABD0002000014","AAV2.0.0.13","4.0.0.2353","PSt7-10","000000-000","8/7/2024 3:37:09 PM","0000-00","0","no battery","V","215852","µV","96196","µV"
"08/11/2024","11:39:38","2","default","203499907","Sensor2","23.808","min","237.735","μmol/L","Humid","22.482","deg","93415","µV","18.613","°C","985.000","hPa","35.0","pmil","0","51.462","deg","22.621","°C","100.000","%a.s.","22.257","deg","22.682","°C","985.000","hPa","0.861","-0.02056","0.00035","-0.00011","0","14.7","Humid","28.35","0","65.20","249559.28","SABD0002000014","AAV2.0.0.13","4.0.0.2353","PSt7-10","000000-000","8/7/2024 3:37:09 PM","0000-00","0","no battery","V","215852","µV","96196","µV"
"08/11/2024","11:39:39","2","default","203499907","Sensor2","23.825","min","237.689","μmol/L","Humid","22.482","deg","93415","µV","18.620","°C","985.000","hPa","35.0","pmil","0","51.462","deg","22.621","°C","100.000","%a.s.","22.257","deg","22.682","°C","985.000","hPa","0.861","-0.02056","0.00035","-0.00011","0","14.7","Humid","28.35","0","65.20","249539.51","SABD0002000014","AAV2.0.0.13","4.0.0.2353","PSt7-10","000000-000","8/7/2024 3:37:09 PM","0000-00","0","no battery","V","215852","µV","96196","µV"
"08/11/2024","11:39:40","2","default","203499907","Sensor2","23.842","min","237.650","μmol/L","Humid","22.486","deg","93421","µV","18.613","°C","985.000","hPa","35.0","pmil","0","51.462","deg","22.621","°C","100.000","%a.s.","22.257","deg","22.682","°C","985.000","hPa","0.861","-0.02056","0.00035","-0.00011","0","14.7","Humid","28.35","0","65.20","249557.20","SABD0002000014","AAV2.0.0.13","4.0.0.2353","PSt7-10","000000-000","8/7/2024 3:37:09 PM","0000-00","0","no battery","V","215852","µV","96196","µV"
"08/11/2024","11:39:41","2","default","203499907","Sensor2","23.858","min","237.607","μmol/L","Humid","22.488","deg","93416","µV","18.613","°C","985.000","hPa","35.0","pmil","0","51.462","deg","22.621","°C","100.000","%a.s.","22.257","deg","22.682","°C","985.000","hPa","0.861","-0.02056","0.00035","-0.00011","0","14.7","Humid","28.35","0","65.20","249534.85","SABD0002000014","AAV2.0.0.13","4.0.0.2353","PSt7-10","000000-000","8/7/2024 3:37:09 PM","0000-00","0","no battery","V","215852","µV","96196","µV"
"08/11/2024","11:39:42","2","default","203499907","Sensor2","23.875","min","237.560","μmol/L","Humid","22.488","deg","93417","µV","18.620","°C","985.000","hPa","35.0","pmil","0","51.462","deg","22.621","°C","100.000","%a.s.","22.257","deg","22.682","°C","985.000","hPa","0.861","-0.02056","0.00035","-0.00011","0","14.7","Humid","28.35","0","65.20","249545.45","SABD0002000014","AAV2.0.0.13","4.0.0.2353","PSt7-10","000000-000","8/7/2024 3:37:09 PM","0000-00","0","no battery","V","215852","µV","96196","µV"
"08/11/2024","11:39:43","2","default","203499907","Sensor2","23.891","min","237.671","μmol/L","Humid","22.485","deg","93419","µV","18.613","°C","985.000","hPa","35.0","pmil","0","51.462","deg","22.621","°C","100.000","%a.s.","22.257","deg","22.682","°C","985.000","hPa","0.861","-0.02056","0.00035","-0.00011","0","14.7","Humid","28.35","0","65.20","249546.76","SABD0002000014","AAV2.0.0.13","4.0.0.2353","PSt7-10","000000-000","8/7/2024 3:37:09 PM","0000-00","0","no battery","V","215852","µV","96196","µV"
"08/11/2024","11:39:44","2","default","203499907","Sensor2","23.908","min","237.735","μmol/L","Humid","22.482","deg","93421","µV","18.613","°C","985.000","hPa","35.0","pmil","0","51.462","deg","22.621","°C","100.000","%a.s.","22.257","deg","22.682","°C","985.000","hPa","0.861","-0.02056","0.00035","-0.00011","0","14.7","Humid","28.35","0","65.20","249555.09","SABD0002000014","AAV2.0.0.13","4.0.0.2353","PSt7-10","000000-000","8/7/2024 3:37:09 PM","0000-00","0","no battery","V","215852","µV","96196","µV"
"08/11/2024","11:39:45","2","default","203499907","Sensor2","23.924","min","237.513","μmol/L","Humid","22.488","deg","93429","µV","18.626","°C","985.000","hPa","35.0","pmil","0","51.462","deg","22.621","°C","100.000","%a.s.","22.257","deg","22.682","°C","985.000","hPa","0.861","-0.02056","0.00035","-0.00011","0","14.7","Humid","28.35","0","65.20","249550.46","SABD0002000014","AAV2.0.0.13","4.0.0.2353","PSt7-10","000000-000","8/7/2024 3:37:09 PM","0000-00","0","no battery","V","215852","µV","96196","µV"
"08/11/2024","11:39:46","2","default","203499907","Sensor2","23.941","min","237.607","μmol/L","Humid","22.488","deg","93427","µV","18.613","°C","985.000","hPa","35.0","pmil","0","51.462","deg","22.621","°C","100.000","%a.s.","22.257","deg","22.682","°C","985.000","hPa","0.861","-0.02056","0.00035","-0.00011","0","14.7","Humid","28.35","0","65.20","249556.57","SABD0002000014","AAV2.0.0.13","4.0.0.2353","PSt7-10","000000-000","8/7/2024 3:37:09 PM","0000-00","0","no battery","V","215852","µV","96196","µV"
"08/11/2024","11:39:47","2","default","203499907","Sensor2","23.958","min","237.654","μmol/L","Humid","22.488","deg","93425","µV","18.607","°C","985.000","hPa","35.0","pmil","0","51.462","deg","22.621","°C","100.000","%a.s.","22.257","deg","22.682","°C","985.000","hPa","0.861","-0.02056","0.00035","-0.00011","0","14.7","Humid","28.35","0","65.20","249545.36","SABD0002000014","AAV2.0.0.13","4.0.0.2353","PSt7-10","000000-000","8/7/2024 3:37:09 PM","0000-00","0","no battery","V","215852","µV","96196","µV"
"08/11/2024","11:39:48","2","default","203499907","Sensor2","23.975","min","237.697","μmol/L","Humid","22.486","deg","93433","µV","18.607","°C","985.000","hPa","35.0","pmil","0","51.462","deg","22.621","°C","100.000","%a.s.","22.257","deg","22.682","°C","985.000","hPa","0.861","-0.02056","0.00035","-0.00011","0","14.7","Humid","28.35","0","65.20","249555.08","SABD0002000014","AAV2.0.0.13","4.0.0.2353","PSt7-10","000000-000","8/7/2024 3:37:09 PM","0000-00","0","no battery","V","215852","µV","96196","µV"
"08/11/2024","11:39:49","2","default","203499907","Sensor2","23.992","min","237.521","μmol/L","Humid","22.492","deg","93440","µV","18.613","°C","985.000","hPa","35.0","pmil","0","51.462","deg","22.621","°C","100.000","%a.s.","22.257","deg","22.682","°C","985.000","hPa","0.861","-0.02056","0.00035","-0.00011","0","14.7","Humid","28.35","0","65.20","249550.54","SABD0002000014","AAV2.0.0.13","4.0.0.2353","PSt7-10","000000-000","8/7/2024 3:37:09 PM","0000-00","0","no battery","V","215852","µV","96196","µV"
"08/11/2024","11:39:50","2","default","203499907","Sensor2","24.008","min","237.564","μmol/L","Humid","22.490","deg","93435","µV","18.613","°C","985.000","hPa","35.0","pmil","0","51.462","deg","22.621","°C","100.000","%a.s.","22.257","deg","22.682","°C","985.000","hPa","0.861","-0.02056","0.00035","-0.00011","0","14.7","Humid","28.35","0","65.20","249555.57","SABD0002000014","AAV2.0.0.13","4.0.0.2353","PSt7-10","000000-000","8/7/2024 3:37:09 PM","0000-00","0","no battery","V","215852","µV","96196","µV"
"08/11/2024","11:39:51","2","default","203499907","Sensor2","24.025","min","237.521","μmol/L","Humid","22.492","deg","93431","µV","18.613","°C","985.000","hPa","35.0","pmil","0","51.462","deg","22.621","°C","100.000","%a.s.","22.257","deg","22.682","°C","985.000","hPa","0.861","-0.02056","0.00035","-0.00011","0","14.7","Humid","28.35","0","65.20","249547.98","SABD0002000014","AAV2.0.0.13","4.0.0.2353","PSt7-10","000000-000","8/7/2024 3:37:09 PM","0000-00","0","no battery","V","215852","µV","96196","µV"
"08/11/2024","11:39:52","2","default","203499907","Sensor2","24.042","min","237.586","μmol/L","Humid","22.489","deg","93434","µV","18.613","°C","985.000","hPa","35.0","pmil","0","51.462","deg","22.621","°C","100.000","%a.s.","22.257","deg","22.682","°C","985.000","hPa","0.861","-0.02056","0.00035","-0.00011","0","14.7","Humid","28.35","0","65.20","249546.21","SABD0002000014","AAV2.0.0.13","4.0.0.2353","PSt7-10","000000-000","8/7/2024 3:37:09 PM","0000-00","0","no battery","V","215852","µV","96196","µV"
"08/11/2024","11:39:53","2","default","203499907","Sensor2","24.058","min","237.590","μmol/L","Humid","22.491","deg","93430","µV","18.607","°C","985.000","hPa","35.0","pmil","0","51.462","deg","22.621","°C","100.000","%a.s.","22.257","deg","22.682","°C","985.000","hPa","0.861","-0.02056","0.00035","-0.00011","0","14.7","Humid","28.35","0","65.20","249541.19","SABD0002000014","AAV2.0.0.13","4.0.0.2353","PSt7-10","000000-000","8/7/2024 3:37:09 PM","0000-00","0","no battery","V","215852","µV","96196","µV"
"08/11/2024","11:39:54","2","default","203499907","Sensor2","24.074","min","237.586","μmol/L","Humid","22.489","deg","93440","µV","18.613","°C","985.000","hPa","35.0","pmil","0","51.462","deg","22.621","°C","100.000","%a.s.","22.257","deg","22.682","°C","985.000","hPa","0.861","-0.02056","0.00035","-0.00011","0","14.7","Humid","28.35","0","65.20","249538.45","SABD0002000014","AAV2.0.0.13","4.0.0.2353","PSt7-10","000000-000","8/7/2024 3:37:09 PM","0000-00","0","no battery","V","215852","µV","96196","µV"
"08/11/2024","11:39:55","2","default","203499907","Sensor2","24.091","min","237.586","μmol/L","Humid","22.489","deg","93441","µV","18.613","°C","985.000","hPa","35.0","pmil","0","51.462","deg","22.621","°C","100.000","%a.s.","22.257","deg","22.682","°C","985.000","hPa","0.861","-0.02056","0.00035","-0.00011","0","14.7","Humid","28.35","0","65.20","249550.35","SABD0002000014","AAV2.0.0.13","4.0.0.2353","PSt7-10","000000-000","8/7/2024 3:37:09 PM","0000-00","0","no battery","V","215852","µV","96196","µV"
"08/11/2024","11:39:56","2","default","203499907","Sensor2","24.108","min","237.453","μmol/L","Humid","22.493","deg","93444","µV","18.620","°C","985.000","hPa","35.0","pmil","0","51.462","deg","22.621","°C","100.000","%a.s.","22.257","deg","22.682","°C","985.000","hPa","0.861","-0.02056","0.00035","-0.00011","0","14.7","Humid","28.35","0","65.20","249549.46","SABD0002000014","AAV2.0.0.13","4.0.0.2353","PSt7-10","000000-000","8/7/2024 3:37:09 PM","0000-00","0","no battery","V","215852","µV","96196","µV"
"08/11/2024","11:39:57","2","default","203499907","Sensor2","24.125","min","237.500","μmol/L","Humid","22.493","deg","93446","µV","18.613","°C","985.000","hPa","35.0","pmil","0","51.462","deg","22.621","°C","100.000","%a.s.","22.257","deg","22.682","°C","985.000","hPa","0.861","-0.02056","0.00035","-0.00011","0","14.7","Humid","28.35","0","65.20","249537.77","SABD0002000014","AAV2.0.0.13","4.0.0.2353","PSt7-10","000000-000","8/7/2024 3:37:09 PM","0000-00","0","no battery","V","215852","µV","96196","µV"
"08/11/2024","11:39:58","2","default","203499907","Sensor2","24.141","min","237.517","μmol/L","Humid","22.490","deg","93449","µV","18.620","°C","985.000","hPa","35.0","pmil","0","51.462","deg","22.621","°C","100.000","%a.s.","22.257","deg","22.682","°C","985.000","hPa","0.861","-0.02056","0.00035","-0.00011","0","14.7","Humid","28.35","0","65.20","249539.55","SABD0002000014","AAV2.0.0.13","4.0.0.2353","PSt7-10","000000-000","8/7/2024 3:37:09 PM","0000-00","0","no battery","V","215852","µV","96196","µV"
"08/11/2024","11:39:59","2","default","203499907","Sensor2","24.158","min","237.521","μmol/L","Humid","22.492","deg","93452","µV","18.613","°C","985.000","hPa","35.0","pmil","0","51.462","deg","22.621","°C","100.000","%a.s.","22.257","deg","22.682","°C","985.000","hPa","0.861","-0.02056","0.00035","-0.00011","0","14.7","Humid","28.35","0","65.20","249549.36","SABD0002000014","AAV2.0.0.13","4.0.0.2353","PSt7-10","000000-000","8/7/2024 3:37:09 PM","0000-00","0","no battery","V","215852","µV","96196","µV"
"08/11/2024","11:40:00","2","default","203499907","Sensor2","24.175","min","237.547","μmol/L","Humid","22.493","deg","93451","µV","18.607","°C","985.000","hPa","35.0","pmil","0","51.462","deg","22.621","°C","100.000","%a.s.","22.257","deg","22.682","°C","985.000","hPa","0.861","-0.02056","0.00035","-0.00011","0","14.7","Humid","28.35","0","65.20","249537.59","SABD0002000014","AAV2.0.0.13","4.0.0.2353","PSt7-10","000000-000","8/7/2024 3:37:09 PM","0000-00","0","no battery","V","215852","µV","96196","µV"
"08/11/2024","11:40:01","2","default","203499907","Sensor2","24.192","min","237.393","μmol/L","Humid","22.498","deg","93453","µV","18.613","°C","985.000","hPa","35.0","pmil","0","51.462","deg","22.621","°C","100.000","%a.s.","22.257","deg","22.682","°C","985.000","hPa","0.861","-0.02056","0.00035","-0.00011","0","14.7","Humid","28.35","0","65.20","249539.49","SABD0002000014","AAV2.0.0.13","4.0.0.2353","PSt7-10","000000-000","8/7/2024 3:37:09 PM","0000-00","0","no battery","V","215852","µV","96196","µV"
"08/11/2024","11:40:02","2","default","203499907","Sensor2","24.208","min","237.504","μmol/L","Humid","22.495","deg","93448","µV","18.607","°C","985.000","hPa","35.0","pmil","0","51.462","deg","22.621","°C","100.000","%a.s.","22.257","deg","22.682","°C","985.000","hPa","0.861","-0.02056","0.00035","-0.00011","0","14.7","Humid","28.35","0","65.20","249532.47","SABD0002000014","AAV2.0.0.13","4.0.0.2353","PSt7-10","000000-000","8/7/2024 3:37:09 PM","0000-00","0","no battery","V","215852","µV","96196","µV"
"08/11/2024","11:40:03","2","default","203499907","Sensor2","24.225","min","237.440","μmol/L","Humid","22.498","deg","93452","µV","18.607","°C","985.000","hPa","35.0","pmil","0","51.462","deg","22.621","°C","100.000","%a.s.","22.257","deg","22.682","°C","985.000","hPa","0.861","-0.02056","0.00035","-0.00011","0","14.7","Humid","28.35","0","65.20","249537.32","SABD0002000014","AAV2.0.0.13","4.0.0.2353","PSt7-10","000000-000","8/7/2024 3:37:09 PM","0000-00","0","no battery","V","215852","µV","96196","µV"
"08/11/2024","11:40:04","2","default","203499907","Sensor2","24.242","min","237.457","μmol/L","Humid","22.495","deg","93451","µV","18.613","°C","985.000","hPa","35.0","pmil","0","51.462","deg","22.621","°C","100.000","%a.s.","22.257","deg","22.682","°C","985.000","hPa","0.861","-0.02056","0.00035","-0.00011","0","14.7","Humid","28.35","0","65.20","249545.75","SABD0002000014","AAV2.0.0.13","4.0.0.2353","PSt7-10","000000-000","8/7/2024 3:37:09 PM","0000-00","0","no battery","V","215852","µV","96196","µV"
"08/11/2024","11:40:05","2","default","203499907","Sensor2","24.258","min","237.479","μmol/L","Humid","22.494","deg","93462","µV","18.613","°C","985.000","hPa","35.0","pmil","0","51.462","deg","22.621","°C","100.000","%a.s.","22.257","deg","22.682","°C","985.000","hPa","0.861","-0.02056","0.00035","-0.00011","0","14.7","Humid","28.35","0","65.20","249548.55","SABD0002000014","AAV2.0.0.13","4.0.0.2353","PSt7-10","000000-000","8/7/2024 3:37:09 PM","0000-00","0","no battery","V","215852","µV","96196","µV"
"08/11/2024","11:40:06","2","default","203499907","Sensor2","24.274","min","237.461","μmol/L","Humid","22.497","deg","93459","µV","18.607","°C","985.000","hPa","35.0","pmil","0","51.462","deg","22.621","°C","100.000","%a.s.","22.257","deg","22.682","°C","985.000","hPa","0.861","-0.02056","0.00035","-0.00011","0","14.7","Humid","28.35","0","65.20","249528.80","SABD0002000014","AAV2.0.0.13","4.0.0.2353","PSt7-10","000000-000","8/7/2024 3:37:09 PM","0000-00","0","no battery","V","215852","µV","96196","µV"
"08/11/2024","11:40:07","2","default","203499907","Sensor2","24.291","min","237.415","μmol/L","Humid","22.497","deg","93456","µV","18.613","°C","985.000","hPa","35.0","pmil","0","51.462","deg","22.621","°C","100.000","%a.s.","22.257","deg","22.682","°C","985.000","hPa","0.861","-0.02056","0.00035","-0.00011","0","14.7","Humid","28.35","0","65.20","249549.86","SABD0002000014","AAV2.0.0.13","4.0.0.2353","PSt7-10","000000-000","8/7/2024 3:37:09 PM","0000-00","0","no battery","V","215852","µV","96196","µV"
"08/11/2024","11:40:08","2","default","203499907","Sensor2","24.308","min","237.508","μmol/L","Humid","22.497","deg","93462","µV","18.601","°C","985.000","hPa","35.0","pmil","0","51.462","deg","22.621","°C","100.000","%a.s.","22.257","deg","22.682","°C","985.000","hPa","0.861","-0.02056","0.00035","-0.00011","0","14.7","Humid","28.35","0","65.20","249539.02","SABD0002000014","AAV2.0.0.13","4.0.0.2353","PSt7-10","000000-000","8/7/2024 3:37:09 PM","0000-00","0","no battery","V","215852","µV","96196","µV"
"08/11/2024","11:40:09","2","default","203499907","Sensor2","24.325","min","237.457","μmol/L","Humid","22.495","deg","93464","µV","18.613","°C","985.000","hPa","35.0","pmil","0","51.462","deg","22.621","°C","100.000","%a.s.","22.257","deg","22.682","°C","985.000","hPa","0.861","-0.02056","0.00035","-0.00011","0","14.7","Humid","28.35","0","65.20","249550.70","SABD0002000014","AAV2.0.0.13","4.0.0.2353","PSt7-10","000000-000","8/7/2024 3:37:09 PM","0000-00","0","no battery","V","215852","µV","96196","µV"
"08/11/2024","11:40:10","2","default","203499907","Sensor2","24.341","min","237.393","μmol/L","Humid","22.498","deg","93463","µV","18.613","°C","985.000","hPa","35.0","pmil","0","51.462","deg","22.621","°C","100.000","%a.s.","22.257","deg","22.682","°C","985.000","hPa","0.861","-0.02056","0.00035","-0.00011","0","14.7","Humid","28.35","0","65.20","249519.23","SABD0002000014","AAV2.0.0.13","4.0.0.2353","PSt7-10","000000-000","8/7/2024 3:37:09 PM","0000-00","0","no battery","V","215852","µV","96196","µV"
"08/11/2024","11:40:11","2","default","203499907","Sensor2","24.358","min","237.415","μmol/L","Humid","22.497","deg","93461","µV","18.613","°C","985.000","hPa","35.0","pmil","0","51.462","deg","22.621","°C","100.000","%a.s.","22.257","deg","22.682","°C","985.000","hPa","0.861","-0.02056","0.00035","-0.00011","0","14.7","Humid","28.35","0","65.20","249526.94","SABD0002000014","AAV2.0.0.13","4.0.0.2353","PSt7-10","000000-000","8/7/2024 3:37:09 PM","0000-00","0","no battery","V","215852","µV","96196","µV"
"08/11/2024","11:40:12","2","default","203499907","Sensor2","24.375","min","237.329","μmol/L","Humid","22.501","deg","93463","µV","18.613","°C","985.000","hPa","35.0","pmil","0","51.462","deg","22.621","°C","100.000","%a.s.","22.257","deg","22.682","°C","985.000","hPa","0.861","-0.02056","0.00035","-0.00011","0","14.7","Humid","28.35","0","65.20","249521.54","SABD0002000014","AAV2.0.0.13","4.0.0.2353","PSt7-10","000000-000","8/7/2024 3:37:09 PM","0000-00","0","no battery","V","215852","µV","96196","µV"
"08/11/2024","11:40:13","2","default","203499907","Sensor2","24.392","min","237.308","μmol/L","Humid","22.502","deg","93467","µV","18.613","°C","985.000","hPa","35.0","pmil","0","51.462","deg","22.621","°C","100.000","%a.s.","22.257","deg","22.682","°C","985.000","hPa","0.861","-0.02056","0.00035","-0.00011","0","14.7","Humid","28.35","0","65.20","249529.80","SABD0002000014","AAV2.0.0.13","4.0.0.2353","PSt7-10","000000-000","8/7/2024 3:37:09 PM","0000-00","0","no battery","V","215852","µV","96196","µV"
"08/11/2024","11:40:14","2","default","203499907","Sensor2","24.408","min","237.355","μmol/L","Humid","22.502","deg","93470","µV","18.607","°C","985.000","hPa","35.0","pmil","0","51.462","deg","22.621","°C","100.000","%a.s.","22.257","deg","22.682","°C","985.000","hPa","0.861","-0.02056","0.00035","-0.00011","0","14.7","Humid","28.35","0","65.20","249538.65","SABD0002000014","AAV2.0.0.13","4.0.0.2353","PSt7-10","000000-000","8/7/2024 3:37:09 PM","0000-00","0","no battery","V","215852","µV","96196","µV"
"08/11/2024","11:40:15","2","default","203499907","Sensor2","24.424","min","237.436","μmol/L","Humid","22.496","deg","93469","µV","18.613","°C","985.000","hPa","35.0","pmil","0","51.462","deg","22.621","°C","100.000","%a.s.","22.257","deg","22.682","°C","985.000","hPa","0.861","-0.02056","0.00035","-0.00011","0","14.7","Humid","28.35","0","65.20","249524.43","SABD0002000014","AAV2.0.0.13","4.0.0.2353","PSt7-10","000000-000","8/7/2024 3:37:09 PM","0000-00","0","no battery","V","215852","µV","96196","µV"
"08/11/2024","11:40:16","2","default","203499907","Sensor2","24.441","min","237.286","μmol/L","Humid","22.503","deg","93468","µV","18.613","°C","985.000","hPa","35.0","pmil","0","51.462","deg","22.621","°C","100.000","%a.s.","22.257","deg","22.682","°C","985.000","hPa","0.861","-0.02056","0.00035","-0.00011","0","14.7","Humid","28.35","0","65.20","249528.23","SABD0002000014","AAV2.0.0.13","4.0.0.2353","PSt7-10","000000-000","8/7/2024 3:37:09 PM","0000-00","0","no battery","V","215852","µV","96196","µV"
"08/11/2024","11:40:17","2","default","203499907","Sensor2","24.458","min","237.329","μmol/L","Humid","22.501","deg","93477","µV","18.613","°C","985.000","hPa","35.0","pmil","0","51.462","deg","22.621","°C","100.000","%a.s.","22.257","deg","22.682","°C","985.000","hPa","0.861","-0.02056","0.00035","-0.00011","0","14.7","Humid","28.35","0","65.20","249535.86","SABD0002000014","AAV2.0.0.13","4.0.0.2353","PSt7-10","000000-000","8/7/2024 3:37:09 PM","0000-00","0","no battery","V","215852","µV","96196","µV"
"08/11/2024","11:40:18","2","default","203499907","Sensor2","24.475","min","237.355","μmol/L","Humid","22.502","deg","93479","µV","18.607","°C","985.000","hPa","35.0","pmil","0","51.462","deg","22.621","°C","100.000","%a.s.","22.257","deg","22.682","°C","985.000","hPa","0.861","-0.02056","0.00035","-0.00011","0","14.7","Humid","28.35","0","65.20","249534.10","SABD0002000014","AAV2.0.0.13","4.0.0.2353","PSt7-10","000000-000","8/7/2024 3:37:09 PM","0000-00","0","no battery","V","215852","µV","96196","µV"
"08/11/2024","11:40:19","2","default","203499907","Sensor2","24.491","min","237.308","μmol/L","Humid","22.502","deg","93472","µV","18.613","°C","985.000","hPa","35.0","pmil","0","51.462","deg","22.621","°C","100.000","%a.s.","22.257","deg","22.682","°C","985.000","hPa","0.861","-0.02056","0.00035","-0.00011","0","14.7","Humid","28.35","0","65.20","249536.01","SABD0002000014","AAV2.0.0.13","4.0.0.2353","PSt7-10","000000-000","8/7/2024 3:37:09 PM","0000-00","0","no battery","V","215852","µV","96196","µV"
"08/11/2024","11:40:20","2","default","203499907","Sensor2","24.508","min","237.355","μmol/L","Humid","22.502","deg","93478","µV","18.607","°C","985.000","hPa","35.0","pmil","0","51.462","deg","22.621","°C","100.000","%a.s.","22.257","deg","22.682","°C","985.000","hPa","0.861","-0.02056","0.00035","-0.00011","0","14.7","Humid","28.35","0","65.20","249530.31","SABD0002000014","AAV2.0.0.13","4.0.0.2353","PSt7-10","000000-000","8/7/2024 3:37:09 PM","0000-00","0","no battery","V","215852","µV","96196","µV"
"08/11/2024","11:40:21","2","default","203499907","Sensor2","24.525","min","237.333","μmol/L","Humid","22.503","deg","93474","µV","18.607","°C","985.000","hPa","35.0","pmil","0","51.462","deg","22.621","°C","100.000","%a.s.","22.257","deg","22.682","°C","985.000","hPa","0.861","-0.02056","0.00035","-0.00011","0","14.7","Humid","28.35","0","65.20","249538.51","SABD0002000014","AAV2.0.0.13","4.0.0.2353","PSt7-10","000000-000","8/7/2024 3:37:09 PM","0000-00","0","no battery","V","215852","µV","96196","µV"
"08/11/2024","11:40:22","2","default","203499907","Sensor2","24.542","min","237.312","μmol/L","Humid","22.504","deg","93476","µV","18.607","°C","985.000","hPa","35.0","pmil","0","51.462","deg","22.621","°C","100.000","%a.s.","22.257","deg","22.682","°C","985.000","hPa","0.861","-0.02056","0.00035","-0.00011","0","14.7","Humid","28.35","0","65.20","249534.39","SABD0002000014","AAV2.0.0.13","4.0.0.2353","PSt7-10","000000-000","8/7/2024 3:37:09 PM","0000-00","0","no battery","V","215852","µV","96196","µV"
"08/11/2024","11:40:23","2","default","203499907","Sensor2","24.558","min","237.350","μmol/L","Humid","22.500","deg","93485","µV","18.613","°C","985.000","hPa","35.0","pmil","0","51.462","deg","22.621","°C","100.000","%a.s.","22.257","deg","22.682","°C","985.000","hPa","0.861","-0.02056","0.00035","-0.00011","0","14.7","Humid","28.35","0","65.20","249543.11","SABD0002000014","AAV2.0.0.13","4.0.0.2353","PSt7-10","000000-000","8/7/2024 3:37:09 PM","0000-00","0","no battery","V","215852","µV","96196","µV"
"08/11/2024","11:40:24","2","default","203499907","Sensor2","24.574","min","237.376","μmol/L","Humid","22.501","deg","93483","µV","18.607","°C","985.000","hPa","35.0","pmil","0","51.462","deg","22.621","°C","100.000","%a.s.","22.257","deg","22.682","°C","985.000","hPa","0.861","-0.02056","0.00035","-0.00011","0","14.7","Humid","28.35","0","65.20","249540.04","SABD0002000014","AAV2.0.0.13","4.0.0.2353","PSt7-10","000000-000","8/7/2024 3:37:09 PM","0000-00","0","no battery","V","215852","µV","96196","µV"
"08/11/2024","11:40:25","2","default","203499907","Sensor2","24.591","min","237.244","μmol/L","Humid","22.505","deg","93480","µV","18.613","°C","985.000","hPa","35.0","pmil","0","51.462","deg","22.621","°C","100.000","%a.s.","22.257","deg","22.682","°C","985.000","hPa","0.861","-0.02056","0.00035","-0.00011","0","14.7","Humid","28.35","0","65.20","249536.43","SABD0002000014","AAV2.0.0.13","4.0.0.2353","PSt7-10","000000-000","8/7/2024 3:37:09 PM","0000-00","0","no battery","V","215852","µV","96196","µV"
"08/11/2024","11:40:26","2","default","203499907","Sensor2","24.608","min","237.308","μmol/L","Humid","22.502","deg","93491","µV","18.613","°C","985.000","hPa","35.0","pmil","0","51.462","deg","22.621","°C","100.000","%a.s.","22.257","deg","22.682","°C","985.000","hPa","0.861","-0.02056","0.00035","-0.00011","0","14.7","Humid","28.35","0","65.20","249530.79","SABD0002000014","AAV2.0.0.13","4.0.0.2353","PSt7-10","000000-000","8/7/2024 3:37:09 PM","0000-00","0","no battery","V","215852","µV","96196","µV"
"08/11/2024","11:40:27","2","default","203499907","Sensor2","24.625","min","237.333","μmol/L","Humid","22.503","deg","93492","µV","18.607","°C","985.000","hPa","35.0","pmil","0","51.462","deg","22.621","°C","100.000","%a.s.","22.257","deg","22.682","°C","985.000","hPa","0.861","-0.02056","0.00035","-0.00011","0","14.7","Humid","28.35","0","65.20","249535.14","SABD0002000014","AAV2.0.0.13","4.0.0.2353","PSt7-10","000000-000","8/7/2024 3:37:09 PM","0000-00","0","no battery","V","215852","µV","96196","µV"
"08/11/2024","11:40:28","2","default","203499907","Sensor2","24.641","min","237.112","μmol/L","Humid","22.509","deg","93496","µV","18.620","°C","985.000","hPa","35.0","pmil","0","51.462","deg","22.621","°C","100.000","%a.s.","22.257","deg","22.682","°C","985.000","hPa","0.861","-0.02056","0.00035","-0.00011","0","14.7","Humid","28.35","0","65.20","249533.96","SABD0002000014","AAV2.0.0.13","4.0.0.2353","PSt7-10","000000-000","8/7/2024 3:37:09 PM","0000-00","0","no battery","V","215852","µV","96196","µV"
"08/11/2024","11:40:29","2","default","203499907","Sensor2","24.658","min","237.290","μmol/L","Humid","22.505","deg","93488","µV","18.607","°C","985.000","hPa","35.0","pmil","0","51.462","deg","22.621","°C","100.000","%a.s.","22.257","deg","22.682","°C","985.000","hPa","0.861","-0.02056","0.00035","-0.00011","0","14.7","Humid","28.35","0","65.20","249518.11","SABD0002000014","AAV2.0.0.13","4.0.0.2353","PSt7-10","000000-000","8/7/2024 3:37:09 PM","0000-00","0","no battery","V","215852","µV","96196","µV"
"08/11/2024","11:40:30","2","default","203499907","Sensor2","24.675","min","237.359","μmol/L","Humid","22.504","deg","93489","µV","18.601","°C","985.000","hPa","35.0","pmil","0","51.462","deg","22.621","°C","100.000","%a.s.","22.257","deg","22.682","°C","985.000","hPa","0.861","-0.02056","0.00035","-0.00011","0","14.7","Humid","28.35","0","65.20","249534.66","SABD0002000014","AAV2.0.0.13","4.0.0.2353","PSt7-10","000000-000","8/7/2024 3:37:09 PM","0000-00","0","no battery","V","215852","µV","96196","µV"
"08/11/2024","11:40:31","2","default","203499907","Sensor2","24.692","min","237.244","μmol/L","Humid","22.505","deg","93495","µV","18.613","°C","985.000","hPa","35.0","pmil","0","51.462","deg","22.621","°C","100.000","%a.s.","22.257","deg","22.682","°C","985.000","hPa","0.861","-0.02056","0.00035","-0.00011","0","14.7","Humid","28.35","0","65.20","249537.10","SABD0002000014","AAV2.0.0.13","4.0.0.2353","PSt7-10","000000-000","8/7/2024 3:37:09 PM","0000-00","0","no battery","V","215852","µV","96196","µV"
"08/11/2024","11:40:32","2","default","203499907","Sensor2","24.708","min","237.252","μmol/L","Humid","22.509","deg","93501","µV","18.601","°C","985.000","hPa","35.0","pmil","0","51.462","deg","22.621","°C","100.000","%a.s.","22.257","deg","22.682","°C","985.000","hPa","0.861","-0.02056","0.00035","-0.00011","0","14.7","Humid","28.35","0","65.20","249542.16","SABD0002000014","AAV2.0.0.13","4.0.0.2353","PSt7-10","000000-000","8/7/2024 3:37:09 PM","0000-00","0","no battery","V","215852","µV","96196","µV"
"08/11/2024","11:40:33","2","default","203499907","Sensor2","24.725","min","237.162","μmol/L","Humid","22.511","deg","93488","µV","18.607","°C","985.000","hPa","35.0","pmil","0","51.462","deg","22.621","°C","100.000","%a.s.","22.257","deg","22.682","°C","985.000","hPa","0.861","-0.02056","0.00035","-0.00011","0","14.7","Humid","28.35","0","65.20","249532.88","SABD0002000014","AAV2.0.0.13","4.0.0.2353","PSt7-10","000000-000","8/7/2024 3:37:09 PM","0000-00","0","no battery","V","215852","µV","96196","µV"
"08/11/2024","11:40:34","2","default","203499907","Sensor2","24.741","min","237.184","μmol/L","Humid","22.510","deg","93501","µV","18.607","°C","985.000","hPa","35.0","pmil","0","51.462","deg","22.621","°C","100.000","%a.s.","22.257","deg","22.682","°C","985.000","hPa","0.861","-0.02056","0.00035","-0.00011","0","14.7","Humid","28.35","0","65.20","249532.20","SABD0002000014","AAV2.0.0.13","4.0.0.2353","PSt7-10","000000-000","8/7/2024 3:37:09 PM","0000-00","0","no battery","V","215852","µV","96196","µV"
"08/11/2024","11:40:35","2","default","203499907","Sensor2","24.758","min","237.252","μmol/L","Humid","22.509","deg","93496","µV","18.601","°C","985.000","hPa","35.0","pmil","0","51.462","deg","22.621","°C","100.000","%a.s.","22.257","deg","22.682","°C","985.000","hPa","0.861","-0.02056","0.00035","-0.00011","0","14.7","Humid","28.35","0","65.20","249537.82","SABD0002000014","AAV2.0.0.13","4.0.0.2353","PSt7-10","000000-000","8/7/2024 3:37:09 PM","0000-00","0","no battery","V","215852","µV","96196","µV"
"08/11/2024","11:40:36","2","default","203499907","Sensor2","24.774","min","237.226","μmol/L","Humid","22.508","deg","93496","µV","18.607","°C","985.000","hPa","35.0","pmil","0","51.462","deg","22.621","°C","100.000","%a.s.","22.257","deg","22.682","°C","985.000","hPa","0.861","-0.02056","0.00035","-0.00011","0","14.7","Humid","28.35","0","65.20","249517.97","SABD0002000014","AAV2.0.0.13","4.0.0.2353","PSt7-10","000000-000","8/7/2024 3:37:09 PM","0000-00","0","no battery","V","215852","µV","96196","µV"
"08/11/2024","11:40:37","2","default","203499907","Sensor2","24.791","min","237.226","μmol/L","Humid","22.508","deg","93502","µV","18.607","°C","985.000","hPa","35.0","pmil","0","51.462","deg","22.621","°C","100.000","%a.s.","22.257","deg","22.682","°C","985.000","hPa","0.861","-0.02056","0.00035","-0.00011","0","14.7","Humid","28.35","0","65.20","249520.18","SABD0002000014","AAV2.0.0.13","4.0.0.2353","PSt7-10","000000-000","8/7/2024 3:37:09 PM","0000-00","0","no battery","V","215852","µV","96196","µV"
"08/11/2024","11:40:38","2","default","203499907","Sensor2","24.808","min","237.141","μmol/L","Humid","22.512","deg","93504","µV","18.607","°C","985.000","hPa","35.0","pmil","0","51.462","deg","22.621","°C","100.000","%a.s.","22.257","deg","22.682","°C","985.000","hPa","0.861","-0.02056","0.00035","-0.00011","0","14.7","Humid","28.35","0","65.20","249533.95","SABD0002000014","AAV2.0.0.13","4.0.0.2353","PSt7-10","000000-000","8/7/2024 3:37:09 PM","0000-00","0","no battery","V","215852","µV","96196","µV"
"08/11/2024","11:40:39","2","default","203499907","Sensor2","24.825","min","237.162","μmol/L","Humid","22.511","deg","93503","µV","18.607","°C","985.000","hPa","35.0","pmil","0","51.462","deg","22.621","°C","100.000","%a.s.","22.257","deg","22.682","°C","985.000","hPa","0.861","-0.02056","0.00035","-0.00011","0","14.7","Humid","28.35","0","65.20","249522.92","SABD0002000014","AAV2.0.0.13","4.0.0.2353","PSt7-10","000000-000","8/7/2024 3:37:09 PM","0000-00","0","no battery","V","215852","µV","96196","µV"
"08/11/2024","11:40:40","2","default","203499907","Sensor2","24.841","min","237.141","μmol/L","Humid","22.512","deg","93507","µV","18.607","°C","985.000","hPa","35.0","pmil","0","51.462","deg","22.621","°C","100.000","%a.s.","22.257","deg","22.682","°C","985.000","hPa","0.861","-0.02056","0.00035","-0.00011","0","14.7","Humid","28.35","0","65.20","249525.41","SABD0002000014","AAV2.0.0.13","4.0.0.2353","PSt7-10","000000-000","8/7/2024 3:37:09 PM","0000-00","0","no battery","V","215852","µV","96196","µV"
"08/11/2024","11:40:41","2","default","203499907","Sensor2","24.858","min","237.052","μmol/L","Humid","22.514","deg","93498","µV","18.613","°C","985.000","hPa","35.0","pmil","0","51.462","deg","22.621","°C","100.000","%a.s.","22.257","deg","22.682","°C","985.000","hPa","0.861","-0.02056","0.00035","-0.00011","0","14.7","Humid","28.35","0","65.20","249517.87","SABD0002000014","AAV2.0.0.13","4.0.0.2353","PSt7-10","000000-000","8/7/2024 3:37:09 PM","0000-00","0","no battery","V","215852","µV","96196","µV"
"08/11/2024","11:40:42","2","default","203499907","Sensor2","24.875","min","237.098","μmol/L","Humid","22.514","deg","93516","µV","18.607","°C","985.000","hPa","35.0","pmil","0","51.462","deg","22.621","°C","100.000","%a.s.","22.257","deg","22.682","°C","985.000","hPa","0.861","-0.02056","0.00035","-0.00011","0","14.7","Humid","28.35","0","65.20","249528.96","SABD0002000014","AAV2.0.0.13","4.0.0.2353","PSt7-10","000000-000","8/7/2024 3:37:09 PM","0000-00","0","no battery","V","215852","µV","96196","µV"
"08/11/2024","11:40:43","2","default","203499907","Sensor2","24.892","min","237.141","μmol/L","Humid","22.512","deg","93511","µV","18.607","°C","985.000","hPa","35.0","pmil","0","51.462","deg","22.621","°C","100.000","%a.s.","22.257","deg","22.682","°C","985.000","hPa","0.861","-0.02056","0.00035","-0.00011","0","14.7","Humid","28.35","0","65.20","249531.70","SABD0002000014","AAV2.0.0.13","4.0.0.2353","PSt7-10","000000-000","8/7/2024 3:37:09 PM","0000-00","0","no battery","V","215852","µV","96196","µV"
"08/11/2024","11:40:44","2","default","203499907","Sensor2","24.908","min","237.141","μmol/L","Humid","22.512","deg","93507","µV","18.607","°C","985.000","hPa","35.0","pmil","0","51.462","deg","22.621","°C","100.000","%a.s.","22.257","deg","22.682","°C","985.000","hPa","0.861","-0.02056","0.00035","-0.00011","0","14.7","Humid","28.35","0","65.20","249527.44","SABD0002000014","AAV2.0.0.13","4.0.0.2353","PSt7-10","000000-000","8/7/2024 3:37:09 PM","0000-00","0","no battery","V","215852","µV","96196","µV"
"08/11/2024","11:40:45","2","default","203499907","Sensor2","24.925","min","237.162","μmol/L","Humid","22.511","deg","93516","µV","18.607","°C","985.000","hPa","35.0","pmil","0","51.462","deg","22.621","°C","100.000","%a.s.","22.257","deg","22.682","°C","985.000","hPa","0.861","-0.02056","0.00035","-0.00011","0","14.7","Humid","28.35","0","65.20","249522.08","SABD0002000014","AAV2.0.0.13","4.0.0.2353","PSt7-10","000000-000","8/7/2024 3:37:09 PM","0000-00","0","no battery","V","215852","µV","96196","µV"
"08/11/2024","11:40:46","2","default","203499907","Sensor2","24.941","min","237.141","μmol/L","Humid","22.512","deg","93522","µV","18.607","°C","985.000","hPa","35.0","pmil","0","51.462","deg","22.621","°C","100.000","%a.s.","22.257","deg","22.682","°C","985.000","hPa","0.861","-0.02056","0.00035","-0.00011","0","14.7","Humid","28.35","0","65.20","249534.96","SABD0002000014","AAV2.0.0.13","4.0.0.2353","PSt7-10","000000-000","8/7/2024 3:37:09 PM","0000-00","0","no battery","V","215852","µV","96196","µV"
"08/11/2024","11:40:47","2","default","203499907","Sensor2","24.958","min","237.094","μmol/L","Humid","22.512","deg","93517","µV","18.613","°C","985.000","hPa","35.0","pmil","0","51.462","deg","22.621","°C","100.000","%a.s.","22.257","deg","22.682","°C","985.000","hPa","0.861","-0.02056","0.00035","-0.00011","0","14.7","Humid","28.35","0","65.20","249531.16","SABD0002000014","AAV2.0.0.13","4.0.0.2353","PSt7-10","000000-000","8/7/2024 3:37:09 PM","0000-00","0","no battery","V","215852","µV","96196","µV"
"08/11/2024","11:40:48","2","default","203499907","Sensor2","24.974","min","237.013","μmol/L","Humid","22.518","deg","93522","µV","18.607","°C","985.000","hPa","35.0","pmil","0","51.462","deg","22.621","°C","100.000","%a.s.","22.257","deg","22.682","°C","985.000","hPa","0.861","-0.02056","0.00035","-0.00011","0","14.7","Humid","28.35","0","65.20","249527.66","SABD0002000014","AAV2.0.0.13","4.0.0.2353","PSt7-10","000000-000","8/7/2024 3:37:09 PM","0000-00","0","no battery","V","215852","µV","96196","µV"
"08/11/2024","11:40:49","2","default","203499907","Sensor2","24.991","min","237.026","μmol/L","Humid","22.513","deg","93522","µV","18.620","°C","985.000","hPa","35.0","pmil","0","51.462","deg","22.621","°C","100.000","%a.s.","22.257","deg","22.682","°C","985.000","hPa","0.861","-0.02056","0.00035","-0.00011","0","14.7","Humid","28.35","0","65.20","249537.60","SABD0002000014","AAV2.0.0.13","4.0.0.2353","PSt7-10","000000-000","8/7/2024 3:37:09 PM","0000-00","0","no battery","V","215852","µV","96196","µV"
"08/11/2024","11:40:50","2","default","203499907","Sensor2","25.008","min","236.992","μmol/L","Humid","22.519","deg","93519","µV","18.607","°C","985.000","hPa","35.0","pmil","0","51.462","deg","22.621","°C","100.000","%a.s.","22.257","deg","22.682","°C","985.000","hPa","0.861","-0.02056","0.00035","-0.00011","0","14.7","Humid","28.35","0","65.20","249527.43","SABD0002000014","AAV2.0.0.13","4.0.0.2353","PSt7-10","000000-000","8/7/2024 3:37:09 PM","0000-00","0","no battery","V","215852","µV","96196","µV"
"08/11/2024","11:40:51","2","default","203499907","Sensor2","25.025","min","237.013","μmol/L","Humid","22.518","deg","93522","µV","18.607","°C","985.000","hPa","35.0","pmil","0","51.462","deg","22.621","°C","100.000","%a.s.","22.257","deg","22.682","°C","985.000","hPa","0.861","-0.02056","0.00035","-0.00011","0","14.7","Humid","28.35","0","65.20","249533.10","SABD0002000014","AAV2.0.0.13","4.0.0.2353","PSt7-10","000000-000","8/7/2024 3:37:09 PM","0000-00","0","no battery","V","215852","µV","96196","µV"
"08/11/2024","11:40:52","2","default","203499907","Sensor2","25.042","min","237.034","μmol/L","Humid","22.517","deg","93523","µV","18.607","°C","985.000","hPa","35.0","pmil","0","51.462","deg","22.621","°C","100.000","%a.s.","22.257","deg","22.682","°C","985.000","hPa","0.861","-0.02056","0.00035","-0.00011","0","14.7","Humid","28.35","0","65.20","249524.43","SABD0002000014","AAV2.0.0.13","4.0.0.2353","PSt7-10","000000-000","8/7/2024 3:37:09 PM","0000-00","0","no battery","V","215852","µV","96196","µV"
"08/11/2024","11:40:53","2","default","203499907","Sensor2","25.058","min","236.945","μmol/L","Humid","22.519","deg","93525","µV","18.613","°C","985.000","hPa","35.0","pmil","0","51.462","deg","22.621","°C","100.000","%a.s.","22.257","deg","22.682","°C","985.000","hPa","0.861","-0.02056","0.00035","-0.00011","0","14.7","Humid","28.35","0","65.20","249524.69","SABD0002000014","AAV2.0.0.13","4.0.0.2353","PSt7-10","000000-000","8/7/2024 3:37:09 PM","0000-00","0","no battery","V","215852","µV","96196","µV"
"08/11/2024","11:40:54","2","default","203499907","Sensor2","25.075","min","236.945","μmol/L","Humid","22.519","deg","93528","µV","18.613","°C","985.000","hPa","35.0","pmil","0","51.462","deg","22.621","°C","100.000","%a.s.","22.257","deg","22.682","°C","985.000","hPa","0.861","-0.02056","0.00035","-0.00011","0","14.7","Humid","28.35","0","65.20","249518.62","SABD0002000014","AAV2.0.0.13","4.0.0.2353","PSt7-10","000000-000","8/7/2024 3:37:09 PM","0000-00","0","no battery","V","215852","µV","96196","µV"
"08/11/2024","11:40:55","2","default","203499907","Sensor2","25.092","min","237.017","μmol/L","Humid","22.520","deg","93532","µV","18.601","°C","985.000","hPa","35.0","pmil","0","51.462","deg","22.621","°C","100.000","%a.s.","22.257","deg","22.682","°C","985.000","hPa","0.861","-0.02056","0.00035","-0.00011","0","14.7","Humid","28.35","0","65.20","249528.97","SABD0002000014","AAV2.0.0.13","4.0.0.2353","PSt7-10","000000-000","8/7/2024 3:37:09 PM","0000-00","0","no battery","V","215852","µV","96196","µV"
"08/11/2024","11:40:56","2","default","203499907","Sensor2","25.108","min","236.945","μmol/L","Humid","22.519","deg","93531","µV","18.613","°C","985.000","hPa","35.0","pmil","0","51.462","deg","22.621","°C","100.000","%a.s.","22.257","deg","22.682","°C","985.000","hPa","0.861","-0.02056","0.00035","-0.00011","0","14.7","Humid","28.35","0","65.20","249517.76","SABD0002000014","AAV2.0.0.13","4.0.0.2353","PSt7-10","000000-000","8/7/2024 3:37:09 PM","0000-00","0","no battery","V","215852","µV","96196","µV"
"08/11/2024","11:40:57","2","default","203499907","Sensor2","25.125","min","236.970","μmol/L","Humid","22.520","deg","93533","µV","18.607","°C","985.000","hPa","35.0","pmil","0","51.462","deg","22.621","°C","100.000","%a.s.","22.257","deg","22.682","°C","985.000","hPa","0.861","-0.02056","0.00035","-0.00011","0","14.7","Humid","28.35","0","65.20","249525.40","SABD0002000014","AAV2.0.0.13","4.0.0.2353","PSt7-10","000000-000","8/7/2024 3:37:09 PM","0000-00","0","no battery","V","215852","µV","96196","µV"
"08/11/2024","11:40:58","2","default","203499907","Sensor2","25.141","min","237.038","μmol/L","Humid","22.519","deg","93532","µV","18.601","°C","985.000","hPa","35.0","pmil","0","51.462","deg","22.621","°C","100.000","%a.s.","22.257","deg","22.682","°C","985.000","hPa","0.861","-0.02056","0.00035","-0.00011","0","14.7","Humid","28.35","0","65.20","249529.74","SABD0002000014","AAV2.0.0.13","4.0.0.2353","PSt7-10","000000-000","8/7/2024 3:37:09 PM","0000-00","0","no battery","V","215852","µV","96196","µV"
"08/11/2024","11:40:59","2","default","203499907","Sensor2","25.158","min","237.102","μmol/L","Humid","22.516","deg","93531","µV","18.601","°C","985.000","hPa","35.0","pmil","0","51.462","deg","22.621","°C","100.000","%a.s.","22.257","deg","22.682","°C","985.000","hPa","0.861","-0.02056","0.00035","-0.00011","0","14.7","Humid","28.35","0","65.20","249515.55","SABD0002000014","AAV2.0.0.13","4.0.0.2353","PSt7-10","000000-000","8/7/2024 3:37:09 PM","0000-00","0","no battery","V","215852","µV","96196","µV"
"08/11/2024","11:41:00","2","default","203499907","Sensor2","25.175","min","236.910","μmol/L","Humid","22.525","deg","93542","µV","18.601","°C","985.000","hPa","35.0","pmil","0","51.462","deg","22.621","°C","100.000","%a.s.","22.257","deg","22.682","°C","985.000","hPa","0.861","-0.02056","0.00035","-0.00011","0","14.7","Humid","28.35","0","65.20","249522.35","SABD0002000014","AAV2.0.0.13","4.0.0.2353","PSt7-10","000000-000","8/7/2024 3:37:09 PM","0000-00","0","no battery","V","215852","µV","96196","µV"
"08/11/2024","11:41:01","2","default","203499907","Sensor2","25.191","min","236.970","μmol/L","Humid","22.520","deg","93535","µV","18.607","°C","985.000","hPa","35.0","pmil","0","51.462","deg","22.621","°C","100.000","%a.s.","22.257","deg","22.682","°C","985.000","hPa","0.861","-0.02056","0.00035","-0.00011","0","14.7","Humid","28.35","0","65.20","249503.60","SABD0002000014","AAV2.0.0.13","4.0.0.2353","PSt7-10","000000-000","8/7/2024 3:37:09 PM","0000-00","0","no battery","V","215852","µV","96196","µV"
"08/11/2024","11:41:02","2","default","203499907","Sensor2","25.208","min","236.902","μmol/L","Humid","22.521","deg","93542","µV","18.613","°C","985.000","hPa","35.0","pmil","0","51.462","deg","22.621","°C","100.000","%a.s.","22.257","deg","22.682","°C","985.000","hPa","0.861","-0.02056","0.00035","-0.00011","0","14.7","Humid","28.35","0","65.20","249517.96","SABD0002000014","AAV2.0.0.13","4.0.0.2353","PSt7-10","000000-000","8/7/2024 3:37:09 PM","0000-00","0","no battery","V","215852","µV","96196","µV"
"08/11/2024","11:41:03","2","default","203499907","Sensor2","25.225","min","236.910","μmol/L","Humid","22.525","deg","93540","µV","18.601","°C","985.000","hPa","35.0","pmil","0","51.462","deg","22.621","°C","100.000","%a.s.","22.257","deg","22.682","°C","985.000","hPa","0.861","-0.02056","0.00035","-0.00011","0","14.7","Humid","28.35","0","65.20","249521.91","SABD0002000014","AAV2.0.0.13","4.0.0.2353","PSt7-10","000000-000","8/7/2024 3:37:09 PM","0000-00","0","no battery","V","215852","µV","96196","µV"
"08/11/2024","11:41:04","2","default","203499907","Sensor2","25.242","min","236.906","μmol/L","Humid","22.523","deg","93548","µV","18.607","°C","985.000","hPa","35.0","pmil","0","51.462","deg","22.621","°C","100.000","%a.s.","22.257","deg","22.682","°C","985.000","hPa","0.861","-0.02056","0.00035","-0.00011","0","14.7","Humid","28.35","0","65.20","249521.44","SABD0002000014","AAV2.0.0.13","4.0.0.2353","PSt7-10","000000-000","8/7/2024 3:37:09 PM","0000-00","0","no battery","V","215852","µV","96196","µV"
"08/11/2024","11:41:05","2","default","203499907","Sensor2","25.258","min","236.864","μmol/L","Humid","22.525","deg","93551","µV","18.607","°C","985.000","hPa","35.0","pmil","0","51.462","deg","22.621","°C","100.000","%a.s.","22.257","deg","22.682","°C","985.000","hPa","0.861","-0.02056","0.00035","-0.00011","0","14.7","Humid","28.35","0","65.20","249519.67","SABD0002000014","AAV2.0.0.13","4.0.0.2353","PSt7-10","000000-000","8/7/2024 3:37:09 PM","0000-00","0","no battery","V","215852","µV","96196","µV"
"08/11/2024","11:41:06","2","default","203499907","Sensor2","25.275","min","236.902","μmol/L","Humid","22.521","deg","93552","µV","18.613","°C","985.000","hPa","35.0","pmil","0","51.462","deg","22.621","°C","100.000","%a.s.","22.257","deg","22.682","°C","985.000","hPa","0.861","-0.02056","0.00035","-0.00011","0","14.7","Humid","28.35","0","65.20","249525.85","SABD0002000014","AAV2.0.0.13","4.0.0.2353","PSt7-10","000000-000","8/7/2024 3:37:09 PM","0000-00","0","no battery","V","215852","µV","96196","µV"
"08/11/2024","11:41:07","2","default","203499907","Sensor2","25.292","min","236.885","μmol/L","Humid","22.524","deg","93542","µV","18.607","°C","985.000","hPa","35.0","pmil","0","51.462","deg","22.621","°C","100.000","%a.s.","22.257","deg","22.682","°C","985.000","hPa","0.861","-0.02056","0.00035","-0.00011","0","14.7","Humid","28.35","0","65.20","249517.79","SABD0002000014","AAV2.0.0.13","4.0.0.2353","PSt7-10","000000-000","8/7/2024 3:37:09 PM","0000-00","0","no battery","V","215852","µV","96196","µV"
"08/11/2024","11:41:08","2","default","203499907","Sensor2","25.308","min","236.906","μmol/L","Humid","22.523","deg","93543","µV","18.607","°C","985.000","hPa","35.0","pmil","0","51.462","deg","22.621","°C","100.000","%a.s.","22.257","deg","22.682","°C","985.000","hPa","0.861","-0.02056","0.00035","-0.00011","0","14.7","Humid","28.35","0","65.20","249519.86","SABD0002000014","AAV2.0.0.13","4.0.0.2353","PSt7-10","000000-000","8/7/2024 3:37:09 PM","0000-00","0","no battery","V","215852","µV","96196","µV"
"08/11/2024","11:41:09","2","default","203499907","Sensor2","25.325","min","236.842","μmol/L","Humid","22.526","deg","93548","µV","18.607","°C","985.000","hPa","35.0","pmil","0","51.462","deg","22.621","°C","100.000","%a.s.","22.257","deg","22.682","°C","985.000","hPa","0.861","-0.02056","0.00035","-0.00011","0","14.7","Humid","28.35","0","65.20","249517.99","SABD0002000014","AAV2.0.0.13","4.0.0.2353","PSt7-10","000000-000","8/7/2024 3:37:09 PM","0000-00","0","no battery","V","215852","µV","96196","µV"
"08/11/2024","11:41:10","2","default","203499907","Sensor2","25.341","min","236.842","μmol/L","Humid","22.526","deg","93551","µV","18.607","°C","985.000","hPa","35.0","pmil","0","51.462","deg","22.621","°C","100.000","%a.s.","22.257","deg","22.682","°C","985.000","hPa","0.861","-0.02056","0.00035","-0.00011","0","14.7","Humid","28.35","0","65.20","249518.32","SABD0002000014","AAV2.0.0.13","4.0.0.2353","PSt7-10","000000-000","8/7/2024 3:37:09 PM","0000-00","0","no battery","V","215852","µV","96196","µV"
"08/11/2024","11:41:11","2","default","203499907","Sensor2","25.358","min","236.885","μmol/L","Humid","22.524","deg","93557","µV","18.607","°C","985.000","hPa","35.0","pmil","0","51.462","deg","22.621","°C","100.000","%a.s.","22.257","deg","22.682","°C","985.000","hPa","0.861","-0.02056","0.00035","-0.00011","0","14.7","Humid","28.35","0","65.20","249525.54","SABD0002000014","AAV2.0.0.13","4.0.0.2353","PSt7-10","000000-000","8/7/2024 3:37:09 PM","0000-00","0","no battery","V","215852","µV","96196","µV"
"08/11/2024","11:41:12","2","default","203499907","Sensor2","25.374","min","236.821","μmol/L","Humid","22.527","deg","93548","µV","18.607","°C","985.000","hPa","35.0","pmil","0","51.462","deg","22.621","°C","100.000","%a.s.","22.257","deg","22.682","°C","985.000","hPa","0.861","-0.02056","0.00035","-0.00011","0","14.7","Humid","28.35","0","65.20","249507.41","SABD0002000014","AAV2.0.0.13","4.0.0.2353","PSt7-10","000000-000","8/7/2024 3:37:09 PM","0000-00","0","no battery","V","215852","µV","96196","µV"
"08/11/2024","11:41:13","2","default","203499907","Sensor2","25.391","min","236.928","μmol/L","Humid","22.522","deg","93552","µV","18.607","°C","985.000","hPa","35.0","pmil","0","51.462","deg","22.621","°C","100.000","%a.s.","22.257","deg","22.682","°C","985.000","hPa","0.861","-0.02056","0.00035","-0.00011","0","14.7","Humid","28.35","0","65.20","249524.29","SABD0002000014","AAV2.0.0.13","4.0.0.2353","PSt7-10","000000-000","8/7/2024 3:37:09 PM","0000-00","0","no battery","V","215852","µV","96196","µV"
"08/11/2024","11:41:14","2","default","203499907","Sensor2","25.408","min","236.864","μmol/L","Humid","22.525","deg","93557","µV","18.607","°C","985.000","hPa","35.0","pmil","0","51.462","deg","22.621","°C","100.000","%a.s.","22.257","deg","22.682","°C","985.000","hPa","0.861","-0.02056","0.00035","-0.00011","0","14.7","Humid","28.35","0","65.20","249526.85","SABD0002000014","AAV2.0.0.13","4.0.0.2353","PSt7-10","000000-000","8/7/2024 3:37:09 PM","0000-00","0","no battery","V","215852","µV","96196","µV"
"08/11/2024","11:41:15","2","default","203499907","Sensor2","25.425","min","236.910","μmol/L","Humid","22.525","deg","93564","µV","18.601","°C","985.000","hPa","35.0","pmil","0","51.462","deg","22.621","°C","100.000","%a.s.","22.257","deg","22.682","°C","985.000","hPa","0.861","-0.02056","0.00035","-0.00011","0","14.7","Humid","28.35","0","65.20","249524.13","SABD0002000014","AAV2.0.0.13","4.0.0.2353","PSt7-10","000000-000","8/7/2024 3:37:09 PM","0000-00","0","no battery","V","215852","µV","96196","µV"
"08/11/2024","11:41:16","2","default","203499907","Sensor2","25.441","min","236.868","μmol/L","Humid","22.527","deg","93560","µV","18.601","°C","985.000","hPa","35.0","pmil","0","51.462","deg","22.621","°C","100.000","%a.s.","22.257","deg","22.682","°C","985.000","hPa","0.861","-0.02056","0.00035","-0.00011","0","14.7","Humid","28.35","0","65.20","249506.02","SABD0002000014","AAV2.0.0.13","4.0.0.2353","PSt7-10","000000-000","8/7/2024 3:37:09 PM","0000-00","0","no battery","V","215852","µV","96196","µV"
"08/11/2024","11:41:17","2","default","203499907","Sensor2","25.458","min","236.778","μmol/L","Humid","22.529","deg","93560","µV","18.607","°C","985.000","hPa","35.0","pmil","0","51.462","deg","22.621","°C","100.000","%a.s.","22.257","deg","22.682","°C","985.000","hPa","0.861","-0.02056","0.00035","-0.00011","0","14.7","Humid","28.35","0","65.20","249504.94","SABD0002000014","AAV2.0.0.13","4.0.0.2353","PSt7-10","000000-000","8/7/2024 3:37:09 PM","0000-00","0","no battery","V","215852","µV","96196","µV"
"08/11/2024","11:41:18","2","default","203499907","Sensor2","25.475","min","236.842","μmol/L","Humid","22.526","deg","93563","µV","18.607","°C","985.000","hPa","35.0","pmil","0","51.462","deg","22.621","°C","100.000","%a.s.","22.257","deg","22.682","°C","985.000","hPa","0.861","-0.02056","0.00035","-0.00011","0","14.7","Humid","28.35","0","65.20","249518.69","SABD0002000014","AAV2.0.0.13","4.0.0.2353","PSt7-10","000000-000","8/7/2024 3:37:09 PM","0000-00","0","no battery","V","215852","µV","96196","µV"
"08/11/2024","11:41:19","2","default","203499907","Sensor2","25.492","min","236.821","μmol/L","Humid","22.527","deg","93567","µV","18.607","°C","985.000","hPa","35.0","pmil","0","51.462","deg","22.621","°C","100.000","%a.s.","22.257","deg","22.682","°C","985.000","hPa","0.861","-0.02056","0.00035","-0.00011","0","14.7","Humid","28.35","0","65.20","249522.61","SABD0002000014","AAV2.0.0.13","4.0.0.2353","PSt7-10","000000-000","8/7/2024 3:37:09 PM","0000-00","0","no battery","V","215852","µV","96196","µV"
"08/11/2024","11:41:20","2","default","203499907","Sensor2","25.508","min","236.732","μmol/L","Humid","22.529","deg","93568","µV","18.613","°C","985.000","hPa","35.0","pmil","0","51.462","deg","22.621","°C","100.000","%a.s.","22.257","deg","22.682","°C","985.000","hPa","0.861","-0.02056","0.00035","-0.00011","0","14.7","Humid","28.35","0","65.20","249518.29","SABD0002000014","AAV2.0.0.13","4.0.0.2353","PSt7-10","000000-000","8/7/2024 3:37:09 PM","0000-00","0","no battery","V","215852","µV","96196","µV"
"08/11/2024","11:41:21","2","default","203499907","Sensor2","25.525","min","236.761","μmol/L","Humid","22.532","deg","93571","µV","18.601","°C","985.000","hPa","35.0","pmil","0","51.462","deg","22.621","°C","100.000","%a.s.","22.257","deg","22.682","°C","985.000","hPa","0.861","-0.02056","0.00035","-0.00011","0","14.7","Humid","28.35","0","65.20","249509.51","SABD0002000014","AAV2.0.0.13","4.0.0.2353","PSt7-10","000000-000","8/7/2024 3:37:09 PM","0000-00","0","no battery","V","215852","µV","96196","µV"
"08/11/2024","11:41:22","2","default","203499907","Sensor2","25.541","min","236.804","μmol/L","Humid","22.530","deg","93570","µV","18.601","°C","985.000","hPa","35.0","pmil","0","51.462","deg","22.621","°C","100.000","%a.s.","22.257","deg","22.682","°C","985.000","hPa","0.861","-0.02056","0.00035","-0.00011","0","14.7","Humid","28.35","0","65.20","249515.62","SABD0002000014","AAV2.0.0.13","4.0.0.2353","PSt7-10","000000-000","8/7/2024 3:37:09 PM","0000-00","0","no battery","V","215852","µV","96196","µV"
"08/11/2024","11:41:23","2","default","203499907","Sensor2","25.558","min","236.736","μmol/L","Humid","22.531","deg","93577","µV","18.607","°C","985.000","hPa","35.0","pmil","0","51.462","deg","22.621","°C","100.000","%a.s.","22.257","deg","22.682","°C","985.000","hPa","0.861","-0.02056","0.00035","-0.00011","0","14.7","Humid","28.35","0","65.20","249515.70","SABD0002000014","AAV2.0.0.13","4.0.0.2353","PSt7-10","000000-000","8/7/2024 3:37:09 PM","0000-00","0","no battery","V","215852","µV","96196","µV"
"08/11/2024","11:41:24","2","default","203499907","Sensor2","25.574","min","236.804","μmol/L","Humid","22.530","deg","93578","µV","18.601","°C","985.000","hPa","35.0","pmil","0","51.462","deg","22.621","°C","100.000","%a.s.","22.257","deg","22.682","°C","985.000","hPa","0.861","-0.02056","0.00035","-0.00011","0","14.7","Humid","28.35","0","65.20","249510.42","SABD0002000014","AAV2.0.0.13","4.0.0.2353","PSt7-10","000000-000","8/7/2024 3:37:09 PM","0000-00","0","no battery","V","215852","µV","96196","µV"
"08/11/2024","11:41:25","2","default","203499907","Sensor2","25.591","min","236.736","μmol/L","Humid","22.531","deg","93575","µV","18.607","°C","985.000","hPa","35.0","pmil","0","51.462","deg","22.621","°C","100.000","%a.s.","22.257","deg","22.682","°C","985.000","hPa","0.861","-0.02056","0.00035","-0.00011","0","14.7","Humid","28.35","0","65.20","249510.75","SABD0002000014","AAV2.0.0.13","4.0.0.2353","PSt7-10","000000-000","8/7/2024 3:37:09 PM","0000-00","0","no battery","V","215852","µV","96196","µV"
"08/11/2024","11:41:26","2","default","203499907","Sensor2","25.608","min","236.736","μmol/L","Humid","22.531","deg","93582","µV","18.607","°C","985.000","hPa","35.0","pmil","0","51.462","deg","22.621","°C","100.000","%a.s.","22.257","deg","22.682","°C","985.000","hPa","0.861","-0.02056","0.00035","-0.00011","0","14.7","Humid","28.35","0","65.20","249522.16","SABD0002000014","AAV2.0.0.13","4.0.0.2353","PSt7-10","000000-000","8/7/2024 3:37:09 PM","0000-00","0","no battery","V","215852","µV","96196","µV"
"08/11/2024","11:41:27","2","default","203499907","Sensor2","25.625","min","236.783","μmol/L","Humid","22.531","deg","93583","µV","18.601","°C","985.000","hPa","35.0","pmil","0","51.462","deg","22.621","°C","100.000","%a.s.","22.257","deg","22.682","°C","985.000","hPa","0.861","-0.02056","0.00035","-0.00011","0","14.7","Humid","28.35","0","65.20","249523.10","SABD0002000014","AAV2.0.0.13","4.0.0.2353","PSt7-10","000000-000","8/7/2024 3:37:09 PM","0000-00","0","no battery","V","215852","µV","96196","µV"
"08/11/2024","11:41:28","2","default","203499907","Sensor2","25.641","min","236.612","μmol/L","Humid","22.539","deg","93577","µV","18.601","°C","985.000","hPa","35.0","pmil","0","51.462","deg","22.621","°C","100.000","%a.s.","22.257","deg","22.682","°C","985.000","hPa","0.861","-0.02056","0.00035","-0.00011","0","14.7","Humid","28.35","0","65.20","249517.71","SABD0002000014","AAV2.0.0.13","4.0.0.2353","PSt7-10","000000-000","8/7/2024 3:37:09 PM","0000-00","0","no battery","V","215852","µV","96196","µV"
"08/11/2024","11:41:29","2","default","203499907","Sensor2","25.658","min","236.740","μmol/L","Humid","22.533","deg","93577","µV","18.601","°C","985.000","hPa","35.0","pmil","0","51.462","deg","22.621","°C","100.000","%a.s.","22.257","deg","22.682","°C","985.000","hPa","0.861","-0.02056","0.00035","-0.00011","0","14.7","Humid","28.35","0","65.20","249516.44","SABD0002000014","AAV2.0.0.13","4.0.0.2353","PSt7-10","000000-000","8/7/2024 3:37:09 PM","0000-00","0","no battery","V","215852","µV","96196","µV"
"08/11/2024","11:41:30","2","default","203499907","Sensor2","25.675","min","236.804","μmol/L","Humid","22.530","deg","93585","µV","18.601","°C","985.000","hPa","35.0","pmil","0","51.462","deg","22.621","°C","100.000","%a.s.","22.257","deg","22.682","°C","985.000","hPa","0.861","-0.02056","0.00035","-0.00011","0","14.7","Humid","28.35","0","65.20","249516.70","SABD0002000014","AAV2.0.0.13","4.0.0.2353","PSt7-10","000000-000","8/7/2024 3:37:09 PM","0000-00","0","no battery","V","215852","µV","96196","µV"
"08/11/2024","11:41:31","2","default","203499907","Sensor2","25.692","min","236.740","μmol/L","Humid","22.533","deg","93586","µV","18.601","°C","985.000","hPa","35.0","pmil","0","51.462","deg","22.621","°C","100.000","%a.s.","22.257","deg","22.682","°C","985.000","hPa","0.861","-0.02056","0.00035","-0.00011","0","14.7","Humid","28.35","0","65.20","249515.13","SABD0002000014","AAV2.0.0.13","4.0.0.2353","PSt7-10","000000-000","8/7/2024 3:37:09 PM","0000-00","0","no battery","V","215852","µV","96196","µV"
"08/11/2024","11:41:32","2","default","203499907","Sensor2","25.708","min","236.719","μmol/L","Humid","22.534","deg","93579","µV","18.601","°C","985.000","hPa","35.0","pmil","0","51.462","deg","22.621","°C","100.000","%a.s.","22.257","deg","22.682","°C","985.000","hPa","0.861","-0.02056","0.00035","-0.00011","0","14.7","Humid","28.35","0","65.20","249493.73","SABD0002000014","AAV2.0.0.13","4.0.0.2353","PSt7-10","000000-000","8/7/2024 3:37:09 PM","0000-00","0","no battery","V","215852","µV","96196","µV"
"08/11/2024","11:41:33","2","default","203499907","Sensor2","25.725","min","236.633","μmol/L","Humid","22.538","deg","93595","µV","18.601","°C","985.000","hPa","35.0","pmil","0","51.462","deg","22.621","°C","100.000","%a.s.","22.257","deg","22.682","°C","985.000","hPa","0.861","-0.02056","0.00035","-0.00011","0","14.7","Humid","28.35","0","65.20","249520.72","SABD0002000014","AAV2.0.0.13","4.0.0.2353","PSt7-10","000000-000","8/7/2024 3:37:09 PM","0000-00","0","no battery","V","215852","µV","96196","µV"
"08/11/2024","11:41:34","2","default","203499907","Sensor2","25.741","min","236.765","μmol/L","Humid","22.534","deg","93586","µV","18.595","°C","985.000","hPa","35.0","pmil","0","51.462","deg","22.621","°C","100.000","%a.s.","22.257","deg","22.682","°C","985.000","hPa","0.861","-0.02056","0.00035","-0.00011","0","14.7","Humid","28.35","0","65.20","249510.25","SABD0002000014","AAV2.0.0.13","4.0.0.2353","PSt7-10","000000-000","8/7/2024 3:37:09 PM","0000-00","0","no battery","V","215852","µV","96196","µV"
"08/11/2024","11:41:35","2","default","203499907","Sensor2","25.758","min","236.693","μmol/L","Humid","22.533","deg","93592","µV","18.607","°C","985.000","hPa","35.0","pmil","0","51.462","deg","22.621","°C","100.000","%a.s.","22.257","deg","22.682","°C","985.000","hPa","0.861","-0.02056","0.00035","-0.00011","0","14.7","Humid","28.35","0","65.20","249512.16","SABD0002000014","AAV2.0.0.13","4.0.0.2353","PSt7-10","000000-000","8/7/2024 3:37:09 PM","0000-00","0","no battery","V","215852","µV","96196","µV"
"08/11/2024","11:41:36","2","default","203499907","Sensor2","25.775","min","236.697","μmol/L","Humid","22.535","deg","93591","µV","18.601","°C","985.000","hPa","35.0","pmil","0","51.462","deg","22.621","°C","100.000","%a.s.","22.257","deg","22.682","°C","985.000","hPa","0.861","-0.02056","0.00035","-0.00011","0","14.7","Humid","28.35","0","65.20","249503.86","SABD0002000014","AAV2.0.0.13","4.0.0.2353","PSt7-10","000000-000","8/7/2024 3:37:09 PM","0000-00","0","no battery","V","215852","µV","96196","µV"
"08/11/2024","11:41:37","2","default","203499907","Sensor2","25.791","min","236.833","μmol/L","Humid","22.533","deg","93591","µV","18.589","°C","985.000","hPa","35.0","pmil","0","51.462","deg","22.621","°C","100.000","%a.s.","22.257","deg","22.682","°C","985.000","hPa","0.861","-0.02056","0.00035","-0.00011","0","14.7","Humid","28.35","0","65.20","249496.76","SABD0002000014","AAV2.0.0.13","4.0.0.2353","PSt7-10","000000-000","8/7/2024 3:37:09 PM","0000-00","0","no battery","V","215852","µV","96196","µV"
"08/11/2024","11:41:38","2","default","203499907","Sensor2","25.808","min","236.744","μmol/L","Humid","22.535","deg","93596","µV","18.595","°C","985.000","hPa","35.0","pmil","0","51.462","deg","22.621","°C","100.000","%a.s.","22.257","deg","22.682","°C","985.000","hPa","0.861","-0.02056","0.00035","-0.00011","0","14.7","Humid","28.35","0","65.20","249503.48","SABD0002000014","AAV2.0.0.13","4.0.0.2353","PSt7-10","000000-000","8/7/2024 3:37:09 PM","0000-00","0","no battery","V","215852","µV","96196","µV"
"08/11/2024","11:41:39","2","default","203499907","Sensor2","25.825","min","236.629","μmol/L","Humid","22.536","deg","93596","µV","18.607","°C","985.000","hPa","35.0","pmil","0","51.462","deg","22.621","°C","100.000","%a.s.","22.257","deg","22.682","°C","985.000","hPa","0.861","-0.02056","0.00035","-0.00011","0","14.7","Humid","28.35","0","65.20","249504.67","SABD0002000014","AAV2.0.0.13","4.0.0.2353","PSt7-10","000000-000","8/7/2024 3:37:09 PM","0000-00","0","no battery","V","215852","µV","96196","µV"
"08/11/2024","11:41:40","2","default","203499907","Sensor2","25.842","min","236.719","μmol/L","Humid","22.534","deg","93600","µV","18.601","°C","985.000","hPa","35.0","pmil","0","51.462","deg","22.621","°C","100.000","%a.s.","22.257","deg","22.682","°C","985.000","hPa","0.861","-0.02056","0.00035","-0.00011","0","14.7","Humid","28.35","0","65.20","249503.33","SABD0002000014","AAV2.0.0.13","4.0.0.2353","PSt7-10","000000-000","8/7/2024 3:37:09 PM","0000-00","0","no battery","V","215852","µV","96196","µV"
"08/11/2024","11:41:41","2","default","203499907","Sensor2","25.858","min","236.701","μmol/L","Humid","22.537","deg","93596","µV","18.595","°C","985.000","hPa","35.0","pmil","0","51.462","deg","22.621","°C","100.000","%a.s.","22.257","deg","22.682","°C","985.000","hPa","0.861","-0.02056","0.00035","-0.00011","0","14.7","Humid","28.35","0","65.20","249502.20","SABD0002000014","AAV2.0.0.13","4.0.0.2353","PSt7-10","000000-000","8/7/2024 3:37:09 PM","0000-00","0","no battery","V","215852","µV","96196","µV"
"08/11/2024","11:41:42","2","default","203499907","Sensor2","25.875","min","236.591","μmol/L","Humid","22.540","deg","93599","µV","18.601","°C","985.000","hPa","35.0","pmil","0","51.462","deg","22.621","°C","100.000","%a.s.","22.257","deg","22.682","°C","985.000","hPa","0.861","-0.02056","0.00035","-0.00011","0","14.7","Humid","28.35","0","65.20","249497.19","SABD0002000014","AAV2.0.0.13","4.0.0.2353","PSt7-10","000000-000","8/7/2024 3:37:09 PM","0000-00","0","no battery","V","215852","µV","96196","µV"
"08/11/2024","11:41:43","2","default","203499907","Sensor2","25.892","min","236.612","μmol/L","Humid","22.539","deg","93604","µV","18.601","°C","985.000","hPa","35.0","pmil","0","51.462","deg","22.621","°C","100.000","%a.s.","22.257","deg","22.682","°C","985.000","hPa","0.861","-0.02056","0.00035","-0.00011","0","14.7","Humid","28.35","0","65.20","249491.27","SABD0002000014","AAV2.0.0.13","4.0.0.2353","PSt7-10","000000-000","8/7/2024 3:37:09 PM","0000-00","0","no battery","V","215852","µV","96196","µV"
"08/11/2024","11:41:44","2","default","203499907","Sensor2","25.908","min","236.591","μmol/L","Humid","22.540","deg","93606","µV","18.601","°C","985.000","hPa","35.0","pmil","0","51.462","deg","22.621","°C","100.000","%a.s.","22.257","deg","22.682","°C","985.000","hPa","0.861","-0.02056","0.00035","-0.00011","0","14.7","Humid","28.35","0","65.20","249503.31","SABD0002000014","AAV2.0.0.13","4.0.0.2353","PSt7-10","000000-000","8/7/2024 3:37:09 PM","0000-00","0","no battery","V","215852","µV","96196","µV"
"08/11/2024","11:41:45","2","default","203499907","Sensor2","25.924","min","236.701","μmol/L","Humid","22.537","deg","93605","µV","18.595","°C","985.000","hPa","35.0","pmil","0","51.462","deg","22.621","°C","100.000","%a.s.","22.257","deg","22.682","°C","985.000","hPa","0.861","-0.02056","0.00035","-0.00011","0","14.7","Humid","28.35","0","65.20","249514.02","SABD0002000014","AAV2.0.0.13","4.0.0.2353","PSt7-10","000000-000","8/7/2024 3:37:09 PM","0000-00","0","no battery","V","215852","µV","96196","µV"
"08/11/2024","11:41:46","2","default","203499907","Sensor2","25.941","min","236.633","μmol/L","Humid","22.538","deg","93612","µV","18.601","°C","985.000","hPa","35.0","pmil","0","51.462","deg","22.621","°C","100.000","%a.s.","22.257","deg","22.682","°C","985.000","hPa","0.861","-0.02056","0.00035","-0.00011","0","14.7","Humid","28.35","0","65.20","249500.32","SABD0002000014","AAV2.0.0.13","4.0.0.2353","PSt7-10","000000-000","8/7/2024 3:37:09 PM","0000-00","0","no battery","V","215852","µV","96196","µV"
"08/11/2024","11:41:47","2","default","203499907","Sensor2","25.958","min","236.570","μmol/L","Humid","22.541","deg","93610","µV","18.601","°C","985.000","hPa","35.0","pmil","0","51.462","deg","22.621","°C","100.000","%a.s.","22.257","deg","22.682","°C","985.000","hPa","0.861","-0.02056","0.00035","-0.00011","0","14.7","Humid","28.35","0","65.20","249493.77","SABD0002000014","AAV2.0.0.13","4.0.0.2353","PSt7-10","000000-000","8/7/2024 3:37:09 PM","0000-00","0","no battery","V","215852","µV","96196","µV"
"08/11/2024","11:41:48","2","default","203499907","Sensor2","25.975","min","236.552","μmol/L","Humid","22.544","deg","93610","µV","18.595","°C","985.000","hPa","35.0","pmil","0","51.462","deg","22.621","°C","100.000","%a.s.","22.257","deg","22.682","°C","985.000","hPa","0.861","-0.02056","0.00035","-0.00011","0","14.7","Humid","28.35","0","65.20","249503.43","SABD0002000014","AAV2.0.0.13","4.0.0.2353","PSt7-10","000000-000","8/7/2024 3:37:09 PM","0000-00","0","no battery","V","215852","µV","96196","µV"
"08/11/2024","11:41:49","2","default","203499907","Sensor2","25.991","min","236.574","μmol/L","Humid","22.543","deg","93607","µV","18.595","°C","985.000","hPa","35.0","pmil","0","51.462","deg","22.621","°C","100.000","%a.s.","22.257","deg","22.682","°C","985.000","hPa","0.861","-0.02056","0.00035","-0.00011","0","14.7","Humid","28.35","0","65.20","249491.67","SABD0002000014","AAV2.0.0.13","4.0.0.2353","PSt7-10","000000-000","8/7/2024 3:37:09 PM","0000-00","0","no battery","V","215852","µV","96196","µV"
"08/11/2024","11:41:50","2","default","203499907","Sensor2","26.008","min","236.506","μmol/L","Humid","22.544","deg","93607","µV","18.601","°C","985.000","hPa","35.0","pmil","0","51.462","deg","22.621","°C","100.000","%a.s.","22.257","deg","22.682","°C","985.000","hPa","0.861","-0.02056","0.00035","-0.00011","0","14.7","Humid","28.35","0","65.20","249500.01","SABD0002000014","AAV2.0.0.13","4.0.0.2353","PSt7-10","000000-000","8/7/2024 3:37:09 PM","0000-00","0","no battery","V","215852","µV","96196","µV"
"08/11/2024","11:41:51","2","default","203499907","Sensor2","26.025","min","236.620","μmol/L","Humid","22.543","deg","93620","µV","18.589","°C","985.000","hPa","35.0","pmil","0","51.462","deg","22.621","°C","100.000","%a.s.","22.257","deg","22.682","°C","985.000","hPa","0.861","-0.02056","0.00035","-0.00011","0","14.7","Humid","28.35","0","65.20","249501.28","SABD0002000014","AAV2.0.0.13","4.0.0.2353","PSt7-10","000000-000","8/7/2024 3:37:09 PM","0000-00","0","no battery","V","215852","µV","96196","µV"
"08/11/2024","11:41:52","2","default","203499907","Sensor2","26.042","min","236.701","μmol/L","Humid","22.537","deg","93620","µV","18.595","°C","985.000","hPa","35.0","pmil","0","51.462","deg","22.621","°C","100.000","%a.s.","22.257","deg","22.682","°C","985.000","hPa","0.861","-0.02056","0.00035","-0.00011","0","14.7","Humid","28.35","0","65.20","249509.18","SABD0002000014","AAV2.0.0.13","4.0.0.2353","PSt7-10","000000-000","8/7/2024 3:37:09 PM","0000-00","0","no battery","V","215852","µV","96196","µV"
"08/11/2024","11:41:53","2","default","203499907","Sensor2","26.058","min","236.680","μmol/L","Humid","22.538","deg","93609","µV","18.595","°C","985.000","hPa","35.0","pmil","0","51.462","deg","22.621","°C","100.000","%a.s.","22.257","deg","22.682","°C","985.000","hPa","0.861","-0.02056","0.00035","-0.00011","0","14.7","Humid","28.35","0","65.20","249487.60","SABD0002000014","AAV2.0.0.13","4.0.0.2353","PSt7-10","000000-000","8/7/2024 3:37:09 PM","0000-00","0","no battery","V","215852","µV","96196","µV"
"08/11/2024","11:41:54","2","default","203499907","Sensor2","26.075","min","236.523","μmol/L","Humid","22.541","deg","93617","µV","18.607","°C","985.000","hPa","35.0","pmil","0","51.462","deg","22.621","°C","100.000","%a.s.","22.257","deg","22.682","°C","985.000","hPa","0.861","-0.02056","0.00035","-0.00011","0","14.7","Humid","28.35","0","65.20","249486.09","SABD0002000014","AAV2.0.0.13","4.0.0.2353","PSt7-10","000000-000","8/7/2024 3:37:09 PM","0000-00","0","no battery","V","215852","µV","96196","µV"
"08/11/2024","11:41:55","2","default","203499907","Sensor2","26.091","min","236.527","μmol/L","Humid","22.543","deg","93628","µV","18.601","°C","985.000","hPa","35.0","pmil","0","51.462","deg","22.621","°C","100.000","%a.s.","22.257","deg","22.682","°C","985.000","hPa","0.861","-0.02056","0.00035","-0.00011","0","14.7","Humid","28.35","0","65.20","249498.85","SABD0002000014","AAV2.0.0.13","4.0.0.2353","PSt7-10","000000-000","8/7/2024 3:37:09 PM","0000-00","0","no battery","V","215852","µV","96196","µV"
"08/11/2024","11:41:56","2","default","203499907","Sensor2","26.108","min","236.506","μmol/L","Humid","22.544","deg","93621","µV","18.601","°C","985.000","hPa","35.0","pmil","0","51.462","deg","22.621","°C","100.000","%a.s.","22.257","deg","22.682","°C","985.000","hPa","0.861","-0.02056","0.00035","-0.00011","0","14.7","Humid","28.35","0","65.20","249495.32","SABD0002000014","AAV2.0.0.13","4.0.0.2353","PSt7-10","000000-000","8/7/2024 3:37:09 PM","0000-00","0","no battery","V","215852","µV","96196","µV"
"08/11/2024","11:41:57","2","default","203499907","Sensor2","26.124","min","236.421","μmol/L","Humid","22.548","deg","93615","µV","18.601","°C","985.000","hPa","35.0","pmil","0","51.462","deg","22.621","°C","100.000","%a.s.","22.257","deg","22.682","°C","985.000","hPa","0.861","-0.02056","0.00035","-0.00011","0","14.7","Humid","28.35","0","65.20","249482.25","SABD0002000014","AAV2.0.0.13","4.0.0.2353","PSt7-10","000000-000","8/7/2024 3:37:09 PM","0000-00","0","no battery","V","215852","µV","96196","µV"
"08/11/2024","11:41:58","2","default","203499907","Sensor2","26.141","min","236.506","μmol/L","Humid","22.544","deg","93625","µV","18.601","°C","985.000","hPa","35.0","pmil","0","51.462","deg","22.621","°C","100.000","%a.s.","22.257","deg","22.682","°C","985.000","hPa","0.861","-0.02056","0.00035","-0.00011","0","14.7","Humid","28.35","0","65.20","249485.65","SABD0002000014","AAV2.0.0.13","4.0.0.2353","PSt7-10","000000-000","8/7/2024 3:37:09 PM","0000-00","0","no battery","V","215852","µV","96196","µV"
"08/11/2024","11:41:59","2","default","203499907","Sensor2","26.158","min","236.484","μmol/L","Humid","22.545","deg","93629","µV","18.601","°C","985.000","hPa","35.0","pmil","0","51.462","deg","22.621","°C","100.000","%a.s.","22.257","deg","22.682","°C","985.000","hPa","0.861","-0.02056","0.00035","-0.00011","0","14.7","Humid","28.35","0","65.20","249498.84","SABD0002000014","AAV2.0.0.13","4.0.0.2353","PSt7-10","000000-000","8/7/2024 3:37:09 PM","0000-00","0","no battery","V","215852","µV","96196","µV"
"08/11/2024","11:42:00","2","default","203499907","Sensor2","26.175","min","236.527","μmol/L","Humid","22.543","deg","93628","µV","18.601","°C","985.000","hPa","35.0","pmil","0","51.462","deg","22.621","°C","100.000","%a.s.","22.257","deg","22.682","°C","985.000","hPa","0.861","-0.02056","0.00035","-0.00011","0","14.7","Humid","28.35","0","65.20","249491.96","SABD0002000014","AAV2.0.0.13","4.0.0.2353","PSt7-10","000000-000","8/7/2024 3:37:09 PM","0000-00","0","no battery","V","215852","µV","96196","µV"
"08/11/2024","11:42:01","2","default","203499907","Sensor2","26.191","min","236.463","μmol/L","Humid","22.546","deg","93623","µV","18.601","°C","985.000","hPa","35.0","pmil","0","51.462","deg","22.621","°C","100.000","%a.s.","22.257","deg","22.682","°C","985.000","hPa","0.861","-0.02056","0.00035","-0.00011","0","14.7","Humid","28.35","0","65.20","249480.83","SABD0002000014","AAV2.0.0.13","4.0.0.2353","PSt7-10","000000-000","8/7/2024 3:37:09 PM","0000-00","0","no battery","V","215852","µV","96196","µV"
"08/11/2024","11:42:02","2","default","203499907","Sensor2","26.208","min","236.361","μmol/L","Humid","22.553","deg","93628","µV","18.595","°C","985.000","hPa","35.0","pmil","0","51.462","deg","22.621","°C","100.000","%a.s.","22.257","deg","22.682","°C","985.000","hPa","0.861","-0.02056","0.00035","-0.00011","0","14.7","Humid","28.35","0","65.20","249495.68","SABD0002000014","AAV2.0.0.13","4.0.0.2353","PSt7-10","000000-000","8/7/2024 3:37:09 PM","0000-00","0","no battery","V","215852","µV","96196","µV"
"08/11/2024","11:42:03","2","default","203499907","Sensor2","26.225","min","236.399","μmol/L","Humid","22.549","deg","93634","µV","18.601","°C","985.000","hPa","35.0","pmil","0","51.462","deg","22.621","°C","100.000","%a.s.","22.257","deg","22.682","°C","985.000","hPa","0.861","-0.02056","0.00035","-0.00011","0","14.7","Humid","28.35","0","65.20","249490.88","SABD0002000014","AAV2.0.0.13","4.0.0.2353","PSt7-10","000000-000","8/7/2024 3:37:09 PM","0000-00","0","no battery","V","215852","µV","96196","µV"
"08/11/2024","11:42:04","2","default","203499907","Sensor2","26.242","min","236.552","μmol/L","Humid","22.544","deg","93636","µV","18.595","°C","985.000","hPa","35.0","pmil","0","51.462","deg","22.621","°C","100.000","%a.s.","22.257","deg","22.682","°C","985.000","hPa","0.861","-0.02056","0.00035","-0.00011","0","14.7","Humid","28.35","0","65.20","249490.98","SABD0002000014","AAV2.0.0.13","4.0.0.2353","PSt7-10","000000-000","8/7/2024 3:37:09 PM","0000-00","0","no battery","V","215852","µV","96196","µV"
"08/11/2024","11:42:05","2","default","203499907","Sensor2","26.258","min","236.467","μmol/L","Humid","22.548","deg","93634","µV","18.595","°C","985.000","hPa","35.0","pmil","0","51.462","deg","22.621","°C","100.000","%a.s.","22.257","deg","22.682","°C","985.000","hPa","0.861","-0.02056","0.00035","-0.00011","0","14.7","Humid","28.35","0","65.20","249480.15","SABD0002000014","AAV2.0.0.13","4.0.0.2353","PSt7-10","000000-000","8/7/2024 3:37:09 PM","0000-00","0","no battery","V","215852","µV","96196","µV"
"08/11/2024","11:42:06","2","default","203499907","Sensor2","26.275","min","236.442","μmol/L","Humid","22.547","deg","93643","µV","18.601","°C","985.000","hPa","35.0","pmil","0","51.462","deg","22.621","°C","100.000","%a.s.","22.257","deg","22.682","°C","985.000","hPa","0.861","-0.02056","0.00035","-0.00011","0","14.7","Humid","28.35","0","65.20","249493.05","SABD0002000014","AAV2.0.0.13","4.0.0.2353","PSt7-10","000000-000","8/7/2024 3:37:09 PM","0000-00","0","no battery","V","215852","µV","96196","µV"
"08/11/2024","11:42:07","2","default","203499907","Sensor2","26.291","min","236.357","μmol/L","Humid","22.551","deg","93641","µV","18.601","°C","985.000","hPa","35.0","pmil","0","51.462","deg","22.621","°C","100.000","%a.s.","22.257","deg","22.682","°C","985.000","hPa","0.861","-0.02056","0.00035","-0.00011","0","14.7","Humid","28.35","0","65.20","249490.58","SABD0002000014","AAV2.0.0.13","4.0.0.2353","PSt7-10","000000-000","8/7/2024 3:37:09 PM","0000-00","0","no battery","V","215852","µV","96196","µV"
"08/11/2024","11:42:08","2","default","203499907","Sensor2","26.308","min","236.361","μmol/L","Humid","22.553","deg","93645","µV","18.595","°C","985.000","hPa","35.0","pmil","0","51.462","deg","22.621","°C","100.000","%a.s.","22.257","deg","22.682","°C","985.000","hPa","0.861","-0.02056","0.00035","-0.00011","0","14.7","Humid","28.35","0","65.20","249486.21","SABD0002000014","AAV2.0.0.13","4.0.0.2353","PSt7-10","000000-000","8/7/2024 3:37:09 PM","0000-00","0","no battery","V","215852","µV","96196","µV"
"08/11/2024","11:42:09","2","default","203499907","Sensor2","26.324","min","236.361","μmol/L","Humid","22.553","deg","93647","µV","18.595","°C","985.000","hPa","35.0","pmil","0","51.462","deg","22.621","°C","100.000","%a.s.","22.257","deg","22.682","°C","985.000","hPa","0.861","-0.02056","0.00035","-0.00011","0","14.7","Humid","28.35","0","65.20","249491.36","SABD0002000014","AAV2.0.0.13","4.0.0.2353","PSt7-10","000000-000","8/7/2024 3:37:09 PM","0000-00","0","no battery","V","215852","µV","96196","µV"
"08/11/2024","11:42:10","2","default","203499907","Sensor2","26.341","min","236.425","μmol/L","Humid","22.550","deg","93643","µV","18.595","°C","985.000","hPa","35.0","pmil","0","51.462","deg","22.621","°C","100.000","%a.s.","22.257","deg","22.682","°C","985.000","hPa","0.861","-0.02056","0.00035","-0.00011","0","14.7","Humid","28.35","0","65.20","249493.06","SABD0002000014","AAV2.0.0.13","4.0.0.2353","PSt7-10","000000-000","8/7/2024 3:37:09 PM","0000-00","0","no battery","V","215852","µV","96196","µV"
"08/11/2024","11:42:11","2","default","203499907","Sensor2","26.358","min","236.403","μmol/L","Humid","22.551","deg","93648","µV","18.595","°C","985.000","hPa","35.0","pmil","0","51.462","deg","22.621","°C","100.000","%a.s.","22.257","deg","22.682","°C","985.000","hPa","0.861","-0.02056","0.00035","-0.00011","0","14.7","Humid","28.35","0","65.20","249498.38","SABD0002000014","AAV2.0.0.13","4.0.0.2353","PSt7-10","000000-000","8/7/2024 3:37:09 PM","0000-00","0","no battery","V","215852","µV","96196","µV"
"08/11/2024","11:42:12","2","default","203499907","Sensor2","26.375","min","236.378","μmol/L","Humid","22.550","deg","93647","µV","18.601","°C","985.000","hPa","35.0","pmil","0","51.462","deg","22.621","°C","100.000","%a.s.","22.257","deg","22.682","°C","985.000","hPa","0.861","-0.02056","0.00035","-0.00011","0","14.7","Humid","28.35","0","65.20","249491.96","SABD0002000014","AAV2.0.0.13","4.0.0.2353","PSt7-10","000000-000","8/7/2024 3:37:09 PM","0000-00","0","no battery","V","215852","µV","96196","µV"
"08/11/2024","11:42:13","2","default","203499907","Sensor2","26.391","min","236.446","μmol/L","Humid","22.549","deg","93648","µV","18.595","°C","985.000","hPa","35.0","pmil","0","51.462","deg","22.621","°C","100.000","%a.s.","22.257","deg","22.682","°C","985.000","hPa","0.861","-0.02056","0.00035","-0.00011","0","14.7","Humid","28.35","0","65.20","249492.39","SABD0002000014","AAV2.0.0.13","4.0.0.2353","PSt7-10","000000-000","8/7/2024 3:37:09 PM","0000-00","0","no battery","V","215852","µV","96196","µV"
"08/11/2024","11:42:14","2","default","203499907","Sensor2","26.408","min","236.382","μmol/L","Humid","22.552","deg","93646","µV","18.595","°C","985.000","hPa","35.0","pmil","0","51.462","deg","22.621","°C","100.000","%a.s.","22.257","deg","22.682","°C","985.000","hPa","0.861","-0.02056","0.00035","-0.00011","0","14.7","Humid","28.35","0","65.20","249488.08","SABD0002000014","AAV2.0.0.13","4.0.0.2353","PSt7-10","000000-000","8/7/2024 3:37:09 PM","0000-00","0","no battery","V","215852","µV","96196","µV"
"08/11/2024","11:42:15","2","default","203499907","Sensor2","26.425","min","236.289","μmol/L","Humid","22.552","deg","93652","µV","18.607","°C","985.000","hPa","35.0","pmil","0","51.462","deg","22.621","°C","100.000","%a.s.","22.257","deg","22.682","°C","985.000","hPa","0.861","-0.02056","0.00035","-0.00011","0","14.7","Humid","28.35","0","65.20","249492.64","SABD0002000014","AAV2.0.0.13","4.0.0.2353","PSt7-10","000000-000","8/7/2024 3:37:09 PM","0000-00","0","no battery","V","215852","µV","96196","µV"
"08/11/2024","11:42:16","2","default","203499907","Sensor2","26.442","min","236.297","μmol/L","Humid","22.556","deg","93651","µV","18.595","°C","985.000","hPa","35.0","pmil","0","51.462","deg","22.621","°C","100.000","%a.s.","22.257","deg","22.682","°C","985.000","hPa","0.861","-0.02056","0.00035","-0.00011","0","14.7","Humid","28.35","0","65.20","249483.90","SABD0002000014","AAV2.0.0.13","4.0.0.2353","PSt7-10","000000-000","8/7/2024 3:37:09 PM","0000-00","0","no battery","V","215852","µV","96196","µV"
"08/11/2024","11:42:17","2","default","203499907","Sensor2","26.458","min","236.399","μmol/L","Humid","22.549","deg","93649","µV","18.601","°C","985.000","hPa","35.0","pmil","0","51.462","deg","22.621","°C","100.000","%a.s.","22.257","deg","22.682","°C","985.000","hPa","0.861","-0.02056","0.00035","-0.00011","0","14.7","Humid","28.35","0","65.20","249490.09","SABD0002000014","AAV2.0.0.13","4.0.0.2353","PSt7-10","000000-000","8/7/2024 3:37:09 PM","0000-00","0","no battery","V","215852","µV","96196","µV"
"08/11/2024","11:42:18","2","default","203499907","Sensor2","26.474","min","236.336","μmol/L","Humid","22.552","deg","93663","µV","18.601","°C","985.000","hPa","35.0","pmil","0","51.462","deg","22.621","°C","100.000","%a.s.","22.257","deg","22.682","°C","985.000","hPa","0.861","-0.02056","0.00035","-0.00011","0","14.7","Humid","28.35","0","65.20","249484.62","SABD0002000014","AAV2.0.0.13","4.0.0.2353","PSt7-10","000000-000","8/7/2024 3:37:09 PM","0000-00","0","no battery","V","215852","µV","96196","µV"
"08/11/2024","11:42:19","2","default","203499907","Sensor2","26.491","min","236.276","μmol/L","Humid","22.557","deg","93661","µV","18.595","°C","985.000","hPa","35.0","pmil","0","51.462","deg","22.621","°C","100.000","%a.s.","22.257","deg","22.682","°C","985.000","hPa","0.861","-0.02056","0.00035","-0.00011","0","14.7","Humid","28.35","0","65.20","249487.90","SABD0002000014","AAV2.0.0.13","4.0.0.2353","PSt7-10","000000-000","8/7/2024 3:37:09 PM","0000-00","0","no battery","V","215852","µV","96196","µV"
"08/11/2024","11:42:20","2","default","203499907","Sensor2","26.508","min","236.272","μmol/L","Humid","22.555","deg","93658","µV","18.601","°C","985.000","hPa","35.0","pmil","0","51.462","deg","22.621","°C","100.000","%a.s.","22.257","deg","22.682","°C","985.000","hPa","0.861","-0.02056","0.00035","-0.00011","0","14.7","Humid","28.35","0","65.20","249478.40","SABD0002000014","AAV2.0.0.13","4.0.0.2353","PSt7-10","000000-000","8/7/2024 3:37:09 PM","0000-00","0","no battery","V","215852","µV","96196","µV"
"08/11/2024","11:42:21","2","default","203499907","Sensor2","26.525","min","236.361","μmol/L","Humid","22.553","deg","93659","µV","18.595","°C","985.000","hPa","35.0","pmil","0","51.462","deg","22.621","°C","100.000","%a.s.","22.257","deg","22.682","°C","985.000","hPa","0.861","-0.02056","0.00035","-0.00011","0","14.7","Humid","28.35","0","65.20","249483.50","SABD0002000014","AAV2.0.0.13","4.0.0.2353","PSt7-10","000000-000","8/7/2024 3:37:09 PM","0000-00","0","no battery","V","215852","µV","96196","µV"
"08/11/2024","11:42:22","2","default","203499907","Sensor2","26.542","min","236.297","μmol/L","Humid","22.556","deg","93660","µV","18.595","°C","985.000","hPa","35.0","pmil","0","51.462","deg","22.621","°C","100.000","%a.s.","22.257","deg","22.682","°C","985.000","hPa","0.861","-0.02056","0.00035","-0.00011","0","14.7","Humid","28.35","0","65.20","249480.05","SABD0002000014","AAV2.0.0.13","4.0.0.2353","PSt7-10","000000-000","8/7/2024 3:37:09 PM","0000-00","0","no battery","V","215852","µV","96196","µV"
"08/11/2024","11:42:23","2","default","203499907","Sensor2","26.558","min","236.208","μmol/L","Humid","22.558","deg","93666","µV","18.601","°C","985.000","hPa","35.0","pmil","0","51.462","deg","22.621","°C","100.000","%a.s.","22.257","deg","22.682","°C","985.000","hPa","0.861","-0.02056","0.00035","-0.00011","0","14.7","Humid","28.35","0","65.20","249472.92","SABD0002000014","AAV2.0.0.13","4.0.0.2353","PSt7-10","000000-000","8/7/2024 3:37:09 PM","0000-00","0","no battery","V","215852","µV","96196","µV"
"08/11/2024","11:42:24","2","default","203499907","Sensor2","26.575","min","236.229","μmol/L","Humid","22.557","deg","93661","µV","18.601","°C","985.000","hPa","35.0","pmil","0","51.462","deg","22.621","°C","100.000","%a.s.","22.257","deg","22.682","°C","985.000","hPa","0.861","-0.02056","0.00035","-0.00011","0","14.7","Humid","28.35","0","65.20","249484.40","SABD0002000014","AAV2.0.0.13","4.0.0.2353","PSt7-10","000000-000","8/7/2024 3:37:09 PM","0000-00","0","no battery","V","215852","µV","96196","µV"
"08/11/2024","11:42:25","2","default","203499907","Sensor2","26.591","min","236.382","μmol/L","Humid","22.552","deg","93670","µV","18.595","°C","985.000","hPa","35.0","pmil","0","51.462","deg","22.621","°C","100.000","%a.s.","22.257","deg","22.682","°C","985.000","hPa","0.861","-0.02056","0.00035","-0.00011","0","14.7","Humid","28.35","0","65.20","249485.69","SABD0002000014","AAV2.0.0.13","4.0.0.2353","PSt7-10","000000-000","8/7/2024 3:37:09 PM","0000-00","0","no battery","V","215852","µV","96196","µV"
"08/11/2024","11:42:26","2","default","203499907","Sensor2","26.608","min","236.255","μmol/L","Humid","22.558","deg","93673","µV","18.595","°C","985.000","hPa","35.0","pmil","0","51.462","deg","22.621","°C","100.000","%a.s.","22.257","deg","22.682","°C","985.000","hPa","0.861","-0.02056","0.00035","-0.00011","0","14.7","Humid","28.35","0","65.20","249489.21","SABD0002000014","AAV2.0.0.13","4.0.0.2353","PSt7-10","000000-000","8/7/2024 3:37:09 PM","0000-00","0","no battery","V","215852","µV","96196","µV"
"08/11/2024","11:42:27","2","default","203499907","Sensor2","26.624","min","236.233","μmol/L","Humid","22.559","deg","93665","µV","18.595","°C","985.000","hPa","35.0","pmil","0","51.462","deg","22.621","°C","100.000","%a.s.","22.257","deg","22.682","°C","985.000","hPa","0.861","-0.02056","0.00035","-0.00011","0","14.7","Humid","28.35","0","65.20","249475.65","SABD0002000014","AAV2.0.0.13","4.0.0.2353","PSt7-10","000000-000","8/7/2024 3:37:09 PM","0000-00","0","no battery","V","215852","µV","96196","µV"
"08/11/2024","11:42:28","2","default","203499907","Sensor2","26.641","min","236.318","μmol/L","Humid","22.555","deg","93671","µV","18.595","°C","985.000","hPa","35.0","pmil","0","51.462","deg","22.621","°C","100.000","%a.s.","22.257","deg","22.682","°C","985.000","hPa","0.861","-0.02056","0.00035","-0.00011","0","14.7","Humid","28.35","0","65.20","249480.48","SABD0002000014","AAV2.0.0.13","4.0.0.2353","PSt7-10","000000-000","8/7/2024 3:37:09 PM","0000-00","0","no battery","V","215852","µV","96196","µV"
"08/11/2024","11:42:29","2","default","203499907","Sensor2","26.658","min","236.276","μmol/L","Humid","22.557","deg","93681","µV","18.595","°C","985.000","hPa","35.0","pmil","0","51.462","deg","22.621","°C","100.000","%a.s.","22.257","deg","22.682","°C","985.000","hPa","0.861","-0.02056","0.00035","-0.00011","0","14.7","Humid","28.35","0","65.20","249480.69","SABD0002000014","AAV2.0.0.13","4.0.0.2353","PSt7-10","000000-000","8/7/2024 3:37:09 PM","0000-00","0","no battery","V","215852","µV","96196","µV"
"08/11/2024","11:42:30","2","default","203499907","Sensor2","26.675","min","236.276","μmol/L","Humid","22.557","deg","93681","µV","18.595","°C","985.000","hPa","35.0","pmil","0","51.462","deg","22.621","°C","100.000","%a.s.","22.257","deg","22.682","°C","985.000","hPa","0.861","-0.02056","0.00035","-0.00011","0","14.7","Humid","28.35","0","65.20","249482.06","SABD0002000014","AAV2.0.0.13","4.0.0.2353","PSt7-10","000000-000","8/7/2024 3:37:09 PM","0000-00","0","no battery","V","215852","µV","96196","µV"
"08/11/2024","11:42:31","2","default","203499907","Sensor2","26.691","min","236.301","μmol/L","Humid","22.558","deg","93673","µV","18.589","°C","985.000","hPa","35.0","pmil","0","51.462","deg","22.621","°C","100.000","%a.s.","22.257","deg","22.682","°C","985.000","hPa","0.861","-0.02056","0.00035","-0.00011","0","14.7","Humid","28.35","0","65.20","249479.95","SABD0002000014","AAV2.0.0.13","4.0.0.2353","PSt7-10","000000-000","8/7/2024 3:37:09 PM","0000-00","0","no battery","V","215852","µV","96196","µV"
"08/11/2024","11:42:32","2","default","203499907","Sensor2","26.708","min","236.187","μmol/L","Humid","22.559","deg","93678","µV","18.601","°C","985.000","hPa","35.0","pmil","0","51.462","deg","22.621","°C","100.000","%a.s.","22.257","deg","22.682","°C","985.000","hPa","0.861","-0.02056","0.00035","-0.00011","0","14.7","Humid","28.35","0","65.20","249482.69","SABD0002000014","AAV2.0.0.13","4.0.0.2353","PSt7-10","000000-000","8/7/2024 3:37:09 PM","0000-00","0","no battery","V","215852","µV","96196","µV"
"08/11/2024","11:42:33","2","default","203499907","Sensor2","26.725","min","236.170","μmol/L","Humid","22.562","deg","93675","µV","18.595","°C","985.000","hPa","35.0","pmil","0","51.462","deg","22.621","°C","100.000","%a.s.","22.257","deg","22.682","°C","985.000","hPa","0.861","-0.02056","0.00035","-0.00011","0","14.7","Humid","28.35","0","65.20","249487.39","SABD0002000014","AAV2.0.0.13","4.0.0.2353","PSt7-10","000000-000","8/7/2024 3:37:09 PM","0000-00","0","no battery","V","215852","µV","96196","µV"
"08/11/2024","11:42:34","2","default","203499907","Sensor2","26.742","min","236.170","μmol/L","Humid","22.562","deg","93679","µV","18.595","°C","985.000","hPa","35.0","pmil","0","51.462","deg","22.621","°C","100.000","%a.s.","22.257","deg","22.682","°C","985.000","hPa","0.861","-0.02056","0.00035","-0.00011","0","14.7","Humid","28.35","0","65.20","249464.26","SABD0002000014","AAV2.0.0.13","4.0.0.2353","PSt7-10","000000-000","8/7/2024 3:37:09 PM","0000-00","0","no battery","V","215852","µV","96196","µV"
"08/11/2024","11:42:35","2","default","203499907","Sensor2","26.758","min","236.216","μmol/L","Humid","22.562","deg","93683","µV","18.589","°C","985.000","hPa","35.0","pmil","0","51.462","deg","22.621","°C","100.000","%a.s.","22.257","deg","22.682","°C","985.000","hPa","0.861","-0.02056","0.00035","-0.00011","0","14.7","Humid","28.35","0","65.20","249481.97","SABD0002000014","AAV2.0.0.13","4.0.0.2353","PSt7-10","000000-000","8/7/2024 3:37:09 PM","0000-00","0","no battery","V","215852","µV","96196","µV"
"08/11/2024","11:42:36","2","default","203499907","Sensor2","26.775","min","236.301","μmol/L","Humid","22.558","deg","93684","µV","18.589","°C","985.000","hPa","35.0","pmil","0","51.462","deg","22.621","°C","100.000","%a.s.","22.257","deg","22.682","°C","985.000","hPa","0.861","-0.02056","0.00035","-0.00011","0","14.7","Humid","28.35","0","65.20","249482.31","SABD0002000014","AAV2.0.0.13","4.0.0.2353","PSt7-10","000000-000","8/7/2024 3:37:09 PM","0000-00","0","no battery","V","215852","µV","96196","µV"
"08/11/2024","11:42:37","2","default","203499907","Sensor2","26.791","min","236.170","μmol/L","Humid","22.562","deg","93688","µV","18.595","°C","985.000","hPa","35.0","pmil","0","51.462","deg","22.621","°C","100.000","%a.s.","22.257","deg","22.682","°C","985.000","hPa","0.861","-0.02056","0.00035","-0.00011","0","14.7","Humid","28.35","0","65.20","249489.01","SABD0002000014","AAV2.0.0.13","4.0.0.2353","PSt7-10","000000-000","8/7/2024 3:37:09 PM","0000-00","0","no battery","V","215852","µV","96196","µV"
"08/11/2024","11:42:38","2","default","203499907","Sensor2","26.808","min","236.191","μmol/L","Humid","22.561","deg","93685","µV","18.595","°C","985.000","hPa","35.0","pmil","0","51.462","deg","22.621","°C","100.000","%a.s.","22.257","deg","22.682","°C","985.000","hPa","0.861","-0.02056","0.00035","-0.00011","0","14.7","Humid","28.35","0","65.20","249475.96","SABD0002000014","AAV2.0.0.13","4.0.0.2353","PSt7-10","000000-000","8/7/2024 3:37:09 PM","0000-00","0","no battery","V","215852","µV","96196","µV"
"08/11/2024","11:42:39","2","default","203499907","Sensor2","26.824","min","236.144","μmol/L","Humid","22.561","deg","93690","µV","18.601","°C","985.000","hPa","35.0","pmil","0","51.462","deg","22.621","°C","100.000","%a.s.","22.257","deg","22.682","°C","985.000","hPa","0.861","-0.02056","0.00035","-0.00011","0","14.7","Humid","28.35","0","65.20","249482.07","SABD0002000014","AAV2.0.0.13","4.0.0.2353","PSt7-10","000000-000","8/7/2024 3:37:09 PM","0000-00","0","no battery","V","215852","µV","96196","µV"
"08/11/2024","11:42:40","2","default","203499907","Sensor2","26.841","min","236.212","μmol/L","Humid","22.560","deg","93697","µV","18.595","°C","985.000","hPa","35.0","pmil","0","51.462","deg","22.621","°C","100.000","%a.s.","22.257","deg","22.682","°C","985.000","hPa","0.861","-0.02056","0.00035","-0.00011","0","14.7","Humid","28.35","0","65.20","249479.61","SABD0002000014","AAV2.0.0.13","4.0.0.2353","PSt7-10","000000-000","8/7/2024 3:37:09 PM","0000-00","0","no battery","V","215852","µV","96196","µV"
"08/11/2024","11:42:41","2","default","203499907","Sensor2","26.858","min","236.153","μmol/L","Humid","22.565","deg","93693","µV","18.589","°C","985.000","hPa","35.0","pmil","0","51.462","deg","22.621","°C","100.000","%a.s.","22.257","deg","22.682","°C","985.000","hPa","0.861","-0.02056","0.00035","-0.00011","0","14.7","Humid","28.35","0","65.20","249482.52","SABD0002000014","AAV2.0.0.13","4.0.0.2353","PSt7-10","000000-000","8/7/2024 3:37:09 PM","0000-00","0","no battery","V","215852","µV","96196","µV"
"08/11/2024","11:42:42","2","default","203499907","Sensor2","26.875","min","236.123","μmol/L","Humid","22.562","deg","93701","µV","18.601","°C","985.000","hPa","35.0","pmil","0","51.462","deg","22.621","°C","100.000","%a.s.","22.257","deg","22.682","°C","985.000","hPa","0.861","-0.02056","0.00035","-0.00011","0","14.7","Humid","28.35","0","65.20","249478.24","SABD0002000014","AAV2.0.0.13","4.0.0.2353","PSt7-10","000000-000","8/7/2024 3:37:09 PM","0000-00","0","no battery","V","215852","µV","96196","µV"
"08/11/2024","11:42:43","2","default","203499907","Sensor2","26.891","min","236.195","μmol/L","Humid","22.563","deg","93693","µV","18.589","°C","985.000","hPa","35.0","pmil","0","51.462","deg","22.621","°C","100.000","%a.s.","22.257","deg","22.682","°C","985.000","hPa","0.861","-0.02056","0.00035","-0.00011","0","14.7","Humid","28.35","0","65.20","249474.92","SABD0002000014","AAV2.0.0.13","4.0.0.2353","PSt7-10","000000-000","8/7/2024 3:37:09 PM","0000-00","0","no battery","V","215852","µV","96196","µV"
"08/11/2024","11:42:44","2","default","203499907","Sensor2","26.908","min","236.068","μmol/L","Humid","22.569","deg","93692","µV","18.589","°C","985.000","hPa","35.0","pmil","0","51.462","deg","22.621","°C","100.000","%a.s.","22.257","deg","22.682","°C","985.000","hPa","0.861","-0.02056","0.00035","-0.00011","0","14.7","Humid","28.35","0","65.20","249479.39","SABD0002000014","AAV2.0.0.13","4.0.0.2353","PSt7-10","000000-000","8/7/2024 3:37:09 PM","0000-00","0","no battery","V","215852","µV","96196","µV"
"08/11/2024","11:42:45","2","default","203499907","Sensor2","26.925","min","236.174","μmol/L","Humid","22.564","deg","93701","µV","18.589","°C","985.000","hPa","35.0","pmil","0","51.462","deg","22.621","°C","100.000","%a.s.","22.257","deg","22.682","°C","985.000","hPa","0.861","-0.02056","0.00035","-0.00011","0","14.7","Humid","28.35","0","65.20","249483.74","SABD0002000014","AAV2.0.0.13","4.0.0.2353","PSt7-10","000000-000","8/7/2024 3:37:09 PM","0000-00","0","no battery","V","215852","µV","96196","µV"
"08/11/2024","11:42:46","2","default","203499907","Sensor2","26.942","min","236.085","μmol/L","Humid","22.566","deg","93707","µV","18.595","°C","985.000","hPa","35.0","pmil","0","51.462","deg","22.621","°C","100.000","%a.s.","22.257","deg","22.682","°C","985.000","hPa","0.861","-0.02056","0.00035","-0.00011","0","14.7","Humid","28.35","0","65.20","249492.81","SABD0002000014","AAV2.0.0.13","4.0.0.2353","PSt7-10","000000-000","8/7/2024 3:37:09 PM","0000-00","0","no battery","V","215852","µV","96196","µV"
"08/11/2024","11:42:47","2","default","203499907","Sensor2","26.958","min","236.170","μmol/L","Humid","22.562","deg","93701","µV","18.595","°C","985.000","hPa","35.0","pmil","0","51.462","deg","22.621","°C","100.000","%a.s.","22.257","deg","22.682","°C","985.000","hPa","0.861","-0.02056","0.00035","-0.00011","0","14.7","Humid","28.35","0","65.20","249471.24","SABD0002000014","AAV2.0.0.13","4.0.0.2353","PSt7-10","000000-000","8/7/2024 3:37:09 PM","0000-00","0","no battery","V","215852","µV","96196","µV"
"08/11/2024","11:42:48","2","default","203499907","Sensor2","26.975","min","236.106","μmol/L","Humid","22.565","deg","93704","µV","18.595","°C","985.000","hPa","35.0","pmil","0","51.462","deg","22.621","°C","100.000","%a.s.","22.257","deg","22.682","°C","985.000","hPa","0.861","-0.02056","0.00035","-0.00011","0","14.7","Humid","28.35","0","65.20","249470.64","SABD0002000014","AAV2.0.0.13","4.0.0.2353","PSt7-10","000000-000","8/7/2024 3:37:09 PM","0000-00","0","no battery","V","215852","µV","96196","µV"
"08/11/2024","11:42:49","2","default","203499907","Sensor2","26.991","min","236.178","μmol/L","Humid","22.566","deg","93710","µV","18.583","°C","985.000","hPa","35.0","pmil","0","51.462","deg","22.621","°C","100.000","%a.s.","22.257","deg","22.682","°C","985.000","hPa","0.861","-0.02056","0.00035","-0.00011","0","14.7","Humid","28.35","0","65.20","249487.69","SABD0002000014","AAV2.0.0.13","4.0.0.2353","PSt7-10","000000-000","8/7/2024 3:37:09 PM","0000-00","0","no battery","V","215852","µV","96196","µV"
"08/11/2024","11:42:50","2","default","203499907","Sensor2","27.008","min","236.068","μmol/L","Humid","22.569","deg","93710","µV","18.589","°C","985.000","hPa","35.0","pmil","0","51.462","deg","22.621","°C","100.000","%a.s.","22.257","deg","22.682","°C","985.000","hPa","0.861","-0.02056","0.00035","-0.00011","0","14.7","Humid","28.35","0","65.20","249478.03","SABD0002000014","AAV2.0.0.13","4.0.0.2353","PSt7-10","000000-000","8/7/2024 3:37:09 PM","0000-00","0","no battery","V","215852","µV","96196","µV"
"08/11/2024","11:42:51","2","default","203499907","Sensor2","27.024","min","236.110","μmol/L","Humid","22.567","deg","93709","µV","18.589","°C","985.000","hPa","35.0","pmil","0","51.462","deg","22.621","°C","100.000","%a.s.","22.257","deg","22.682","°C","985.000","hPa","0.861","-0.02056","0.00035","-0.00011","0","14.7","Humid","28.35","0","65.20","249466.80","SABD0002000014","AAV2.0.0.13","4.0.0.2353","PSt7-10","000000-000","8/7/2024 3:37:09 PM","0000-00","0","no battery","V","215852","µV","96196","µV"
"08/11/2024","11:42:52","2","default","203499907","Sensor2","27.041","min","236.131","μmol/L","Humid","22.566","deg","93715","µV","18.589","°C","985.000","hPa","35.0","pmil","0","51.462","deg","22.621","°C","100.000","%a.s.","22.257","deg","22.682","°C","985.000","hPa","0.861","-0.02056","0.00035","-0.00011","0","14.7","Humid","28.35","0","65.20","249477.78","SABD0002000014","AAV2.0.0.13","4.0.0.2353","PSt7-10","000000-000","8/7/2024 3:37:09 PM","0000-00","0","no battery","V","215852","µV","96196","µV"
"08/11/2024","11:42:53","2","default","203499907","Sensor2","27.058","min","236.000","μmol/L","Humid","22.570","deg","93713","µV","18.595","°C","985.000","hPa","35.0","pmil","0","51.462","deg","22.621","°C","100.000","%a.s.","22.257","deg","22.682","°C","985.000","hPa","0.861","-0.02056","0.00035","-0.00011","0","14.7","Humid","28.35","0","65.20","249484.29","SABD0002000014","AAV2.0.0.13","4.0.0.2353","PSt7-10","000000-000","8/7/2024 3:37:09 PM","0000-00","0","no battery","V","215852","µV","96196","µV"
"08/11/2024","11:42:54","2","default","203499907","Sensor2","27.075","min","236.072","μmol/L","Humid","22.571","deg","93712","µV","18.583","°C","985.000","hPa","35.0","pmil","0","51.462","deg","22.621","°C","100.000","%a.s.","22.257","deg","22.682","°C","985.000","hPa","0.861","-0.02056","0.00035","-0.00011","0","14.7","Humid","28.35","0","65.20","249485.56","SABD0002000014","AAV2.0.0.13","4.0.0.2353","PSt7-10","000000-000","8/7/2024 3:37:09 PM","0000-00","0","no battery","V","215852","µV","96196","µV"
"08/11/2024","11:42:55","2","default","203499907","Sensor2","27.091","min","236.089","μmol/L","Humid","22.568","deg","93720","µV","18.589","°C","985.000","hPa","35.0","pmil","0","51.462","deg","22.621","°C","100.000","%a.s.","22.257","deg","22.682","°C","985.000","hPa","0.861","-0.02056","0.00035","-0.00011","0","14.7","Humid","28.35","0","65.20","249483.95","SABD0002000014","AAV2.0.0.13","4.0.0.2353","PSt7-10","000000-000","8/7/2024 3:37:09 PM","0000-00","0","no battery","V","215852","µV","96196","µV"
"08/11/2024","11:42:56","2","default","203499907","Sensor2","27.108","min","235.983","μmol/L","Humid","22.573","deg","93721","µV","18.589","°C","985.000","hPa","35.0","pmil","0","51.462","deg","22.621","°C","100.000","%a.s.","22.257","deg","22.682","°C","985.000","hPa","0.861","-0.02056","0.00035","-0.00011","0","14.7","Humid","28.35","0","65.20","249477.66","SABD0002000014","AAV2.0.0.13","4.0.0.2353","PSt7-10","000000-000","8/7/2024 3:37:09 PM","0000-00","0","no battery","V","215852","µV","96196","µV"
"08/11/2024","11:42:57","2","default","203499907","Sensor2","27.125","min","236.068","μmol/L","Humid","22.569","deg","93724","µV","18.589","°C","985.000","hPa","35.0","pmil","0","51.462","deg","22.621","°C","100.000","%a.s.","22.257","deg","22.682","°C","985.000","hPa","0.861","-0.02056","0.00035","-0.00011","0","14.7","Humid","28.35","0","65.20","249492.17","SABD0002000014","AAV2.0.0.13","4.0.0.2353","PSt7-10","000000-000","8/7/2024 3:37:09 PM","0000-00","0","no battery","V","215852","µV","96196","µV"
"08/11/2024","11:42:58","2","default","203499907","Sensor2","27.142","min","236.000","μmol/L","Humid","22.570","deg","93719","µV","18.595","°C","985.000","hPa","35.0","pmil","0","51.462","deg","22.621","°C","100.000","%a.s.","22.257","deg","22.682","°C","985.000","hPa","0.861","-0.02056","0.00035","-0.00011","0","14.7","Humid","28.35","0","65.20","249481.62","SABD0002000014","AAV2.0.0.13","4.0.0.2353","PSt7-10","000000-000","8/7/2024 3:37:09 PM","0000-00","0","no battery","V","215852","µV","96196","µV"
"08/11/2024","11:42:59","2","default","203499907","Sensor2","27.158","min","236.110","μmol/L","Humid","22.567","deg","93720","µV","18.589","°C","985.000","hPa","35.0","pmil","0","51.462","deg","22.621","°C","100.000","%a.s.","22.257","deg","22.682","°C","985.000","hPa","0.861","-0.02056","0.00035","-0.00011","0","14.7","Humid","28.35","0","65.20","249476.39","SABD0002000014","AAV2.0.0.13","4.0.0.2353","PSt7-10","000000-000","8/7/2024 3:37:09 PM","0000-00","0","no battery","V","215852","µV","96196","µV"
"08/11/2024","11:43:00","2","default","203499907","Sensor2","27.175","min","235.983","μmol/L","Humid","22.573","deg","93726","µV","18.589","°C","985.000","hPa","35.0","pmil","0","51.462","deg","22.621","°C","100.000","%a.s.","22.257","deg","22.682","°C","985.000","hPa","0.861","-0.02056","0.00035","-0.00011","0","14.7","Humid","28.35","0","65.20","249486.38","SABD0002000014","AAV2.0.0.13","4.0.0.2353","PSt7-10","000000-000","8/7/2024 3:37:09 PM","0000-00","0","no battery","V","215852","µV","96196","µV"
"08/11/2024","11:43:01","2","default","203499907","Sensor2","27.191","min","235.983","μmol/L","Humid","22.573","deg","93726","µV","18.589","°C","985.000","hPa","35.0","pmil","0","51.462","deg","22.621","°C","100.000","%a.s.","22.257","deg","22.682","°C","985.000","hPa","0.861","-0.02056","0.00035","-0.00011","0","14.7","Humid","28.35","0","65.20","249473.75","SABD0002000014","AAV2.0.0.13","4.0.0.2353","PSt7-10","000000-000","8/7/2024 3:37:09 PM","0000-00","0","no battery","V","215852","µV","96196","µV"
"08/11/2024","11:43:02","2","default","203499907","Sensor2","27.208","min","236.008","μmol/L","Humid","22.574","deg","93725","µV","18.583","°C","985.000","hPa","35.0","pmil","0","51.462","deg","22.621","°C","100.000","%a.s.","22.257","deg","22.682","°C","985.000","hPa","0.861","-0.02056","0.00035","-0.00011","0","14.7","Humid","28.35","0","65.20","249474.82","SABD0002000014","AAV2.0.0.13","4.0.0.2353","PSt7-10","000000-000","8/7/2024 3:37:09 PM","0000-00","0","no battery","V","215852","µV","96196","µV"
"08/11/2024","11:43:03","2","default","203499907","Sensor2","27.224","min","236.093","μmol/L","Humid","22.570","deg","93729","µV","18.583","°C","985.000","hPa","35.0","pmil","0","51.462","deg","22.621","°C","100.000","%a.s.","22.257","deg","22.682","°C","985.000","hPa","0.861","-0.02056","0.00035","-0.00011","0","14.7","Humid","28.35","0","65.20","249481.28","SABD0002000014","AAV2.0.0.13","4.0.0.2353","PSt7-10","000000-000","8/7/2024 3:37:09 PM","0000-00","0","no battery","V","215852","µV","96196","µV"
"08/11/2024","11:43:04","2","default","203499907","Sensor2","27.241","min","236.046","μmol/L","Humid","22.570","deg","93730","µV","18.589","°C","985.000","hPa","35.0","pmil","0","51.462","deg","22.621","°C","100.000","%a.s.","22.257","deg","22.682","°C","985.000","hPa","0.861","-0.02056","0.00035","-0.00011","0","14.7","Humid","28.35","0","65.20","249474.28","SABD0002000014","AAV2.0.0.13","4.0.0.2353","PSt7-10","000000-000","8/7/2024 3:37:09 PM","0000-00","0","no battery","V","215852","µV","96196","µV"
"08/11/2024","11:43:05","2","default","203499907","Sensor2","27.258","min","235.919","μmol/L","Humid","22.576","deg","93728","µV","18.589","°C","985.000","hPa","35.0","pmil","0","51.462","deg","22.621","°C","100.000","%a.s.","22.257","deg","22.682","°C","985.000","hPa","0.861","-0.02056","0.00035","-0.00011","0","14.7","Humid","28.35","0","65.20","249467.73","SABD0002000014","AAV2.0.0.13","4.0.0.2353","PSt7-10","000000-000","8/7/2024 3:37:09 PM","0000-00","0","no battery","V","215852","µV","96196","µV"
"08/11/2024","11:43:06","2","default","203499907","Sensor2","27.275","min","235.936","μmol/L","Humid","22.573","deg","93727","µV","18.595","°C","985.000","hPa","35.0","pmil","0","51.462","deg","22.621","°C","100.000","%a.s.","22.257","deg","22.682","°C","985.000","hPa","0.861","-0.02056","0.00035","-0.00011","0","14.7","Humid","28.35","0","65.20","249480.19","SABD0002000014","AAV2.0.0.13","4.0.0.2353","PSt7-10","000000-000","8/7/2024 3:37:09 PM","0000-00","0","no battery","V","215852","µV","96196","µV"
"08/11/2024","11:43:07","2","default","203499907","Sensor2","27.291","min","235.915","μmol/L","Humid","22.574","deg","93728","µV","18.595","°C","985.000","hPa","35.0","pmil","0","51.462","deg","22.621","°C","100.000","%a.s.","22.257","deg","22.682","°C","985.000","hPa","0.861","-0.02056","0.00035","-0.00011","0","14.7","Humid","28.35","0","65.20","249478.17","SABD0002000014","AAV2.0.0.13","4.0.0.2353","PSt7-10","000000-000","8/7/2024 3:37:09 PM","0000-00","0","no battery","V","215852","µV","96196","µV"
"08/11/2024","11:43:08","2","default","203499907","Sensor2","27.308","min","235.983","μmol/L","Humid","22.573","deg","93729","µV","18.589","°C","985.000","hPa","35.0","pmil","0","51.462","deg","22.621","°C","100.000","%a.s.","22.257","deg","22.682","°C","985.000","hPa","0.861","-0.02056","0.00035","-0.00011","0","14.7","Humid","28.35","0","65.20","249477.06","SABD0002000014","AAV2.0.0.13","4.0.0.2353","PSt7-10","000000-000","8/7/2024 3:37:09 PM","0000-00","0","no battery","V","215852","µV","96196","µV"
"08/11/2024","11:43:09","2","default","203499907","Sensor2","27.325","min","235.856","μmol/L","Humid","22.579","deg","93732","µV","18.589","°C","985.000","hPa","35.0","pmil","0","51.462","deg","22.621","°C","100.000","%a.s.","22.257","deg","22.682","°C","985.000","hPa","0.861","-0.02056","0.00035","-0.00011","0","14.7","Humid","28.35","0","65.20","249467.06","SABD0002000014","AAV2.0.0.13","4.0.0.2353","PSt7-10","000000-000","8/7/2024 3:37:09 PM","0000-00","0","no battery","V","215852","µV","96196","µV"
"08/11/2024","11:43:10","2","default","203499907","Sensor2","27.342","min","235.856","μmol/L","Humid","22.579","deg","93736","µV","18.589","°C","985.000","hPa","35.0","pmil","0","51.462","deg","22.621","°C","100.000","%a.s.","22.257","deg","22.682","°C","985.000","hPa","0.861","-0.02056","0.00035","-0.00011","0","14.7","Humid","28.35","0","65.20","249465.80","SABD0002000014","AAV2.0.0.13","4.0.0.2353","PSt7-10","000000-000","8/7/2024 3:37:09 PM","0000-00","0","no battery","V","215852","µV","96196","µV"
"08/11/2024","11:43:11","2","default","203499907","Sensor2","27.358","min","235.898","μmol/L","Humid","22.577","deg","93736","µV","18.589","°C","985.000","hPa","35.0","pmil","0","51.462","deg","22.621","°C","100.000","%a.s.","22.257","deg","22.682","°C","985.000","hPa","0.861","-0.02056","0.00035","-0.00011","0","14.7","Humid","28.35","0","65.20","249463.96","SABD0002000014","AAV2.0.0.13","4.0.0.2353","PSt7-10","000000-000","8/7/2024 3:37:09 PM","0000-00","0","no battery","V","215852","µV","96196","µV"
"08/11/2024","11:43:12","2","default","203499907","Sensor2","27.375","min","235.919","μmol/L","Humid","22.576","deg","93739","µV","18.589","°C","985.000","hPa","35.0","pmil","0","51.462","deg","22.621","°C","100.000","%a.s.","22.257","deg","22.682","°C","985.000","hPa","0.861","-0.02056","0.00035","-0.00011","0","14.7","Humid","28.35","0","65.20","249471.57","SABD0002000014","AAV2.0.0.13","4.0.0.2353","PSt7-10","000000-000","8/7/2024 3:37:09 PM","0000-00","0","no battery","V","215852","µV","96196","µV"
"08/11/2024","11:43:13","2","default","203499907","Sensor2","27.392","min","235.940","μmol/L","Humid","22.575","deg","93739","µV","18.589","°C","985.000","hPa","35.0","pmil","0","51.462","deg","22.621","°C","100.000","%a.s.","22.257","deg","22.682","°C","985.000","hPa","0.861","-0.02056","0.00035","-0.00011","0","14.7","Humid","28.35","0","65.20","249463.37","SABD0002000014","AAV2.0.0.13","4.0.0.2353","PSt7-10","000000-000","8/7/2024 3:37:09 PM","0000-00","0","no battery","V","215852","µV","96196","µV"
"08/11/2024","11:43:14","2","default","203499907","Sensor2","27.408","min","235.813","μmol/L","Humid","22.581","deg","93744","µV","18.589","°C","985.000","hPa","35.0","pmil","0","51.462","deg","22.621","°C","100.000","%a.s.","22.257","deg","22.682","°C","985.000","hPa","0.861","-0.02056","0.00035","-0.00011","0","14.7","Humid","28.35","0","65.20","249472.93","SABD0002000014","AAV2.0.0.13","4.0.0.2353","PSt7-10","000000-000","8/7/2024 3:37:09 PM","0000-00","0","no battery","V","215852","µV","96196","µV"
"08/11/2024","11:43:15","2","default","203499907","Sensor2","27.424","min","235.877","μmol/L","Humid","22.578","deg","93747","µV","18.589","°C","985.000","hPa","35.0","pmil","0","51.462","deg","22.621","°C","100.000","%a.s.","22.257","deg","22.682","°C","985.000","hPa","0.861","-0.02056","0.00035","-0.00011","0","14.7","Humid","28.35","0","65.20","249473.73","SABD0002000014","AAV2.0.0.13","4.0.0.2353","PSt7-10","000000-000","8/7/2024 3:37:09 PM","0000-00","0","no battery","V","215852","µV","96196","µV"
"08/11/2024","11:43:16","2","default","203499907","Sensor2","27.441","min","235.830","μmol/L","Humid","22.578","deg","93745","µV","18.595","°C","985.000","hPa","35.0","pmil","0","51.462","deg","22.621","°C","100.000","%a.s.","22.257","deg","22.682","°C","985.000","hPa","0.861","-0.02056","0.00035","-0.00011","0","14.7","Humid","28.35","0","65.20","249472.35","SABD0002000014","AAV2.0.0.13","4.0.0.2353","PSt7-10","000000-000","8/7/2024 3:37:09 PM","0000-00","0","no battery","V","215852","µV","96196","µV"
"08/11/2024","11:43:17","2","default","203499907","Sensor2","27.458","min","235.902","μmol/L","Humid","22.579","deg","93750","µV","18.583","°C","985.000","hPa","35.0","pmil","0","51.462","deg","22.621","°C","100.000","%a.s.","22.257","deg","22.682","°C","985.000","hPa","0.861","-0.02056","0.00035","-0.00011","0","14.7","Humid","28.35","0","65.20","249474.39","SABD0002000014","AAV2.0.0.13","4.0.0.2353","PSt7-10","000000-000","8/7/2024 3:37:09 PM","0000-00","0","no battery","V","215852","µV","96196","µV"
"08/11/2024","11:43:18","2","default","203499907","Sensor2","27.475","min","235.834","μmol/L","Humid","22.580","deg","93754","µV","18.589","°C","985.000","hPa","35.0","pmil","0","51.462","deg","22.621","°C","100.000","%a.s.","22.257","deg","22.682","°C","985.000","hPa","0.861","-0.02056","0.00035","-0.00011","0","14.7","Humid","28.35","0","65.20","249480.79","SABD0002000014","AAV2.0.0.13","4.0.0.2353","PSt7-10","000000-000","8/7/2024 3:37:09 PM","0000-00","0","no battery","V","215852","µV","96196","µV"
"08/11/2024","11:43:19","2","default","203499907","Sensor2","27.491","min","235.809","μmol/L","Humid","22.579","deg","93757","µV","18.595","°C","985.000","hPa","35.0","pmil","0","51.462","deg","22.621","°C","100.000","%a.s.","22.257","deg","22.682","°C","985.000","hPa","0.861","-0.02056","0.00035","-0.00011","0","14.7","Humid","28.35","0","65.20","249468.88","SABD0002000014","AAV2.0.0.13","4.0.0.2353","PSt7-10","000000-000","8/7/2024 3:37:09 PM","0000-00","0","no battery","V","215852","µV","96196","µV"
"08/11/2024","11:43:20","2","default","203499907","Sensor2","27.508","min","235.856","μmol/L","Humid","22.579","deg","93756","µV","18.589","°C","985.000","hPa","35.0","pmil","0","51.462","deg","22.621","°C","100.000","%a.s.","22.257","deg","22.682","°C","985.000","hPa","0.861","-0.02056","0.00035","-0.00011","0","14.7","Humid","28.35","0","65.20","249468.72","SABD0002000014","AAV2.0.0.13","4.0.0.2353","PSt7-10","000000-000","8/7/2024 3:37:09 PM","0000-00","0","no battery","V","215852","µV","96196","µV"
"08/11/2024","11:43:21","2","default","203499907","Sensor2","27.525","min","235.898","μmol/L","Humid","22.577","deg","93757","µV","18.589","°C","985.000","hPa","35.0","pmil","0","51.462","deg","22.621","°C","100.000","%a.s.","22.257","deg","22.682","°C","985.000","hPa","0.861","-0.02056","0.00035","-0.00011","0","14.7","Humid","28.35","0","65.20","249478.11","SABD0002000014","AAV2.0.0.13","4.0.0.2353","PSt7-10","000000-000","8/7/2024 3:37:09 PM","0000-00","0","no battery","V","215852","µV","96196","µV"
"08/11/2024","11:43:22","2","default","203499907","Sensor2","27.542","min","235.834","μmol/L","Humid","22.580","deg","93756","µV","18.589","°C","985.000","hPa","35.0","pmil","0","51.462","deg","22.621","°C","100.000","%a.s.","22.257","deg","22.682","°C","985.000","hPa","0.861","-0.02056","0.00035","-0.00011","0","14.7","Humid","28.35","0","65.20","249478.88","SABD0002000014","AAV2.0.0.13","4.0.0.2353","PSt7-10","000000-000","8/7/2024 3:37:09 PM","0000-00","0","no battery","V","215852","µV","96196","µV"
"08/11/2024","11:43:23","2","default","203499907","Sensor2","27.558","min","235.728","μmol/L","Humid","22.585","deg","93753","µV","18.589","°C","985.000","hPa","35.0","pmil","0","51.462","deg","22.621","°C","100.000","%a.s.","22.257","deg","22.682","°C","985.000","hPa","0.861","-0.02056","0.00035","-0.00011","0","14.7","Humid","28.35","0","65.20","249475.53","SABD0002000014","AAV2.0.0.13","4.0.0.2353","PSt7-10","000000-000","8/7/2024 3:37:09 PM","0000-00","0","no battery","V","215852","µV","96196","µV"
"08/11/2024","11:43:24","2","default","203499907","Sensor2","27.575","min","235.877","μmol/L","Humid","22.578","deg","93761","µV","18.589","°C","985.000","hPa","35.0","pmil","0","51.462","deg","22.621","°C","100.000","%a.s.","22.257","deg","22.682","°C","985.000","hPa","0.861","-0.02056","0.00035","-0.00011","0","14.7","Humid","28.35","0","65.20","249493.06","SABD0002000014","AAV2.0.0.13","4.0.0.2353","PSt7-10","000000-000","8/7/2024 3:37:09 PM","0000-00","0","no battery","V","215852","µV","96196","µV"
"08/11/2024","11:43:25","2","default","203499907","Sensor2","27.591","min","235.750","μmol/L","Humid","22.584","deg","93762","µV","18.589","°C","985.000","hPa","35.0","pmil","0","51.462","deg","22.621","°C","100.000","%a.s.","22.257","deg","22.682","°C","985.000","hPa","0.861","-0.02056","0.00035","-0.00011","0","14.7","Humid","28.35","0","65.20","249483.54","SABD0002000014","AAV2.0.0.13","4.0.0.2353","PSt7-10","000000-000","8/7/2024 3:37:09 PM","0000-00","0","no battery","V","215852","µV","96196","µV"
"08/11/2024","11:43:26","2","default","203499907","Sensor2","27.608","min","235.860","μmol/L","Humid","22.581","deg","93758","µV","18.583","°C","985.000","hPa","35.0","pmil","0","51.462","deg","22.621","°C","100.000","%a.s.","22.257","deg","22.682","°C","985.000","hPa","0.861","-0.02056","0.00035","-0.00011","0","14.7","Humid","28.35","0","65.20","249473.89","SABD0002000014","AAV2.0.0.13","4.0.0.2353","PSt7-10","000000-000","8/7/2024 3:37:09 PM","0000-00","0","no battery","V","215852","µV","96196","µV"
"08/11/2024","11:43:27","2","default","203499907","Sensor2","27.625","min","235.775","μmol/L","Humid","22.585","deg","93765","µV","18.583","°C","985.000","hPa","35.0","pmil","0","51.462","deg","22.621","°C","100.000","%a.s.","22.257","deg","22.682","°C","985.000","hPa","0.861","-0.02056","0.00035","-0.00011","0","14.7","Humid","28.35","0","65.20","249474.36","SABD0002000014","AAV2.0.0.13","4.0.0.2353","PSt7-10","000000-000","8/7/2024 3:37:09 PM","0000-00","0","no battery","V","215852","µV","96196","µV"
"08/11/2024","11:43:28","2","default","203499907","Sensor2","27.641","min","235.927","μmol/L","Humid","22.580","deg","93763","µV","18.577","°C","985.000","hPa","35.0","pmil","0","51.462","deg","22.621","°C","100.000","%a.s.","22.257","deg","22.682","°C","985.000","hPa","0.861","-0.02056","0.00035","-0.00011","0","14.7","Humid","28.35","0","65.20","249473.00","SABD0002000014","AAV2.0.0.13","4.0.0.2353","PSt7-10","000000-000","8/7/2024 3:37:09 PM","0000-00","0","no battery","V","215852","µV","96196","µV"
"08/11/2024","11:43:29","2","default","203499907","Sensor2","27.658","min","235.813","μmol/L","Humid","22.581","deg","93767","µV","18.589","°C","985.000","hPa","35.0","pmil","0","51.462","deg","22.621","°C","100.000","%a.s.","22.257","deg","22.682","°C","985.000","hPa","0.861","-0.02056","0.00035","-0.00011","0","14.7","Humid","28.35","0","65.20","249474.46","SABD0002000014","AAV2.0.0.13","4.0.0.2353","PSt7-10","000000-000","8/7/2024 3:37:09 PM","0000-00","0","no battery","V","215852","µV","96196","µV"
"08/11/2024","11:43:30","2","default","203499907","Sensor2","27.675","min","235.661","μmol/L","Humid","22.586","deg","93773","µV","18.595","°C","985.000","hPa","35.0","pmil","0","51.462","deg","22.621","°C","100.000","%a.s.","22.257","deg","22.682","°C","985.000","hPa","0.861","-0.02056","0.00035","-0.00011","0","14.7","Humid","28.35","0","65.20","249475.12","SABD0002000014","AAV2.0.0.13","4.0.0.2353","PSt7-10","000000-000","8/7/2024 3:37:09 PM","0000-00","0","no battery","V","215852","µV","96196","µV"
"08/11/2024","11:43:31","2","default","203499907","Sensor2","27.691","min","235.813","μmol/L","Humid","22.581","deg","93774","µV","18.589","°C","985.000","hPa","35.0","pmil","0","51.462","deg","22.621","°C","100.000","%a.s.","22.257","deg","22.682","°C","985.000","hPa","0.861","-0.02056","0.00035","-0.00011","0","14.7","Humid","28.35","0","65.20","249464.39","SABD0002000014","AAV2.0.0.13","4.0.0.2353","PSt7-10","000000-000","8/7/2024 3:37:09 PM","0000-00","0","no battery","V","215852","µV","96196","µV"
"08/11/2024","11:43:32","2","default","203499907","Sensor2","27.708","min","235.644","μmol/L","Humid","22.589","deg","93770","µV","18.589","°C","985.000","hPa","35.0","pmil","0","51.462","deg","22.621","°C","100.000","%a.s.","22.257","deg","22.682","°C","985.000","hPa","0.861","-0.02056","0.00035","-0.00011","0","14.7","Humid","28.35","0","65.20","249466.65","SABD0002000014","AAV2.0.0.13","4.0.0.2353","PSt7-10","000000-000","8/7/2024 3:37:09 PM","0000-00","0","no battery","V","215852","µV","96196","µV"
"08/11/2024","11:43:33","2","default","203499907","Sensor2","27.725","min","235.792","μmol/L","Humid","22.582","deg","93775","µV","18.589","°C","985.000","hPa","35.0","pmil","0","51.462","deg","22.621","°C","100.000","%a.s.","22.257","deg","22.682","°C","985.000","hPa","0.861","-0.02056","0.00035","-0.00011","0","14.7","Humid","28.35","0","65.20","249481.11","SABD0002000014","AAV2.0.0.13","4.0.0.2353","PSt7-10","000000-000","8/7/2024 3:37:09 PM","0000-00","0","no battery","V","215852","µV","96196","µV"
"08/11/2024","11:43:34","2","default","203499907","Sensor2","27.742","min","235.792","μmol/L","Humid","22.582","deg","93784","µV","18.589","°C","985.000","hPa","35.0","pmil","0","51.462","deg","22.621","°C","100.000","%a.s.","22.257","deg","22.682","°C","985.000","hPa","0.861","-0.02056","0.00035","-0.00011","0","14.7","Humid","28.35","0","65.20","249473.22","SABD0002000014","AAV2.0.0.13","4.0.0.2353","PSt7-10","000000-000","8/7/2024 3:37:09 PM","0000-00","0","no battery","V","215852","µV","96196","µV"
"08/11/2024","11:43:35","2","default","203499907","Sensor2","27.758","min","235.669","μmol/L","Humid","22.590","deg","93782","µV","18.583","°C","985.000","hPa","35.0","pmil","0","51.462","deg","22.621","°C","100.000","%a.s.","22.257","deg","22.682","°C","985.000","hPa","0.861","-0.02056","0.00035","-0.00011","0","14.7","Humid","28.35","0","65.20","249481.90","SABD0002000014","AAV2.0.0.13","4.0.0.2353","PSt7-10","000000-000","8/7/2024 3:37:09 PM","0000-00","0","no battery","V","215852","µV","96196","µV"
"08/11/2024","11:43:36","2","default","203499907","Sensor2","27.775","min","235.644","μmol/L","Humid","22.589","deg","93785","µV","18.589","°C","985.000","hPa","35.0","pmil","0","51.462","deg","22.621","°C","100.000","%a.s.","22.257","deg","22.682","°C","985.000","hPa","0.861","-0.02056","0.00035","-0.00011","0","14.7","Humid","28.35","0","65.20","249468.28","SABD0002000014","AAV2.0.0.13","4.0.0.2353","PSt7-10","000000-000","8/7/2024 3:37:09 PM","0000-00","0","no battery","V","215852","µV","96196","µV"
"08/11/2024","11:43:37","2","default","203499907","Sensor2","27.792","min","235.686","μmol/L","Humid","22.587","deg","93789","µV","18.589","°C","985.000","hPa","35.0","pmil","0","51.462","deg","22.621","°C","100.000","%a.s.","22.257","deg","22.682","°C","985.000","hPa","0.861","-0.02056","0.00035","-0.00011","0","14.7","Humid","28.35","0","65.20","249482.98","SABD0002000014","AAV2.0.0.13","4.0.0.2353","PSt7-10","000000-000","8/7/2024 3:37:09 PM","0000-00","0","no battery","V","215852","µV","96196","µV"
"08/11/2024","11:43:38","2","default","203499907","Sensor2","27.808","min","235.750","μmol/L","Humid","22.584","deg","93785","µV","18.589","°C","985.000","hPa","35.0","pmil","0","51.462","deg","22.621","°C","100.000","%a.s.","22.257","deg","22.682","°C","985.000","hPa","0.861","-0.02056","0.00035","-0.00011","0","14.7","Humid","28.35","0","65.20","249477.98","SABD0002000014","AAV2.0.0.13","4.0.0.2353","PSt7-10","000000-000","8/7/2024 3:37:09 PM","0000-00","0","no battery","V","215852","µV","96196","µV"
"08/11/2024","11:43:39","2","default","203499907","Sensor2","27.824","min","235.534","μmol/L","Humid","22.592","deg","93782","µV","18.595","°C","985.000","hPa","35.0","pmil","0","51.462","deg","22.621","°C","100.000","%a.s.","22.257","deg","22.682","°C","985.000","hPa","0.861","-0.02056","0.00035","-0.00011","0","14.7","Humid","28.35","0","65.20","249471.13","SABD0002000014","AAV2.0.0.13","4.0.0.2353","PSt7-10","000000-000","8/7/2024 3:37:09 PM","0000-00","0","no battery","V","215852","µV","96196","µV"
"08/11/2024","11:43:40","2","default","203499907","Sensor2","27.841","min","235.754","μmol/L","Humid","22.586","deg","93783","µV","18.583","°C","985.000","hPa","35.0","pmil","0","51.462","deg","22.621","°C","100.000","%a.s.","22.257","deg","22.682","°C","985.000","hPa","0.861","-0.02056","0.00035","-0.00011","0","14.7","Humid","28.35","0","65.20","249471.83","SABD0002000014","AAV2.0.0.13","4.0.0.2353","PSt7-10","000000-000","8/7/2024 3:37:09 PM","0000-00","0","no battery","V","215852","µV","96196","µV"
"08/11/2024","11:43:41","2","default","203499907","Sensor2","27.858","min","235.690","μmol/L","Humid","22.589","deg","93785","µV","18.583","°C","985.000","hPa","35.0","pmil","0","51.462","deg","22.621","°C","100.000","%a.s.","22.257","deg","22.682","°C","985.000","hPa","0.861","-0.02056","0.00035","-0.00011","0","14.7","Humid","28.35","0","65.20","249459.13","SABD0002000014","AAV2.0.0.13","4.0.0.2353","PSt7-10","000000-000","8/7/2024 3:37:09 PM","0000-00","0","no battery","V","215852","µV","96196","µV"
"08/11/2024","11:43:42","2","default","203499907","Sensor2","27.875","min","235.644","μmol/L","Humid","22.589","deg","93790","µV","18.589","°C","985.000","hPa","35.0","pmil","0","51.462","deg","22.621","°C","100.000","%a.s.","22.257","deg","22.682","°C","985.000","hPa","0.861","-0.02056","0.00035","-0.00011","0","14.7","Humid","28.35","0","65.20","249480.65","SABD0002000014","AAV2.0.0.13","4.0.0.2353","PSt7-10","000000-000","8/7/2024 3:37:09 PM","0000-00","0","no battery","V","215852","µV","96196","µV"
"08/11/2024","11:43:43","2","default","203499907","Sensor2","27.891","min","235.665","μmol/L","Humid","22.588","deg","93790","µV","18.589","°C","985.000","hPa","35.0","pmil","0","51.462","deg","22.621","°C","100.000","%a.s.","22.257","deg","22.682","°C","985.000","hPa","0.861","-0.02056","0.00035","-0.00011","0","14.7","Humid","28.35","0","65.20","249470.64","SABD0002000014","AAV2.0.0.13","4.0.0.2353","PSt7-10","000000-000","8/7/2024 3:37:09 PM","0000-00","0","no battery","V","215852","µV","96196","µV"
"08/11/2024","11:43:44","2","default","203499907","Sensor2","27.908","min","235.563","μmol/L","Humid","22.595","deg","93790","µV","18.583","°C","985.000","hPa","35.0","pmil","0","51.462","deg","22.621","°C","100.000","%a.s.","22.257","deg","22.682","°C","985.000","hPa","0.861","-0.02056","0.00035","-0.00011","0","14.7","Humid","28.35","0","65.20","249474.73","SABD0002000014","AAV2.0.0.13","4.0.0.2353","PSt7-10","000000-000","8/7/2024 3:37:09 PM","0000-00","0","no battery","V","215852","µV","96196","µV"
"08/11/2024","11:43:45","2","default","203499907","Sensor2","27.925","min","235.733","μmol/L","Humid","22.587","deg","93790","µV","18.583","°C","985.000","hPa","35.0","pmil","0","51.462","deg","22.621","°C","100.000","%a.s.","22.257","deg","22.682","°C","985.000","hPa","0.861","-0.02056","0.00035","-0.00011","0","14.7","Humid","28.35","0","65.20","249464.63","SABD0002000014","AAV2.0.0.13","4.0.0.2353","PSt7-10","000000-000","8/7/2024 3:37:09 PM","0000-00","0","no battery","V","215852","µV","96196","µV"
"08/11/2024","11:43:46","2","default","203499907","Sensor2","27.942","min","235.627","μmol/L","Humid","22.592","deg","93794","µV","18.583","°C","985.000","hPa","35.0","pmil","0","51.462","deg","22.621","°C","100.000","%a.s.","22.257","deg","22.682","°C","985.000","hPa","0.861","-0.02056","0.00035","-0.00011","0","14.7","Humid","28.35","0","65.20","249470.47","SABD0002000014","AAV2.0.0.13","4.0.0.2353","PSt7-10","000000-000","8/7/2024 3:37:09 PM","0000-00","0","no battery","V","215852","µV","96196","µV"
"08/11/2024","11:43:47","2","default","203499907","Sensor2","27.958","min","235.534","μmol/L","Humid","22.592","deg","93795","µV","18.595","°C","985.000","hPa","35.0","pmil","0","51.462","deg","22.621","°C","100.000","%a.s.","22.257","deg","22.682","°C","985.000","hPa","0.861","-0.02056","0.00035","-0.00011","0","14.7","Humid","28.35","0","65.20","249476.47","SABD0002000014","AAV2.0.0.13","4.0.0.2353","PSt7-10","000000-000","8/7/2024 3:37:09 PM","0000-00","0","no battery","V","215852","µV","96196","µV"
"08/11/2024","11:43:48","2","default","203499907","Sensor2","27.975","min","235.559","μmol/L","Humid","22.593","deg","93796","µV","18.589","°C","985.000","hPa","35.0","pmil","0","51.462","deg","22.621","°C","100.000","%a.s.","22.257","deg","22.682","°C","985.000","hPa","0.861","-0.02056","0.00035","-0.00011","0","14.7","Humid","28.35","0","65.20","249471.16","SABD0002000014","AAV2.0.0.13","4.0.0.2353","PSt7-10","000000-000","8/7/2024 3:37:09 PM","0000-00","0","no battery","V","215852","µV","96196","µV"
"08/11/2024","11:43:49","2","default","203499907","Sensor2","27.991","min","235.669","μmol/L","Humid","22.590","deg","93798","µV","18.583","°C","985.000","hPa","35.0","pmil","0","51.462","deg","22.621","°C","100.000","%a.s.","22.257","deg","22.682","°C","985.000","hPa","0.861","-0.02056","0.00035","-0.00011","0","14.7","Humid","28.35","0","65.20","249461.96","SABD0002000014","AAV2.0.0.13","4.0.0.2353","PSt7-10","000000-000","8/7/2024 3:37:09 PM","0000-00","0","no battery","V","215852","µV","96196","µV"
"08/11/2024","11:43:50","2","default","203499907","Sensor2","28.008","min","235.559","μmol/L","Humid","22.593","deg","93799","µV","18.589","°C","985.000","hPa","35.0","pmil","0","51.462","deg","22.621","°C","100.000","%a.s.","22.257","deg","22.682","°C","985.000","hPa","0.861","-0.02056","0.00035","-0.00011","0","14.7","Humid","28.35","0","65.20","249473.09","SABD0002000014","AAV2.0.0.13","4.0.0.2353","PSt7-10","000000-000","8/7/2024 3:37:09 PM","0000-00","0","no battery","V","215852","µV","96196","µV"
"08/11/2024","11:43:51","2","default","203499907","Sensor2","28.024","min","235.580","μmol/L","Humid","22.592","deg","93804","µV","18.589","°C","985.000","hPa","35.0","pmil","0","51.462","deg","22.621","°C","100.000","%a.s.","22.257","deg","22.682","°C","985.000","hPa","0.861","-0.02056","0.00035","-0.00011","0","14.7","Humid","28.35","0","65.20","249476.43","SABD0002000014","AAV2.0.0.13","4.0.0.2353","PSt7-10","000000-000","8/7/2024 3:37:09 PM","0000-00","0","no battery","V","215852","µV","96196","µV"
"08/11/2024","11:43:52","2","default","203499907","Sensor2","28.041","min","235.694","μmol/L","Humid","22.591","deg","93809","µV","18.577","°C","985.000","hPa","35.0","pmil","0","51.462","deg","22.621","°C","100.000","%a.s.","22.257","deg","22.682","°C","985.000","hPa","0.861","-0.02056","0.00035","-0.00011","0","14.7","Humid","28.35","0","65.20","249477.59","SABD0002000014","AAV2.0.0.13","4.0.0.2353","PSt7-10","000000-000","8/7/2024 3:37:09 PM","0000-00","0","no battery","V","215852","µV","96196","µV"
"08/11/2024","11:43:53","2","default","203499907","Sensor2","28.058","min","235.563","μmol/L","Humid","22.595","deg","93810","µV","18.583","°C","985.000","hPa","35.0","pmil","0","51.462","deg","22.621","°C","100.000","%a.s.","22.257","deg","22.682","°C","985.000","hPa","0.861","-0.02056","0.00035","-0.00011","0","14.7","Humid","28.35","0","65.20","249482.63","SABD0002000014","AAV2.0.0.13","4.0.0.2353","PSt7-10","000000-000","8/7/2024 3:37:09 PM","0000-00","0","no battery","V","215852","µV","96196","µV"
"08/11/2024","11:43:54","2","default","203499907","Sensor2","28.075","min","235.584","μmol/L","Humid","22.594","deg","93815","µV","18.583","°C","985.000","hPa","35.0","pmil","0","51.462","deg","22.621","°C","100.000","%a.s.","22.257","deg","22.682","°C","985.000","hPa","0.861","-0.02056","0.00035","-0.00011","0","14.7","Humid","28.35","0","65.20","249471.80","SABD0002000014","AAV2.0.0.13","4.0.0.2353","PSt7-10","000000-000","8/7/2024 3:37:09 PM","0000-00","0","no battery","V","215852","µV","96196","µV"
"08/11/2024","11:43:55","2","default","203499907","Sensor2","28.092","min","235.517","μmol/L","Humid","22.595","deg","93812","µV","18.589","°C","985.000","hPa","35.0","pmil","0","51.462","deg","22.621","°C","100.000","%a.s.","22.257","deg","22.682","°C","985.000","hPa","0.861","-0.02056","0.00035","-0.00011","0","14.7","Humid","28.35","0","65.20","249485.25","SABD0002000014","AAV2.0.0.13","4.0.0.2353","PSt7-10","000000-000","8/7/2024 3:37:09 PM","0000-00","0","no battery","V","215852","µV","96196","µV"
"08/11/2024","11:43:56","2","default","203499907","Sensor2","28.108","min","235.542","μmol/L","Humid","22.596","deg","93811","µV","18.583","°C","985.000","hPa","35.0","pmil","0","51.462","deg","22.621","°C","100.000","%a.s.","22.257","deg","22.682","°C","985.000","hPa","0.861","-0.02056","0.00035","-0.00011","0","14.7","Humid","28.35","0","65.20","249471.84","SABD0002000014","AAV2.0.0.13","4.0.0.2353","PSt7-10","000000-000","8/7/2024 3:37:09 PM","0000-00","0","no battery","V","215852","µV","96196","µV"
"08/11/2024","11:43:57","2","default","203499907","Sensor2","28.125","min","235.449","μmol/L","Humid","22.596","deg","93818","µV","18.595","°C","985.000","hPa","35.0","pmil","0","51.462","deg","22.621","°C","100.000","%a.s.","22.257","deg","22.682","°C","985.000","hPa","0.861","-0.02056","0.00035","-0.00011","0","14.7","Humid","28.35","0","65.20","249476.17","SABD0002000014","AAV2.0.0.13","4.0.0.2353","PSt7-10","000000-000","8/7/2024 3:37:09 PM","0000-00","0","no battery","V","215852","µV","96196","µV"
"08/11/2024","11:43:58","2","default","203499907","Sensor2","28.142","min","235.457","μmol/L","Humid","22.600","deg","93820","µV","18.583","°C","985.000","hPa","35.0","pmil","0","51.462","deg","22.621","°C","100.000","%a.s.","22.257","deg","22.682","°C","985.000","hPa","0.861","-0.02056","0.00035","-0.00011","0","14.7","Humid","28.35","0","65.20","249470.09","SABD0002000014","AAV2.0.0.13","4.0.0.2353","PSt7-10","000000-000","8/7/2024 3:37:09 PM","0000-00","0","no battery","V","215852","µV","96196","µV"
"08/11/2024","11:43:59","2","default","203499907","Sensor2","28.158","min","235.521","μmol/L","Humid","22.597","deg","93813","µV","18.583","°C","985.000","hPa","35.0","pmil","0","51.462","deg","22.621","°C","100.000","%a.s.","22.257","deg","22.682","°C","985.000","hPa","0.861","-0.02056","0.00035","-0.00011","0","14.7","Humid","28.35","0","65.20","249471.10","SABD0002000014","AAV2.0.0.13","4.0.0.2353","PSt7-10","000000-000","8/7/2024 3:37:09 PM","0000-00","0","no battery","V","215852","µV","96196","µV"
"08/11/2024","11:44:00","2","default","203499907","Sensor2","28.174","min","235.525","μmol/L","Humid","22.599","deg","93816","µV","18.577","°C","985.000","hPa","35.0","pmil","0","51.462","deg","22.621","°C","100.000","%a.s.","22.257","deg","22.682","°C","985.000","hPa","0.861","-0.02056","0.00035","-0.00011","0","14.7","Humid","28.35","0","65.20","249457.80","SABD0002000014","AAV2.0.0.13","4.0.0.2353","PSt7-10","000000-000","8/7/2024 3:37:09 PM","0000-00","0","no battery","V","215852","µV","96196","µV"
"08/11/2024","11:44:01","2","default","203499907","Sensor2","28.191","min","235.567","μmol/L","Humid","22.597","deg","93815","µV","18.577","°C","985.000","hPa","35.0","pmil","0","51.462","deg","22.621","°C","100.000","%a.s.","22.257","deg","22.682","°C","985.000","hPa","0.861","-0.02056","0.00035","-0.00011","0","14.7","Humid","28.35","0","65.20","249464.77","SABD0002000014","AAV2.0.0.13","4.0.0.2353","PSt7-10","000000-000","8/7/2024 3:37:09 PM","0000-00","0","no battery","V","215852","µV","96196","µV"
"08/11/2024","11:44:02","2","default","203499907","Sensor2","28.208","min","235.347","μmol/L","Humid","22.603","deg","93814","µV","18.589","°C","985.000","hPa","35.0","pmil","0","51.462","deg","22.621","°C","100.000","%a.s.","22.257","deg","22.682","°C","985.000","hPa","0.861","-0.02056","0.00035","-0.00011","0","14.7","Humid","28.35","0","65.20","249455.97","SABD0002000014","AAV2.0.0.13","4.0.0.2353","PSt7-10","000000-000","8/7/2024 3:37:09 PM","0000-00","0","no battery","V","215852","µV","96196","µV"
"08/11/2024","11:44:03","2","default","203499907","Sensor2","28.225","min","235.563","μmol/L","Humid","22.595","deg","93815","µV","18.583","°C","985.000","hPa","35.0","pmil","0","51.462","deg","22.621","°C","100.000","%a.s.","22.257","deg","22.682","°C","985.000","hPa","0.861","-0.02056","0.00035","-0.00011","0","14.7","Humid","28.35","0","65.20","249468.18","SABD0002000014","AAV2.0.0.13","4.0.0.2353","PSt7-10","000000-000","8/7/2024 3:37:09 PM","0000-00","0","no battery","V","215852","µV","96196","µV"
"08/11/2024","11:44:04","2","default","203499907","Sensor2","28.241","min","235.478","μmol/L","Humid","22.599","deg","93823","µV","18.583","°C","985.000","hPa","35.0","pmil","0","51.462","deg","22.621","°C","100.000","%a.s.","22.257","deg","22.682","°C","985.000","hPa","0.861","-0.02056","0.00035","-0.00011","0","14.7","Humid","28.35","0","65.20","249451.74","SABD0002000014","AAV2.0.0.13","4.0.0.2353","PSt7-10","000000-000","8/7/2024 3:37:09 PM","0000-00","0","no battery","V","215852","µV","96196","µV"
"08/11/2024","11:44:05","2","default","203499907","Sensor2","28.258","min","235.500","μmol/L","Humid","22.598","deg","93832","µV","18.583","°C","985.000","hPa","35.0","pmil","0","51.462","deg","22.621","°C","100.000","%a.s.","22.257","deg","22.682","°C","985.000","hPa","0.861","-0.02056","0.00035","-0.00011","0","14.7","Humid","28.35","0","65.20","249466.21","SABD0002000014","AAV2.0.0.13","4.0.0.2353","PSt7-10","000000-000","8/7/2024 3:37:09 PM","0000-00","0","no battery","V","215852","µV","96196","µV"
"08/11/2024","11:44:06","2","default","203499907","Sensor2","28.275","min","235.436","μmol/L","Humid","22.601","deg","93825","µV","18.583","°C","985.000","hPa","35.0","pmil","0","51.462","deg","22.621","°C","100.000","%a.s.","22.257","deg","22.682","°C","985.000","hPa","0.861","-0.02056","0.00035","-0.00011","0","14.7","Humid","28.35","0","65.20","249450.57","SABD0002000014","AAV2.0.0.13","4.0.0.2353","PSt7-10","000000-000","8/7/2024 3:37:09 PM","0000-00","0","no battery","V","215852","µV","96196","µV"
"08/11/2024","11:44:07","2","default","203499907","Sensor2","28.292","min","235.478","μmol/L","Humid","22.599","deg","93828","µV","18.583","°C","985.000","hPa","35.0","pmil","0","51.462","deg","22.621","°C","100.000","%a.s.","22.257","deg","22.682","°C","985.000","hPa","0.861","-0.02056","0.00035","-0.00011","0","14.7","Humid","28.35","0","65.20","249463.09","SABD0002000014","AAV2.0.0.13","4.0.0.2353","PSt7-10","000000-000","8/7/2024 3:37:09 PM","0000-00","0","no battery","V","215852","µV","96196","µV"
"08/11/2024","11:44:08","2","default","203499907","Sensor2","28.308","min","235.394","μmol/L","Humid","22.603","deg","93830","µV","18.583","°C","985.000","hPa","35.0","pmil","0","51.462","deg","22.621","°C","100.000","%a.s.","22.257","deg","22.682","°C","985.000","hPa","0.861","-0.02056","0.00035","-0.00011","0","14.7","Humid","28.35","0","65.20","249457.21","SABD0002000014","AAV2.0.0.13","4.0.0.2353","PSt7-10","000000-000","8/7/2024 3:37:09 PM","0000-00","0","no battery","V","215852","µV","96196","µV"
"08/11/2024","11:44:09","2","default","203499907","Sensor2","28.325","min","235.504","μmol/L","Humid","22.600","deg","93837","µV","18.577","°C","985.000","hPa","35.0","pmil","0","51.462","deg","22.621","°C","100.000","%a.s.","22.257","deg","22.682","°C","985.000","hPa","0.861","-0.02056","0.00035","-0.00011","0","14.7","Humid","28.35","0","65.20","249455.33","SABD0002000014","AAV2.0.0.13","4.0.0.2353","PSt7-10","000000-000","8/7/2024 3:37:09 PM","0000-00","0","no battery","V","215852","µV","96196","µV"
"08/11/2024","11:44:10","2","default","203499907","Sensor2","28.341","min","235.563","μmol/L","Humid","22.595","deg","93831","µV","18.583","°C","985.000","hPa","35.0","pmil","0","51.462","deg","22.621","°C","100.000","%a.s.","22.257","deg","22.682","°C","985.000","hPa","0.861","-0.02056","0.00035","-0.00011","0","14.7","Humid","28.35","0","65.20","249450.67","SABD0002000014","AAV2.0.0.13","4.0.0.2353","PSt7-10","000000-000","8/7/2024 3:37:09 PM","0000-00","0","no battery","V","215852","µV","96196","µV"
"08/11/2024","11:44:11","2","default","203499907","Sensor2","28.358","min","235.411","μmol/L","Humid","22.600","deg","93832","µV","18.589","°C","985.000","hPa","35.0","pmil","0","51.462","deg","22.621","°C","100.000","%a.s.","22.257","deg","22.682","°C","985.000","hPa","0.861","-0.02056","0.00035","-0.00011","0","14.7","Humid","28.35","0","65.20","249454.44","SABD0002000014","AAV2.0.0.13","4.0.0.2353","PSt7-10","000000-000","8/7/2024 3:37:09 PM","0000-00","0","no battery","V","215852","µV","96196","µV"
"08/11/2024","11:44:12","2","default","203499907","Sensor2","28.375","min","235.390","μmol/L","Humid","22.601","deg","93834","µV","18.589","°C","985.000","hPa","35.0","pmil","0","51.462","deg","22.621","°C","100.000","%a.s.","22.257","deg","22.682","°C","985.000","hPa","0.861","-0.02056","0.00035","-0.00011","0","14.7","Humid","28.35","0","65.20","249449.00","SABD0002000014","AAV2.0.0.13","4.0.0.2353","PSt7-10","000000-000","8/7/2024 3:37:09 PM","0000-00","0","no battery","V","215852","µV","96196","µV"
"08/11/2024","11:44:13","2","default","203499907","Sensor2","28.391","min","235.373","μmol/L","Humid","22.604","deg","93839","µV","18.583","°C","985.000","hPa","35.0","pmil","0","51.462","deg","22.621","°C","100.000","%a.s.","22.257","deg","22.682","°C","985.000","hPa","0.861","-0.02056","0.00035","-0.00011","0","14.7","Humid","28.35","0","65.20","249453.80","SABD0002000014","AAV2.0.0.13","4.0.0.2353","PSt7-10","000000-000","8/7/2024 3:37:09 PM","0000-00","0","no battery","V","215852","µV","96196","µV"
"08/11/2024","11:44:14","2","default","203499907","Sensor2","28.408","min","235.504","μmol/L","Humid","22.600","deg","93835","µV","18.577","°C","985.000","hPa","35.0","pmil","0","51.462","deg","22.621","°C","100.000","%a.s.","22.257","deg","22.682","°C","985.000","hPa","0.861","-0.02056","0.00035","-0.00011","0","14.7","Humid","28.35","0","65.20","249450.44","SABD0002000014","AAV2.0.0.13","4.0.0.2353","PSt7-10","000000-000","8/7/2024 3:37:09 PM","0000-00","0","no battery","V","215852","µV","96196","µV"
"08/11/2024","11:44:15","2","default","203499907","Sensor2","28.425","min","235.330","μmol/L","Humid","22.606","deg","93841","µV","18.583","°C","985.000","hPa","35.0","pmil","0","51.462","deg","22.621","°C","100.000","%a.s.","22.257","deg","22.682","°C","985.000","hPa","0.861","-0.02056","0.00035","-0.00011","0","14.7","Humid","28.35","0","65.20","249457.01","SABD0002000014","AAV2.0.0.13","4.0.0.2353","PSt7-10","000000-000","8/7/2024 3:37:09 PM","0000-00","0","no battery","V","215852","µV","96196","µV"
"08/11/2024","11:44:16","2","default","203499907","Sensor2","28.442","min","235.352","μmol/L","Humid","22.605","deg","93846","µV","18.583","°C","985.000","hPa","35.0","pmil","0","51.462","deg","22.621","°C","100.000","%a.s.","22.257","deg","22.682","°C","985.000","hPa","0.861","-0.02056","0.00035","-0.00011","0","14.7","Humid","28.35","0","65.20","249457.20","SABD0002000014","AAV2.0.0.13","4.0.0.2353","PSt7-10","000000-000","8/7/2024 3:37:09 PM","0000-00","0","no battery","V","215852","µV","96196","µV"
"08/11/2024","11:44:17","2","default","203499907","Sensor2","28.458","min","235.394","μmol/L","Humid","22.603","deg","93837","µV","18.583","°C","985.000","hPa","35.0","pmil","0","51.462","deg","22.621","°C","100.000","%a.s.","22.257","deg","22.682","°C","985.000","hPa","0.861","-0.02056","0.00035","-0.00011","0","14.7","Humid","28.35","0","65.20","249452.87","SABD0002000014","AAV2.0.0.13","4.0.0.2353","PSt7-10","000000-000","8/7/2024 3:37:09 PM","0000-00","0","no battery","V","215852","µV","96196","µV"
"08/11/2024","11:44:18","2","default","203499907","Sensor2","28.475","min","235.373","μmol/L","Humid","22.604","deg","93838","µV","18.583","°C","985.000","hPa","35.0","pmil","0","51.462","deg","22.621","°C","100.000","%a.s.","22.257","deg","22.682","°C","985.000","hPa","0.861","-0.02056","0.00035","-0.00011","0","14.7","Humid","28.35","0","65.20","249448.69","SABD0002000014","AAV2.0.0.13","4.0.0.2353","PSt7-10","000000-000","8/7/2024 3:37:09 PM","0000-00","0","no battery","V","215852","µV","96196","µV"
"08/11/2024","11:44:19","2","default","203499907","Sensor2","28.491","min","235.284","μmol/L","Humid","22.606","deg","93844","µV","18.589","°C","985.000","hPa","35.0","pmil","0","51.462","deg","22.621","°C","100.000","%a.s.","22.257","deg","22.682","°C","985.000","hPa","0.861","-0.02056","0.00035","-0.00011","0","14.7","Humid","28.35","0","65.20","249453.66","SABD0002000014","AAV2.0.0.13","4.0.0.2353","PSt7-10","000000-000","8/7/2024 3:37:09 PM","0000-00","0","no battery","V","215852","µV","96196","µV"
"08/11/2024","11:44:20","2","default","203499907","Sensor2","28.508","min","235.373","μmol/L","Humid","22.604","deg","93844","µV","18.583","°C","985.000","hPa","35.0","pmil","0","51.462","deg","22.621","°C","100.000","%a.s.","22.257","deg","22.682","°C","985.000","hPa","0.861","-0.02056","0.00035","-0.00011","0","14.7","Humid","28.35","0","65.20","249453.00","SABD0002000014","AAV2.0.0.13","4.0.0.2353","PSt7-10","000000-000","8/7/2024 3:37:09 PM","0000-00","0","no battery","V","215852","µV","96196","µV"
"08/11/2024","11:44:21","2","default","203499907","Sensor2","28.524","min","235.267","μmol/L","Humid","22.609","deg","93841","µV","18.583","°C","985.000","hPa","35.0","pmil","0","51.462","deg","22.621","°C","100.000","%a.s.","22.257","deg","22.682","°C","985.000","hPa","0.861","-0.02056","0.00035","-0.00011","0","14.7","Humid","28.35","0","65.20","249444.77","SABD0002000014","AAV2.0.0.13","4.0.0.2353","PSt7-10","000000-000","8/7/2024 3:37:09 PM","0000-00","0","no battery","V","215852","µV","96196","µV"
"08/11/2024","11:44:22","2","default","203499907","Sensor2","28.541","min","235.394","μmol/L","Humid","22.603","deg","93840","µV","18.583","°C","985.000","hPa","35.0","pmil","0","51.462","deg","22.621","°C","100.000","%a.s.","22.257","deg","22.682","°C","985.000","hPa","0.861","-0.02056","0.00035","-0.00011","0","14.7","Humid","28.35","0","65.20","249455.64","SABD0002000014","AAV2.0.0.13","4.0.0.2353","PSt7-10","000000-000","8/7/2024 3:37:09 PM","0000-00","0","no battery","V","215852","µV","96196","µV"
"08/11/2024","11:44:23","2","default","203499907","Sensor2","28.558","min","235.288","μmol/L","Humid","22.608","deg","93850","µV","18.583","°C","985.000","hPa","35.0","pmil","0","51.462","deg","22.621","°C","100.000","%a.s.","22.257","deg","22.682","°C","985.000","hPa","0.861","-0.02056","0.00035","-0.00011","0","14.7","Humid","28.35","0","65.20","249455.79","SABD0002000014","AAV2.0.0.13","4.0.0.2353","PSt7-10","000000-000","8/7/2024 3:37:09 PM","0000-00","0","no battery","V","215852","µV","96196","µV"
"08/11/2024","11:44:24","2","default","203499907","Sensor2","28.575","min","235.284","μmol/L","Humid","22.606","deg","93849","µV","18.589","°C","985.000","hPa","35.0","pmil","0","51.462","deg","22.621","°C","100.000","%a.s.","22.257","deg","22.682","°C","985.000","hPa","0.861","-0.02056","0.00035","-0.00011","0","14.7","Humid","28.35","0","65.20","249446.98","SABD0002000014","AAV2.0.0.13","4.0.0.2353","PSt7-10","000000-000","8/7/2024 3:37:09 PM","0000-00","0","no battery","V","215852","µV","96196","µV"
"08/11/2024","11:44:25","2","default","203499907","Sensor2","28.591","min","235.419","μmol/L","Humid","22.604","deg","93852","µV","18.577","°C","985.000","hPa","35.0","pmil","0","51.462","deg","22.621","°C","100.000","%a.s.","22.257","deg","22.682","°C","985.000","hPa","0.861","-0.02056","0.00035","-0.00011","0","14.7","Humid","28.35","0","65.20","249455.68","SABD0002000014","AAV2.0.0.13","4.0.0.2353","PSt7-10","000000-000","8/7/2024 3:37:09 PM","0000-00","0","no battery","V","215852","µV","96196","µV"
"08/11/2024","11:44:26","2","default","203499907","Sensor2","28.608","min","235.461","μmol/L","Humid","22.602","deg","93849","µV","18.577","°C","985.000","hPa","35.0","pmil","0","51.462","deg","22.621","°C","100.000","%a.s.","22.257","deg","22.682","°C","985.000","hPa","0.861","-0.02056","0.00035","-0.00011","0","14.7","Humid","28.35","0","65.20","249451.76","SABD0002000014","AAV2.0.0.13","4.0.0.2353","PSt7-10","000000-000","8/7/2024 3:37:09 PM","0000-00","0","no battery","V","215852","µV","96196","µV"
"08/11/2024","11:44:27","2","default","203499907","Sensor2","28.625","min","235.182","μmol/L","Humid","22.613","deg","93853","µV","18.583","°C","985.000","hPa","35.0","pmil","0","51.462","deg","22.621","°C","100.000","%a.s.","22.257","deg","22.682","°C","985.000","hPa","0.861","-0.02056","0.00035","-0.00011","0","14.7","Humid","28.35","0","65.20","249449.12","SABD0002000014","AAV2.0.0.13","4.0.0.2353","PSt7-10","000000-000","8/7/2024 3:37:09 PM","0000-00","0","no battery","V","215852","µV","96196","µV"
"08/11/2024","11:44:28","2","default","203499907","Sensor2","28.642","min","235.356","μmol/L","Humid","22.607","deg","93849","µV","18.577","°C","985.000","hPa","35.0","pmil","0","51.462","deg","22.621","°C","100.000","%a.s.","22.257","deg","22.682","°C","985.000","hPa","0.861","-0.02056","0.00035","-0.00011","0","14.7","Humid","28.35","0","65.20","249450.02","SABD0002000014","AAV2.0.0.13","4.0.0.2353","PSt7-10","000000-000","8/7/2024 3:37:09 PM","0000-00","0","no battery","V","215852","µV","96196","µV"
"08/11/2024","11:44:29","2","default","203499907","Sensor2","28.658","min","235.267","μmol/L","Humid","22.609","deg","93849","µV","18.583","°C","985.000","hPa","35.0","pmil","0","51.462","deg","22.621","°C","100.000","%a.s.","22.257","deg","22.682","°C","985.000","hPa","0.861","-0.02056","0.00035","-0.00011","0","14.7","Humid","28.35","0","65.20","249452.57","SABD0002000014","AAV2.0.0.13","4.0.0.2353","PSt7-10","000000-000","8/7/2024 3:37:09 PM","0000-00","0","no battery","V","215852","µV","96196","µV"
"08/11/2024","11:44:30","2","default","203499907","Sensor2","28.675","min","235.221","μmol/L","Humid","22.609","deg","93854","µV","18.589","°C","985.000","hPa","35.0","pmil","0","51.462","deg","22.621","°C","100.000","%a.s.","22.257","deg","22.682","°C","985.000","hPa","0.861","-0.02056","0.00035","-0.00011","0","14.7","Humid","28.35","0","65.20","249442.37","SABD0002000014","AAV2.0.0.13","4.0.0.2353","PSt7-10","000000-000","8/7/2024 3:37:09 PM","0000-00","0","no battery","V","215852","µV","96196","µV"
"08/11/2024","11:44:31","2","default","203499907","Sensor2","28.691","min","235.246","μmol/L","Humid","22.610","deg","93854","µV","18.583","°C","985.000","hPa","35.0","pmil","0","51.462","deg","22.621","°C","100.000","%a.s.","22.257","deg","22.682","°C","985.000","hPa","0.861","-0.02056","0.00035","-0.00011","0","14.7","Humid","28.35","0","65.20","249448.81","SABD0002000014","AAV2.0.0.13","4.0.0.2353","PSt7-10","000000-000","8/7/2024 3:37:09 PM","0000-00","0","no battery","V","215852","µV","96196","µV"
"08/11/2024","11:44:32","2","default","203499907","Sensor2","28.708","min","235.271","μmol/L","Humid","22.611","deg","93852","µV","18.577","°C","985.000","hPa","35.0","pmil","0","51.462","deg","22.621","°C","100.000","%a.s.","22.257","deg","22.682","°C","985.000","hPa","0.861","-0.02056","0.00035","-0.00011","0","14.7","Humid","28.35","0","65.20","249451.61","SABD0002000014","AAV2.0.0.13","4.0.0.2353","PSt7-10","000000-000","8/7/2024 3:37:09 PM","0000-00","0","no battery","V","215852","µV","96196","µV"
"08/11/2024","11:44:33","2","default","203499907","Sensor2","28.724","min","235.288","μmol/L","Humid","22.608","deg","93856","µV","18.583","°C","985.000","hPa","35.0","pmil","0","51.462","deg","22.621","°C","100.000","%a.s.","22.257","deg","22.682","°C","985.000","hPa","0.861","-0.02056","0.00035","-0.00011","0","14.7","Humid","28.35","0","65.20","249447.37","SABD0002000014","AAV2.0.0.13","4.0.0.2353","PSt7-10","000000-000","8/7/2024 3:37:09 PM","0000-00","0","no battery","V","215852","µV","96196","µV"
"08/11/2024","11:44:34","2","default","203499907","Sensor2","28.741","min","235.208","μmol/L","Humid","22.614","deg","93855","µV","18.577","°C","985.000","hPa","35.0","pmil","0","51.462","deg","22.621","°C","100.000","%a.s.","22.257","deg","22.682","°C","985.000","hPa","0.861","-0.02056","0.00035","-0.00011","0","14.7","Humid","28.35","0","65.20","249447.36","SABD0002000014","AAV2.0.0.13","4.0.0.2353","PSt7-10","000000-000","8/7/2024 3:37:09 PM","0000-00","0","no battery","V","215852","µV","96196","µV"
"08/11/2024","11:44:35","2","default","203499907","Sensor2","28.758","min","235.292","μmol/L","Humid","22.610","deg","93864","µV","18.577","°C","985.000","hPa","35.0","pmil","0","51.462","deg","22.621","°C","100.000","%a.s.","22.257","deg","22.682","°C","985.000","hPa","0.861","-0.02056","0.00035","-0.00011","0","14.7","Humid","28.35","0","65.20","249455.41","SABD0002000014","AAV2.0.0.13","4.0.0.2353","PSt7-10","000000-000","8/7/2024 3:37:09 PM","0000-00","0","no battery","V","215852","µV","96196","µV"
"08/11/2024","11:44:36","2","default","203499907","Sensor2","28.775","min","235.229","μmol/L","Humid","22.613","deg","93863","µV","18.577","°C","985.000","hPa","35.0","pmil","0","51.462","deg","22.621","°C","100.000","%a.s.","22.257","deg","22.682","°C","985.000","hPa","0.861","-0.02056","0.00035","-0.00011","0","14.7","Humid","28.35","0","65.20","249448.05","SABD0002000014","AAV2.0.0.13","4.0.0.2353","PSt7-10","000000-000","8/7/2024 3:37:09 PM","0000-00","0","no battery","V","215852","µV","96196","µV"
"08/11/2024","11:44:37","2","default","203499907","Sensor2","28.791","min","235.225","μmol/L","Humid","22.611","deg","93860","µV","18.583","°C","985.000","hPa","35.0","pmil","0","51.462","deg","22.621","°C","100.000","%a.s.","22.257","deg","22.682","°C","985.000","hPa","0.861","-0.02056","0.00035","-0.00011","0","14.7","Humid","28.35","0","65.20","249449.29","SABD0002000014","AAV2.0.0.13","4.0.0.2353","PSt7-10","000000-000","8/7/2024 3:37:09 PM","0000-00","0","no battery","V","215852","µV","96196","µV"
"08/11/2024","11:44:38","2","default","203499907","Sensor2","28.808","min","235.229","μmol/L","Humid","22.613","deg","93874","µV","18.577","°C","985.000","hPa","35.0","pmil","0","51.462","deg","22.621","°C","100.000","%a.s.","22.257","deg","22.682","°C","985.000","hPa","0.861","-0.02056","0.00035","-0.00011","0","14.7","Humid","28.35","0","65.20","249462.46","SABD0002000014","AAV2.0.0.13","4.0.0.2353","PSt7-10","000000-000","8/7/2024 3:37:09 PM","0000-00","0","no battery","V","215852","µV","96196","µV"
"08/11/2024","11:44:39","2","default","203499907","Sensor2","28.825","min","235.271","μmol/L","Humid","22.611","deg","93876","µV","18.577","°C","985.000","hPa","35.0","pmil","0","51.462","deg","22.621","°C","100.000","%a.s.","22.257","deg","22.682","°C","985.000","hPa","0.861","-0.02056","0.00035","-0.00011","0","14.7","Humid","28.35","0","65.20","249446.19","SABD0002000014","AAV2.0.0.13","4.0.0.2353","PSt7-10","000000-000","8/7/2024 3:37:09 PM","0000-00","0","no battery","V","215852","µV","96196","µV"
"08/11/2024","11:44:40","2","default","203499907","Sensor2","28.842","min","235.229","μmol/L","Humid","22.613","deg","93868","µV","18.577","°C","985.000","hPa","35.0","pmil","0","51.462","deg","22.621","°C","100.000","%a.s.","22.257","deg","22.682","°C","985.000","hPa","0.861","-0.02056","0.00035","-0.00011","0","14.7","Humid","28.35","0","65.20","249438.19","SABD0002000014","AAV2.0.0.13","4.0.0.2353","PSt7-10","000000-000","8/7/2024 3:37:09 PM","0000-00","0","no battery","V","215852","µV","96196","µV"
"08/11/2024","11:44:41","2","default","203499907","Sensor2","28.858","min","235.161","μmol/L","Humid","22.614","deg","93869","µV","18.583","°C","985.000","hPa","35.0","pmil","0","51.462","deg","22.621","°C","100.000","%a.s.","22.257","deg","22.682","°C","985.000","hPa","0.861","-0.02056","0.00035","-0.00011","0","14.7","Humid","28.35","0","65.20","249456.36","SABD0002000014","AAV2.0.0.13","4.0.0.2353","PSt7-10","000000-000","8/7/2024 3:37:09 PM","0000-00","0","no battery","V","215852","µV","96196","µV"
"08/11/2024","11:44:42","2","default","203499907","Sensor2","28.874","min","235.182","μmol/L","Humid","22.613","deg","93873","µV","18.583","°C","985.000","hPa","35.0","pmil","0","51.462","deg","22.621","°C","100.000","%a.s.","22.257","deg","22.682","°C","985.000","hPa","0.861","-0.02056","0.00035","-0.00011","0","14.7","Humid","28.35","0","65.20","249439.98","SABD0002000014","AAV2.0.0.13","4.0.0.2353","PSt7-10","000000-000","8/7/2024 3:37:09 PM","0000-00","0","no battery","V","215852","µV","96196","µV"
"08/11/2024","11:44:43","2","default","203499907","Sensor2","28.891","min","235.187","μmol/L","Humid","22.615","deg","93879","µV","18.577","°C","985.000","hPa","35.0","pmil","0","51.462","deg","22.621","°C","100.000","%a.s.","22.257","deg","22.682","°C","985.000","hPa","0.861","-0.02056","0.00035","-0.00011","0","14.7","Humid","28.35","0","65.20","249446.03","SABD0002000014","AAV2.0.0.13","4.0.0.2353","PSt7-10","000000-000","8/7/2024 3:37:09 PM","0000-00","0","no battery","V","215852","µV","96196","µV"
"08/11/2024","11:44:44","2","default","203499907","Sensor2","28.908","min","235.098","μmol/L","Humid","22.617","deg","93880","µV","18.583","°C","985.000","hPa","35.0","pmil","0","51.462","deg","22.621","°C","100.000","%a.s.","22.257","deg","22.682","°C","985.000","hPa","0.861","-0.02056","0.00035","-0.00011","0","14.7","Humid","28.35","0","65.20","249438.06","SABD0002000014","AAV2.0.0.13","4.0.0.2353","PSt7-10","000000-000","8/7/2024 3:37:09 PM","0000-00","0","no battery","V","215852","µV","96196","µV"
"08/11/2024","11:44:45","2","default","203499907","Sensor2","28.925","min","235.161","μmol/L","Humid","22.614","deg","93879","µV","18.583","°C","985.000","hPa","35.0","pmil","0","51.462","deg","22.621","°C","100.000","%a.s.","22.257","deg","22.682","°C","985.000","hPa","0.861","-0.02056","0.00035","-0.00011","0","14.7","Humid","28.35","0","65.20","249453.72","SABD0002000014","AAV2.0.0.13","4.0.0.2353","PSt7-10","000000-000","8/7/2024 3:37:09 PM","0000-00","0","no battery","V","215852","µV","96196","µV"
"08/11/2024","11:44:46","2","default","203499907","Sensor2","28.941","min","235.187","μmol/L","Humid","22.615","deg","93878","µV","18.577","°C","985.000","hPa","35.0","pmil","0","51.462","deg","22.621","°C","100.000","%a.s.","22.257","deg","22.682","°C","985.000","hPa","0.861","-0.02056","0.00035","-0.00011","0","14.7","Humid","28.35","0","65.20","249447.90","SABD0002000014","AAV2.0.0.13","4.0.0.2353","PSt7-10","000000-000","8/7/2024 3:37:09 PM","0000-00","0","no battery","V","215852","µV","96196","µV"
"08/11/2024","11:44:47","2","default","203499907","Sensor2","28.958","min","235.254","μmol/L","Humid","22.614","deg","93878","µV","18.571","°C","985.000","hPa","35.0","pmil","0","51.462","deg","22.621","°C","100.000","%a.s.","22.257","deg","22.682","°C","985.000","hPa","0.861","-0.02056","0.00035","-0.00011","0","14.7","Humid","28.35","0","65.20","249444.82","SABD0002000014","AAV2.0.0.13","4.0.0.2353","PSt7-10","000000-000","8/7/2024 3:37:09 PM","0000-00","0","no battery","V","215852","µV","96196","µV"
"08/11/2024","11:44:48","2","default","203499907","Sensor2","28.975","min","235.165","μmol/L","Humid","22.616","deg","93878","µV","18.577","°C","985.000","hPa","35.0","pmil","0","51.462","deg","22.621","°C","100.000","%a.s.","22.257","deg","22.682","°C","985.000","hPa","0.861","-0.02056","0.00035","-0.00011","0","14.7","Humid","28.35","0","65.20","249447.90","SABD0002000014","AAV2.0.0.13","4.0.0.2353","PSt7-10","000000-000","8/7/2024 3:37:09 PM","0000-00","0","no battery","V","215852","µV","96196","µV"
"08/11/2024","11:44:49","2","default","203499907","Sensor2","28.991","min","235.077","μmol/L","Humid","22.618","deg","93883","µV","18.583","°C","985.000","hPa","35.0","pmil","0","51.462","deg","22.621","°C","100.000","%a.s.","22.257","deg","22.682","°C","985.000","hPa","0.861","-0.02056","0.00035","-0.00011","0","14.7","Humid","28.35","0","65.20","249433.91","SABD0002000014","AAV2.0.0.13","4.0.0.2353","PSt7-10","000000-000","8/7/2024 3:37:09 PM","0000-00","0","no battery","V","215852","µV","96196","µV"
"08/11/2024","11:44:50","2","default","203499907","Sensor2","29.008","min","235.098","μmol/L","Humid","22.617","deg","93888","µV","18.583","°C","985.000","hPa","35.0","pmil","0","51.462","deg","22.621","°C","100.000","%a.s.","22.257","deg","22.682","°C","985.000","hPa","0.861","-0.02056","0.00035","-0.00011","0","14.7","Humid","28.35","0","65.20","249439.43","SABD0002000014","AAV2.0.0.13","4.0.0.2353","PSt7-10","000000-000","8/7/2024 3:37:09 PM","0000-00","0","no battery","V","215852","µV","96196","µV"
"08/11/2024","11:44:51","2","default","203499907","Sensor2","29.025","min","235.014","μmol/L","Humid","22.621","deg","93883","µV","18.583","°C","985.000","hPa","35.0","pmil","0","51.462","deg","22.621","°C","100.000","%a.s.","22.257","deg","22.682","°C","985.000","hPa","0.861","-0.02056","0.00035","-0.00011","0","14.7","Humid","28.35","0","65.20","249431.54","SABD0002000014","AAV2.0.0.13","4.0.0.2353","PSt7-10","000000-000","8/7/2024 3:37:09 PM","0000-00","0","no battery","V","215852","µV","96196","µV"
"08/11/2024","11:44:52","2","default","203499907","Sensor2","29.042","min","234.997","μmol/L","Humid","22.624","deg","93891","µV","18.577","°C","985.000","hPa","35.0","pmil","0","51.462","deg","22.621","°C","100.000","%a.s.","22.257","deg","22.682","°C","985.000","hPa","0.861","-0.02056","0.00035","-0.00011","0","14.7","Humid","28.35","0","65.20","249440.66","SABD0002000014","AAV2.0.0.13","4.0.0.2353","PSt7-10","000000-000","8/7/2024 3:37:09 PM","0000-00","0","no battery","V","215852","µV","96196","µV"
"08/11/2024","11:44:53","2","default","203499907","Sensor2","29.058","min","235.077","μmol/L","Humid","22.618","deg","93889","µV","18.583","°C","985.000","hPa","35.0","pmil","0","51.462","deg","22.621","°C","100.000","%a.s.","22.257","deg","22.682","°C","985.000","hPa","0.861","-0.02056","0.00035","-0.00011","0","14.7","Humid","28.35","0","65.20","249441.78","SABD0002000014","AAV2.0.0.13","4.0.0.2353","PSt7-10","000000-000","8/7/2024 3:37:09 PM","0000-00","0","no battery","V","215852","µV","96196","µV"
"08/11/2024","11:44:54","2","default","203499907","Sensor2","29.074","min","235.102","μmol/L","Humid","22.619","deg","93890","µV","18.577","°C","985.000","hPa","35.0","pmil","0","51.462","deg","22.621","°C","100.000","%a.s.","22.257","deg","22.682","°C","985.000","hPa","0.861","-0.02056","0.00035","-0.00011","0","14.7","Humid","28.35","0","65.20","249444.21","SABD0002000014","AAV2.0.0.13","4.0.0.2353","PSt7-10","000000-000","8/7/2024 3:37:09 PM","0000-00","0","no battery","V","215852","µV","96196","µV"
"08/11/2024","11:44:55","2","default","203499907","Sensor2","29.091","min","235.102","μmol/L","Humid","22.619","deg","93899","µV","18.577","°C","985.000","hPa","35.0","pmil","0","51.462","deg","22.621","°C","100.000","%a.s.","22.257","deg","22.682","°C","985.000","hPa","0.861","-0.02056","0.00035","-0.00011","0","14.7","Humid","28.35","0","65.20","249442.23","SABD0002000014","AAV2.0.0.13","4.0.0.2353","PSt7-10","000000-000","8/7/2024 3:37:09 PM","0000-00","0","no battery","V","215852","µV","96196","µV"
"08/11/2024","11:44:56","2","default","203499907","Sensor2","29.108","min","234.908","μmol/L","Humid","22.626","deg","93894","µV","18.583","°C","985.000","hPa","35.0","pmil","0","51.462","deg","22.621","°C","100.000","%a.s.","22.257","deg","22.682","°C","985.000","hPa","0.861","-0.02056","0.00035","-0.00011","0","14.7","Humid","28.35","0","65.20","249446.53","SABD0002000014","AAV2.0.0.13","4.0.0.2353","PSt7-10","000000-000","8/7/2024 3:37:09 PM","0000-00","0","no battery","V","215852","µV","96196","µV"
"08/11/2024","11:44:57","2","default","203499907","Sensor2","29.125","min","235.056","μmol/L","Humid","22.619","deg","93897","µV","18.583","°C","985.000","hPa","35.0","pmil","0","51.462","deg","22.621","°C","100.000","%a.s.","22.257","deg","22.682","°C","985.000","hPa","0.861","-0.02056","0.00035","-0.00011","0","14.7","Humid","28.35","0","65.20","249441.67","SABD0002000014","AAV2.0.0.13","4.0.0.2353","PSt7-10","000000-000","8/7/2024 3:37:09 PM","0000-00","0","no battery","V","215852","µV","96196","µV"
"08/11/2024","11:44:58","2","default","203499907","Sensor2","29.141","min","234.950","μmol/L","Humid","22.624","deg","93901","µV","18.583","°C","985.000","hPa","35.0","pmil","0","51.462","deg","22.621","°C","100.000","%a.s.","22.257","deg","22.682","°C","985.000","hPa","0.861","-0.02056","0.00035","-0.00011","0","14.7","Humid","28.35","0","65.20","249441.70","SABD0002000014","AAV2.0.0.13","4.0.0.2353","PSt7-10","000000-000","8/7/2024 3:37:09 PM","0000-00","0","no battery","V","215852","µV","96196","µV"
"08/11/2024","11:44:59","2","default","203499907","Sensor2","29.158","min","235.102","μmol/L","Humid","22.619","deg","93908","µV","18.577","°C","985.000","hPa","35.0","pmil","0","51.462","deg","22.621","°C","100.000","%a.s.","22.257","deg","22.682","°C","985.000","hPa","0.861","-0.02056","0.00035","-0.00011","0","14.7","Humid","28.35","0","65.20","249455.14","SABD0002000014","AAV2.0.0.13","4.0.0.2353","PSt7-10","000000-000","8/7/2024 3:37:09 PM","0000-00","0","no battery","V","215852","µV","96196","µV"
"08/11/2024","11:45:00","2","default","203499907","Sensor2","29.175","min","235.039","μmol/L","Humid","22.622","deg","93904","µV","18.577","°C","985.000","hPa","35.0","pmil","0","51.462","deg","22.621","°C","100.000","%a.s.","22.257","deg","22.682","°C","985.000","hPa","0.861","-0.02056","0.00035","-0.00011","0","14.7","Humid","28.35","0","65.20","249458.25","SABD0002000014","AAV2.0.0.13","4.0.0.2353","PSt7-10","000000-000","8/7/2024 3:37:09 PM","0000-00","0","no battery","V","215852","µV","96196","µV"
"08/11/2024","11:45:01","2","default","203499907","Sensor2","29.192","min","235.081","μmol/L","Humid","22.620","deg","93903","µV","18.577","°C","985.000","hPa","35.0","pmil","0","51.462","deg","22.621","°C","100.000","%a.s.","22.257","deg","22.682","°C","985.000","hPa","0.861","-0.02056","0.00035","-0.00011","0","14.7","Humid","28.35","0","65.20","249442.05","SABD0002000014","AAV2.0.0.13","4.0.0.2353","PSt7-10","000000-000","8/7/2024 3:37:09 PM","0000-00","0","no battery","V","215852","µV","96196","µV"
"08/11/2024","11:45:02","2","default","203499907","Sensor2","29.208","min","234.997","μmol/L","Humid","22.624","deg","93907","µV","18.577","°C","985.000","hPa","35.0","pmil","0","51.462","deg","22.621","°C","100.000","%a.s.","22.257","deg","22.682","°C","985.000","hPa","0.861","-0.02056","0.00035","-0.00011","0","14.7","Humid","28.35","0","65.20","249442.41","SABD0002000014","AAV2.0.0.13","4.0.0.2353","PSt7-10","000000-000","8/7/2024 3:37:09 PM","0000-00","0","no battery","V","215852","µV","96196","µV"
"08/11/2024","11:45:03","2","default","203499907","Sensor2","29.225","min","235.014","μmol/L","Humid","22.621","deg","93910","µV","18.583","°C","985.000","hPa","35.0","pmil","0","51.462","deg","22.621","°C","100.000","%a.s.","22.257","deg","22.682","°C","985.000","hPa","0.861","-0.02056","0.00035","-0.00011","0","14.7","Humid","28.35","0","65.20","249447.03","SABD0002000014","AAV2.0.0.13","4.0.0.2353","PSt7-10","000000-000","8/7/2024 3:37:09 PM","0000-00","0","no battery","V","215852","µV","96196","µV"
"08/11/2024","11:45:04","2","default","203499907","Sensor2","29.242","min","235.018","μmol/L","Humid","22.623","deg","93916","µV","18.577","°C","985.000","hPa","35.0","pmil","0","51.462","deg","22.621","°C","100.000","%a.s.","22.257","deg","22.682","°C","985.000","hPa","0.861","-0.02056","0.00035","-0.00011","0","14.7","Humid","28.35","0","65.20","249444.74","SABD0002000014","AAV2.0.0.13","4.0.0.2353","PSt7-10","000000-000","8/7/2024 3:37:09 PM","0000-00","0","no battery","V","215852","µV","96196","µV"
"08/11/2024","11:45:05","2","default","203499907","Sensor2","29.258","min","234.954","μmol/L","Humid","22.626","deg","93908","µV","18.577","°C","985.000","hPa","35.0","pmil","0","51.462","deg","22.621","°C","100.000","%a.s.","22.257","deg","22.682","°C","985.000","hPa","0.861","-0.02056","0.00035","-0.00011","0","14.7","Humid","28.35","0","65.20","249446.75","SABD0002000014","AAV2.0.0.13","4.0.0.2353","PSt7-10","000000-000","8/7/2024 3:37:09 PM","0000-00","0","no battery","V","215852","µV","96196","µV"
"08/11/2024","11:45:06","2","default","203499907","Sensor2","29.274","min","235.039","μmol/L","Humid","22.622","deg","93911","µV","18.577","°C","985.000","hPa","35.0","pmil","0","51.462","deg","22.621","°C","100.000","%a.s.","22.257","deg","22.682","°C","985.000","hPa","0.861","-0.02056","0.00035","-0.00011","0","14.7","Humid","28.35","0","65.20","249434.47","SABD0002000014","AAV2.0.0.13","4.0.0.2353","PSt7-10","000000-000","8/7/2024 3:37:09 PM","0000-00","0","no battery","V","215852","µV","96196","µV"
"08/11/2024","11:45:07","2","default","203499907","Sensor2","29.291","min","234.954","μmol/L","Humid","22.626","deg","93916","µV","18.577","°C","985.000","hPa","35.0","pmil","0","51.462","deg","22.621","°C","100.000","%a.s.","22.257","deg","22.682","°C","985.000","hPa","0.861","-0.02056","0.00035","-0.00011","0","14.7","Humid","28.35","0","65.20","249449.74","SABD0002000014","AAV2.0.0.13","4.0.0.2353","PSt7-10","000000-000","8/7/2024 3:37:09 PM","0000-00","0","no battery","V","215852","µV","96196","µV"
"08/11/2024","11:45:08","2","default","203499907","Sensor2","29.308","min","235.022","μmol/L","Humid","22.625","deg","93920","µV","18.571","°C","985.000","hPa","35.0","pmil","0","51.462","deg","22.621","°C","100.000","%a.s.","22.257","deg","22.682","°C","985.000","hPa","0.861","-0.02056","0.00035","-0.00011","0","14.7","Humid","28.35","0","65.20","249450.01","SABD0002000014","AAV2.0.0.13","4.0.0.2353","PSt7-10","000000-000","8/7/2024 3:37:09 PM","0000-00","0","no battery","V","215852","µV","96196","µV"
"08/11/2024","11:45:09","2","default","203499907","Sensor2","29.324","min","234.908","μmol/L","Humid","22.626","deg","93916","µV","18.583","°C","985.000","hPa","35.0","pmil","0","51.462","deg","22.621","°C","100.000","%a.s.","22.257","deg","22.682","°C","985.000","hPa","0.861","-0.02056","0.00035","-0.00011","0","14.7","Humid","28.35","0","65.20","249446.16","SABD0002000014","AAV2.0.0.13","4.0.0.2353","PSt7-10","000000-000","8/7/2024 3:37:09 PM","0000-00","0","no battery","V","215852","µV","96196","µV"
"08/11/2024","11:45:10","2","default","203499907","Sensor2","29.341","min","234.975","μmol/L","Humid","22.625","deg","93904","µV","18.577","°C","985.000","hPa","35.0","pmil","0","51.462","deg","22.621","°C","100.000","%a.s.","22.257","deg","22.682","°C","985.000","hPa","0.861","-0.02056","0.00035","-0.00011","0","14.7","Humid","28.35","0","65.20","249435.23","SABD0002000014","AAV2.0.0.13","4.0.0.2353","PSt7-10","000000-000","8/7/2024 3:37:09 PM","0000-00","0","no battery","V","215852","µV","96196","µV"
"08/11/2024","11:45:11","2","default","203499907","Sensor2","29.358","min","234.870","μmol/L","Humid","22.630","deg","93913","µV","18.577","°C","985.000","hPa","35.0","pmil","0","51.462","deg","22.621","°C","100.000","%a.s.","22.257","deg","22.682","°C","985.000","hPa","0.861","-0.02056","0.00035","-0.00011","0","14.7","Humid","28.35","0","65.20","249431.50","SABD0002000014","AAV2.0.0.13","4.0.0.2353","PSt7-10","000000-000","8/7/2024 3:37:09 PM","0000-00","0","no battery","V","215852","µV","96196","µV"
"08/11/2024","11:45:12","2","default","203499907","Sensor2","29.375","min","234.870","μmol/L","Humid","22.630","deg","93923","µV","18.577","°C","985.000","hPa","35.0","pmil","0","51.462","deg","22.621","°C","100.000","%a.s.","22.257","deg","22.682","°C","985.000","hPa","0.861","-0.02056","0.00035","-0.00011","0","14.7","Humid","28.35","0","65.20","249435.21","SABD0002000014","AAV2.0.0.13","4.0.0.2353","PSt7-10","000000-000","8/7/2024 3:37:09 PM","0000-00","0","no battery","V","215852","µV","96196","µV"
"08/11/2024","11:45:13","2","default","203499907","Sensor2","29.391","min","234.845","μmol/L","Humid","22.629","deg","93917","µV","18.583","°C","985.000","hPa","35.0","pmil","0","51.462","deg","22.621","°C","100.000","%a.s.","22.257","deg","22.682","°C","985.000","hPa","0.861","-0.02056","0.00035","-0.00011","0","14.7","Humid","28.35","0","65.20","249430.03","SABD0002000014","AAV2.0.0.13","4.0.0.2353","PSt7-10","000000-000","8/7/2024 3:37:09 PM","0000-00","0","no battery","V","215852","µV","96196","µV"
"08/11/2024","11:45:14","2","default","203499907","Sensor2","29.408","min","234.933","μmol/L","Humid","22.627","deg","93923","µV","18.577","°C","985.000","hPa","35.0","pmil","0","51.462","deg","22.621","°C","100.000","%a.s.","22.257","deg","22.682","°C","985.000","hPa","0.861","-0.02056","0.00035","-0.00011","0","14.7","Humid","28.35","0","65.20","249431.06","SABD0002000014","AAV2.0.0.13","4.0.0.2353","PSt7-10","000000-000","8/7/2024 3:37:09 PM","0000-00","0","no battery","V","215852","µV","96196","µV"
"08/11/2024","11:45:15","2","default","203499907","Sensor2","29.425","min","234.803","μmol/L","Humid","22.631","deg","93927","µV","18.583","°C","985.000","hPa","35.0","pmil","0","51.462","deg","22.621","°C","100.000","%a.s.","22.257","deg","22.682","°C","985.000","hPa","0.861","-0.02056","0.00035","-0.00011","0","14.7","Humid","28.35","0","65.20","249435.69","SABD0002000014","AAV2.0.0.13","4.0.0.2353","PSt7-10","000000-000","8/7/2024 3:37:09 PM","0000-00","0","no battery","V","215852","µV","96196","µV"
"08/11/2024","11:45:16","2","default","203499907","Sensor2","29.442","min","234.937","μmol/L","Humid","22.629","deg","93933","µV","18.571","°C","985.000","hPa","35.0","pmil","0","51.462","deg","22.621","°C","100.000","%a.s.","22.257","deg","22.682","°C","985.000","hPa","0.861","-0.02056","0.00035","-0.00011","0","14.7","Humid","28.35","0","65.20","249426.72","SABD0002000014","AAV2.0.0.13","4.0.0.2353","PSt7-10","000000-000","8/7/2024 3:37:09 PM","0000-00","0","no battery","V","215852","µV","96196","µV"
"08/11/2024","11:45:17","2","default","203499907","Sensor2","29.458","min","234.980","μmol/L","Humid","22.627","deg","93930","µV","18.571","°C","985.000","hPa","35.0","pmil","0","51.462","deg","22.621","°C","100.000","%a.s.","22.257","deg","22.682","°C","985.000","hPa","0.861","-0.02056","0.00035","-0.00011","0","14.7","Humid","28.35","0","65.20","249422.38","SABD0002000014","AAV2.0.0.13","4.0.0.2353","PSt7-10","000000-000","8/7/2024 3:37:09 PM","0000-00","0","no battery","V","215852","µV","96196","µV"
"08/11/2024","11:45:18","2","default","203499907","Sensor2","29.474","min","234.870","μmol/L","Humid","22.630","deg","93935","µV","18.577","°C","985.000","hPa","35.0","pmil","0","51.462","deg","22.621","°C","100.000","%a.s.","22.257","deg","22.682","°C","985.000","hPa","0.861","-0.02056","0.00035","-0.00011","0","14.7","Humid","28.35","0","65.20","249427.16","SABD0002000014","AAV2.0.0.13","4.0.0.2353","PSt7-10","000000-000","8/7/2024 3:37:09 PM","0000-00","0","no battery","V","215852","µV","96196","µV"
"08/11/2024","11:45:19","2","default","203499907","Sensor2","29.491","min","234.845","μmol/L","Humid","22.629","deg","93937","µV","18.583","°C","985.000","hPa","35.0","pmil","0","51.462","deg","22.621","°C","100.000","%a.s.","22.257","deg","22.682","°C","985.000","hPa","0.861","-0.02056","0.00035","-0.00011","0","14.7","Humid","28.35","0","65.20","249436.98","SABD0002000014","AAV2.0.0.13","4.0.0.2353","PSt7-10","000000-000","8/7/2024 3:37:09 PM","0000-00","0","no battery","V","215852","µV","96196","µV"
"08/11/2024","11:45:20","2","default","203499907","Sensor2","29.508","min","234.870","μmol/L","Humid","22.630","deg","93932","µV","18.577","°C","985.000","hPa","35.0","pmil","0","51.462","deg","22.621","°C","100.000","%a.s.","22.257","deg","22.682","°C","985.000","hPa","0.861","-0.02056","0.00035","-0.00011","0","14.7","Humid","28.35","0","65.20","249436.98","SABD0002000014","AAV2.0.0.13","4.0.0.2353","PSt7-10","000000-000","8/7/2024 3:37:09 PM","0000-00","0","no battery","V","215852","µV","96196","µV"
"08/11/2024","11:45:21","2","default","203499907","Sensor2","29.525","min","234.828","μmol/L","Humid","22.632","deg","93937","µV","18.577","°C","985.000","hPa","35.0","pmil","0","51.462","deg","22.621","°C","100.000","%a.s.","22.257","deg","22.682","°C","985.000","hPa","0.861","-0.02056","0.00035","-0.00011","0","14.7","Humid","28.35","0","65.20","249425.30","SABD0002000014","AAV2.0.0.13","4.0.0.2353","PSt7-10","000000-000","8/7/2024 3:37:09 PM","0000-00","0","no battery","V","215852","µV","96196","µV"
"08/11/2024","11:45:22","2","default","203499907","Sensor2","29.541","min","234.786","μmol/L","Humid","22.634","deg","93935","µV","18.577","°C","985.000","hPa","35.0","pmil","0","51.462","deg","22.621","°C","100.000","%a.s.","22.257","deg","22.682","°C","985.000","hPa","0.861","-0.02056","0.00035","-0.00011","0","14.7","Humid","28.35","0","65.20","249430.84","SABD0002000014","AAV2.0.0.13","4.0.0.2353","PSt7-10","000000-000","8/7/2024 3:37:09 PM","0000-00","0","no battery","V","215852","µV","96196","µV"
"08/11/2024","11:45:23","2","default","203499907","Sensor2","29.558","min","234.803","μmol/L","Humid","22.631","deg","93947","µV","18.583","°C","985.000","hPa","35.0","pmil","0","51.462","deg","22.621","°C","100.000","%a.s.","22.257","deg","22.682","°C","985.000","hPa","0.861","-0.02056","0.00035","-0.00011","0","14.7","Humid","28.35","0","65.20","249426.50","SABD0002000014","AAV2.0.0.13","4.0.0.2353","PSt7-10","000000-000","8/7/2024 3:37:09 PM","0000-00","0","no battery","V","215852","µV","96196","µV"
"08/11/2024","11:45:24","2","default","203499907","Sensor2","29.575","min","234.832","μmol/L","Humid","22.634","deg","93938","µV","18.571","°C","985.000","hPa","35.0","pmil","0","51.462","deg","22.621","°C","100.000","%a.s.","22.257","deg","22.682","°C","985.000","hPa","0.861","-0.02056","0.00035","-0.00011","0","14.7","Humid","28.35","0","65.20","249425.16","SABD0002000014","AAV2.0.0.13","4.0.0.2353","PSt7-10","000000-000","8/7/2024 3:37:09 PM","0000-00","0","no battery","V","215852","µV","96196","µV"
"08/11/2024","11:45:25","2","default","203499907","Sensor2","29.592","min","234.807","μmol/L","Humid","22.633","deg","93946","µV","18.577","°C","985.000","hPa","35.0","pmil","0","51.462","deg","22.621","°C","100.000","%a.s.","22.257","deg","22.682","°C","985.000","hPa","0.861","-0.02056","0.00035","-0.00011","0","14.7","Humid","28.35","0","65.20","249431.55","SABD0002000014","AAV2.0.0.13","4.0.0.2353","PSt7-10","000000-000","8/7/2024 3:37:09 PM","0000-00","0","no battery","V","215852","µV","96196","µV"
"08/11/2024","11:45:26","2","default","203499907","Sensor2","29.608","min","234.722","μmol/L","Humid","22.637","deg","93943","µV","18.577","°C","985.000","hPa","35.0","pmil","0","51.462","deg","22.621","°C","100.000","%a.s.","22.257","deg","22.682","°C","985.000","hPa","0.861","-0.02056","0.00035","-0.00011","0","14.7","Humid","28.35","0","65.20","249432.66","SABD0002000014","AAV2.0.0.13","4.0.0.2353","PSt7-10","000000-000","8/7/2024 3:37:09 PM","0000-00","0","no battery","V","215852","µV","96196","µV"
"08/11/2024","11:45:27","2","default","203499907","Sensor2","29.625","min","234.933","μmol/L","Humid","22.627","deg","93949","µV","18.577","°C","985.000","hPa","35.0","pmil","0","51.462","deg","22.621","°C","100.000","%a.s.","22.257","deg","22.682","°C","985.000","hPa","0.861","-0.02056","0.00035","-0.00011","0","14.7","Humid","28.35","0","65.20","249434.85","SABD0002000014","AAV2.0.0.13","4.0.0.2353","PSt7-10","000000-000","8/7/2024 3:37:09 PM","0000-00","0","no battery","V","215852","µV","96196","µV"
"08/11/2024","11:45:28","2","default","203499907","Sensor2","29.641","min","234.743","μmol/L","Humid","22.636","deg","93954","µV","18.577","°C","985.000","hPa","35.0","pmil","0","51.462","deg","22.621","°C","100.000","%a.s.","22.257","deg","22.682","°C","985.000","hPa","0.861","-0.02056","0.00035","-0.00011","0","14.7","Humid","28.35","0","65.20","249437.33","SABD0002000014","AAV2.0.0.13","4.0.0.2353","PSt7-10","000000-000","8/7/2024 3:37:09 PM","0000-00","0","no battery","V","215852","µV","96196","µV"
"08/11/2024","11:45:29","2","default","203499907","Sensor2","29.658","min","234.697","μmol/L","Humid","22.636","deg","93954","µV","18.583","°C","985.000","hPa","35.0","pmil","0","51.462","deg","22.621","°C","100.000","%a.s.","22.257","deg","22.682","°C","985.000","hPa","0.861","-0.02056","0.00035","-0.00011","0","14.7","Humid","28.35","0","65.20","249441.85","SABD0002000014","AAV2.0.0.13","4.0.0.2353","PSt7-10","000000-000","8/7/2024 3:37:09 PM","0000-00","0","no battery","V","215852","µV","96196","µV"
"08/11/2024","11:45:30","2","default","203499907","Sensor2","29.674","min","234.743","μmol/L","Humid","22.636","deg","93948","µV","18.577","°C","985.000","hPa","35.0","pmil","0","51.462","deg","22.621","°C","100.000","%a.s.","22.257","deg","22.682","°C","985.000","hPa","0.861","-0.02056","0.00035","-0.00011","0","14.7","Humid","28.35","0","65.20","249438.75","SABD0002000014","AAV2.0.0.13","4.0.0.2353","PSt7-10","000000-000","8/7/2024 3:37:09 PM","0000-00","0","no battery","V","215852","µV","96196","µV"
"08/11/2024","11:45:31","2","default","203499907","Sensor2","29.691","min","234.697","μmol/L","Humid","22.636","deg","93957","µV","18.583","°C","985.000","hPa","35.0","pmil","0","51.462","deg","22.621","°C","100.000","%a.s.","22.257","deg","22.682","°C","985.000","hPa","0.861","-0.02056","0.00035","-0.00011","0","14.7","Humid","28.35","0","65.20","249433.08","SABD0002000014","AAV2.0.0.13","4.0.0.2353","PSt7-10","000000-000","8/7/2024 3:37:09 PM","0000-00","0","no battery","V","215852","µV","96196","µV"
"08/11/2024","11:45:32","2","default","203499907","Sensor2","29.708","min","234.790","μmol/L","Humid","22.636","deg","93960","µV","18.571","°C","985.000","hPa","35.0","pmil","0","51.462","deg","22.621","°C","100.000","%a.s.","22.257","deg","22.682","°C","985.000","hPa","0.861","-0.02056","0.00035","-0.00011","0","14.7","Humid","28.35","0","65.20","249430.84","SABD0002000014","AAV2.0.0.13","4.0.0.2353","PSt7-10","000000-000","8/7/2024 3:37:09 PM","0000-00","0","no battery","V","215852","µV","96196","µV"
"08/11/2024","11:45:33","2","default","203499907","Sensor2","29.725","min","234.722","μmol/L","Humid","22.637","deg","93964","µV","18.577","°C","985.000","hPa","35.0","pmil","0","51.462","deg","22.621","°C","100.000","%a.s.","22.257","deg","22.682","°C","985.000","hPa","0.861","-0.02056","0.00035","-0.00011","0","14.7","Humid","28.35","0","65.20","249451.08","SABD0002000014","AAV2.0.0.13","4.0.0.2353","PSt7-10","000000-000","8/7/2024 3:37:09 PM","0000-00","0","no battery","V","215852","µV","96196","µV"
"08/11/2024","11:45:34","2","default","203499907","Sensor2","29.741","min","234.765","μmol/L","Humid","22.635","deg","93962","µV","18.577","°C","985.000","hPa","35.0","pmil","0","51.462","deg","22.621","°C","100.000","%a.s.","22.257","deg","22.682","°C","985.000","hPa","0.861","-0.02056","0.00035","-0.00011","0","14.7","Humid","28.35","0","65.20","249438.84","SABD0002000014","AAV2.0.0.13","4.0.0.2353","PSt7-10","000000-000","8/7/2024 3:37:09 PM","0000-00","0","no battery","V","215852","µV","96196","µV"
"08/11/2024","11:45:35","2","default","203499907","Sensor2","29.758","min","234.701","μmol/L","Humid","22.638","deg","93963","µV","18.577","°C","985.000","hPa","35.0","pmil","0","51.462","deg","22.621","°C","100.000","%a.s.","22.257","deg","22.682","°C","985.000","hPa","0.861","-0.02056","0.00035","-0.00011","0","14.7","Humid","28.35","0","65.20","249439.66","SABD0002000014","AAV2.0.0.13","4.0.0.2353","PSt7-10","000000-000","8/7/2024 3:37:09 PM","0000-00","0","no battery","V","215852","µV","96196","µV"
"08/11/2024","11:45:36","2","default","203499907","Sensor2","29.775","min","234.701","μmol/L","Humid","22.638","deg","93963","µV","18.577","°C","985.000","hPa","35.0","pmil","0","51.462","deg","22.621","°C","100.000","%a.s.","22.257","deg","22.682","°C","985.000","hPa","0.861","-0.02056","0.00035","-0.00011","0","14.7","Humid","28.35","0","65.20","249430.62","SABD0002000014","AAV2.0.0.13","4.0.0.2353","PSt7-10","000000-000","8/7/2024 3:37:09 PM","0000-00","0","no battery","V","215852","µV","96196","µV"
"08/11/2024","11:45:37","2","default","203499907","Sensor2","29.792","min","234.726","μmol/L","Humid","22.639","deg","93966","µV","18.571","°C","985.000","hPa","35.0","pmil","0","51.462","deg","22.621","°C","100.000","%a.s.","22.257","deg","22.682","°C","985.000","hPa","0.861","-0.02056","0.00035","-0.00011","0","14.7","Humid","28.35","0","65.20","249427.14","SABD0002000014","AAV2.0.0.13","4.0.0.2353","PSt7-10","000000-000","8/7/2024 3:37:09 PM","0000-00","0","no battery","V","215852","µV","96196","µV"
"08/11/2024","11:45:38","2","default","203499907","Sensor2","29.808","min","234.638","μmol/L","Humid","22.641","deg","93966","µV","18.577","°C","985.000","hPa","35.0","pmil","0","51.462","deg","22.621","°C","100.000","%a.s.","22.257","deg","22.682","°C","985.000","hPa","0.861","-0.02056","0.00035","-0.00011","0","14.7","Humid","28.35","0","65.20","249421.74","SABD0002000014","AAV2.0.0.13","4.0.0.2353","PSt7-10","000000-000","8/7/2024 3:37:09 PM","0000-00","0","no battery","V","215852","µV","96196","µV"
"08/11/2024","11:45:39","2","default","203499907","Sensor2","29.825","min","234.752","μmol/L","Humid","22.640","deg","93968","µV","18.564","°C","985.000","hPa","35.0","pmil","0","51.462","deg","22.621","°C","100.000","%a.s.","22.257","deg","22.682","°C","985.000","hPa","0.861","-0.02056","0.00035","-0.00011","0","14.7","Humid","28.35","0","65.20","249437.57","SABD0002000014","AAV2.0.0.13","4.0.0.2353","PSt7-10","000000-000","8/7/2024 3:37:09 PM","0000-00","0","no battery","V","215852","µV","96196","µV"
"08/11/2024","11:45:40","2","default","203499907","Sensor2","29.842","min","234.748","μmol/L","Humid","22.638","deg","93964","µV","18.571","°C","985.000","hPa","35.0","pmil","0","51.462","deg","22.621","°C","100.000","%a.s.","22.257","deg","22.682","°C","985.000","hPa","0.861","-0.02056","0.00035","-0.00011","0","14.7","Humid","28.35","0","65.20","249418.31","SABD0002000014","AAV2.0.0.13","4.0.0.2353","PSt7-10","000000-000","8/7/2024 3:37:09 PM","0000-00","0","no battery","V","215852","µV","96196","µV"
"08/11/2024","11:45:41","2","default","203499907","Sensor2","29.858","min","234.638","μmol/L","Humid","22.641","deg","93968","µV","18.577","°C","985.000","hPa","35.0","pmil","0","51.462","deg","22.621","°C","100.000","%a.s.","22.257","deg","22.682","°C","985.000","hPa","0.861","-0.02056","0.00035","-0.00011","0","14.7","Humid","28.35","0","65.20","249426.05","SABD0002000014","AAV2.0.0.13","4.0.0.2353","PSt7-10","000000-000","8/7/2024 3:37:09 PM","0000-00","0","no battery","V","215852","µV","96196","µV"
"08/11/2024","11:45:42","2","default","203499907","Sensor2","29.874","min","234.659","μmol/L","Humid","22.640","deg","93971","µV","18.577","°C","985.000","hPa","35.0","pmil","0","51.462","deg","22.621","°C","100.000","%a.s.","22.257","deg","22.682","°C","985.000","hPa","0.861","-0.02056","0.00035","-0.00011","0","14.7","Humid","28.35","0","65.20","249419.98","SABD0002000014","AAV2.0.0.13","4.0.0.2353","PSt7-10","000000-000","8/7/2024 3:37:09 PM","0000-00","0","no battery","V","215852","µV","96196","µV"
"08/11/2024","11:45:43","2","default","203499907","Sensor2","29.891","min","234.659","μmol/L","Humid","22.640","deg","93971","µV","18.577","°C","985.000","hPa","35.0","pmil","0","51.462","deg","22.621","°C","100.000","%a.s.","22.257","deg","22.682","°C","985.000","hPa","0.861","-0.02056","0.00035","-0.00011","0","14.7","Humid","28.35","0","65.20","249435.18","SABD0002000014","AAV2.0.0.13","4.0.0.2353","PSt7-10","000000-000","8/7/2024 3:37:09 PM","0000-00","0","no battery","V","215852","µV","96196","µV"
"08/11/2024","11:45:44","2","default","203499907","Sensor2","29.908","min","234.684","μmol/L","Humid","22.641","deg","93984","µV","18.571","°C","985.000","hPa","35.0","pmil","0","51.462","deg","22.621","°C","100.000","%a.s.","22.257","deg","22.682","°C","985.000","hPa","0.861","-0.02056","0.00035","-0.00011","0","14.7","Humid","28.35","0","65.20","249430.62","SABD0002000014","AAV2.0.0.13","4.0.0.2353","PSt7-10","000000-000","8/7/2024 3:37:09 PM","0000-00","0","no battery","V","215852","µV","96196","µV"
"08/11/2024","11:45:45","2","default","203499907","Sensor2","29.925","min","234.617","μmol/L","Humid","22.642","deg","93979","µV","18.577","°C","985.000","hPa","35.0","pmil","0","51.462","deg","22.621","°C","100.000","%a.s.","22.257","deg","22.682","°C","985.000","hPa","0.861","-0.02056","0.00035","-0.00011","0","14.7","Humid","28.35","0","65.20","249425.87","SABD0002000014","AAV2.0.0.13","4.0.0.2353","PSt7-10","000000-000","8/7/2024 3:37:09 PM","0000-00","0","no battery","V","215852","µV","96196","µV"
"08/11/2024","11:45:46","2","default","203499907","Sensor2","29.941","min","234.575","μmol/L","Humid","22.644","deg","93983","µV","18.577","°C","985.000","hPa","35.0","pmil","0","51.462","deg","22.621","°C","100.000","%a.s.","22.257","deg","22.682","°C","985.000","hPa","0.861","-0.02056","0.00035","-0.00011","0","14.7","Humid","28.35","0","65.20","249425.25","SABD0002000014","AAV2.0.0.13","4.0.0.2353","PSt7-10","000000-000","8/7/2024 3:37:09 PM","0000-00","0","no battery","V","215852","µV","96196","µV"
"08/11/2024","11:45:47","2","default","203499907","Sensor2","29.958","min","234.659","μmol/L","Humid","22.640","deg","93979","µV","18.577","°C","985.000","hPa","35.0","pmil","0","51.462","deg","22.621","°C","100.000","%a.s.","22.257","deg","22.682","°C","985.000","hPa","0.861","-0.02056","0.00035","-0.00011","0","14.7","Humid","28.35","0","65.20","249429.77","SABD0002000014","AAV2.0.0.13","4.0.0.2353","PSt7-10","000000-000","8/7/2024 3:37:09 PM","0000-00","0","no battery","V","215852","µV","96196","µV"
"08/11/2024","11:45:48","2","default","203499907","Sensor2","29.975","min","234.596","μmol/L","Humid","22.643","deg","93979","µV","18.577","°C","985.000","hPa","35.0","pmil","0","51.462","deg","22.621","°C","100.000","%a.s.","22.257","deg","22.682","°C","985.000","hPa","0.861","-0.02056","0.00035","-0.00011","0","14.7","Humid","28.35","0","65.20","249435.65","SABD0002000014","AAV2.0.0.13","4.0.0.2353","PSt7-10","000000-000","8/7/2024 3:37:09 PM","0000-00","0","no battery","V","215852","µV","96196","µV"
"08/11/2024","11:45:49","2","default","203499907","Sensor2","29.991","min","234.596","μmol/L","Humid","22.643","deg","93977","µV","18.577","°C","985.000","hPa","35.0","pmil","0","51.462","deg","22.621","°C","100.000","%a.s.","22.257","deg","22.682","°C","985.000","hPa","0.861","-0.02056","0.00035","-0.00011","0","14.7","Humid","28.35","0","65.20","249420.66","SABD0002000014","AAV2.0.0.13","4.0.0.2353","PSt7-10","000000-000","8/7/2024 3:37:09 PM","0000-00","0","no battery","V","215852","µV","96196","µV"
"08/11/2024","11:45:50","2","default","203499907","Sensor2","30.008","min","234.638","μmol/L","Humid","22.641","deg","93982","µV","18.577","°C","985.000","hPa","35.0","pmil","0","51.462","deg","22.621","°C","100.000","%a.s.","22.257","deg","22.682","°C","985.000","hPa","0.861","-0.02056","0.00035","-0.00011","0","14.7","Humid","28.35","0","65.20","249423.26","SABD0002000014","AAV2.0.0.13","4.0.0.2353","PSt7-10","000000-000","8/7/2024 3:37:09 PM","0000-00","0","no battery","V","215852","µV","96196","µV"
"08/11/2024","11:45:51","2","default","203499907","Sensor2","30.025","min","234.554","μmol/L","Humid","22.645","deg","93991","µV","18.577","°C","985.000","hPa","35.0","pmil","0","51.462","deg","22.621","°C","100.000","%a.s.","22.257","deg","22.682","°C","985.000","hPa","0.861","-0.02056","0.00035","-0.00011","0","14.7","Humid","28.35","0","65.20","249437.73","SABD0002000014","AAV2.0.0.13","4.0.0.2353","PSt7-10","000000-000","8/7/2024 3:37:09 PM","0000-00","0","no battery","V","215852","µV","96196","µV"
"08/11/2024","11:45:52","2","default","203499907","Sensor2","30.042","min","234.600","μmol/L","Humid","22.645","deg","93983","µV","18.571","°C","985.000","hPa","35.0","pmil","0","51.462","deg","22.621","°C","100.000","%a.s.","22.257","deg","22.682","°C","985.000","hPa","0.861","-0.02056","0.00035","-0.00011","0","14.7","Humid","28.35","0","65.20","249433.32","SABD0002000014","AAV2.0.0.13","4.0.0.2353","PSt7-10","000000-000","8/7/2024 3:37:09 PM","0000-00","0","no battery","V","215852","µV","96196","µV"
"08/11/2024","11:45:53","2","default","203499907","Sensor2","30.058","min","234.596","μmol/L","Humid","22.643","deg","93989","µV","18.577","°C","985.000","hPa","35.0","pmil","0","51.462","deg","22.621","°C","100.000","%a.s.","22.257","deg","22.682","°C","985.000","hPa","0.861","-0.02056","0.00035","-0.00011","0","14.7","Humid","28.35","0","65.20","249431.01","SABD0002000014","AAV2.0.0.13","4.0.0.2353","PSt7-10","000000-000","8/7/2024 3:37:09 PM","0000-00","0","no battery","V","215852","µV","96196","µV"
"08/11/2024","11:45:54","2","default","203499907","Sensor2","30.074","min","234.579","μmol/L","Humid","22.646","deg","93988","µV","18.571","°C","985.000","hPa","35.0","pmil","0","51.462","deg","22.621","°C","100.000","%a.s.","22.257","deg","22.682","°C","985.000","hPa","0.861","-0.02056","0.00035","-0.00011","0","14.7","Humid","28.35","0","65.20","249425.27","SABD0002000014","AAV2.0.0.13","4.0.0.2353","PSt7-10","000000-000","8/7/2024 3:37:09 PM","0000-00","0","no battery","V","215852","µV","96196","µV"
"08/11/2024","11:45:55","2","default","203499907","Sensor2","30.091","min","234.621","μmol/L","Humid","22.644","deg","93991","µV","18.571","°C","985.000","hPa","35.0","pmil","0","51.462","deg","22.621","°C","100.000","%a.s.","22.257","deg","22.682","°C","985.000","hPa","0.861","-0.02056","0.00035","-0.00011","0","14.7","Humid","28.35","0","65.20","249421.10","SABD0002000014","AAV2.0.0.13","4.0.0.2353","PSt7-10","000000-000","8/7/2024 3:37:09 PM","0000-00","0","no battery","V","215852","µV","96196","µV"
"08/11/2024","11:45:56","2","default","203499907","Sensor2","30.108","min","234.508","μmol/L","Humid","22.645","deg","93992","µV","18.583","°C","985.000","hPa","35.0","pmil","0","51.462","deg","22.621","°C","100.000","%a.s.","22.257","deg","22.682","°C","985.000","hPa","0.861","-0.02056","0.00035","-0.00011","0","14.7","Humid","28.35","0","65.20","249423.45","SABD0002000014","AAV2.0.0.13","4.0.0.2353","PSt7-10","000000-000","8/7/2024 3:37:09 PM","0000-00","0","no battery","V","215852","µV","96196","µV"
"08/11/2024","11:45:57","2","default","203499907","Sensor2","30.125","min","234.512","μmol/L","Humid","22.647","deg","93995","µV","18.577","°C","985.000","hPa","35.0","pmil","0","51.462","deg","22.621","°C","100.000","%a.s.","22.257","deg","22.682","°C","985.000","hPa","0.861","-0.02056","0.00035","-0.00011","0","14.7","Humid","28.35","0","65.20","249418.11","SABD0002000014","AAV2.0.0.13","4.0.0.2353","PSt7-10","000000-000","8/7/2024 3:37:09 PM","0000-00","0","no battery","V","215852","µV","96196","µV"
"08/11/2024","11:45:58","2","default","203499907","Sensor2","30.141","min","234.558","μmol/L","Humid","22.647","deg","93997","µV","18.571","°C","985.000","hPa","35.0","pmil","0","51.462","deg","22.621","°C","100.000","%a.s.","22.257","deg","22.682","°C","985.000","hPa","0.861","-0.02056","0.00035","-0.00011","0","14.7","Humid","28.35","0","65.20","249424.02","SABD0002000014","AAV2.0.0.13","4.0.0.2353","PSt7-10","000000-000","8/7/2024 3:37:09 PM","0000-00","0","no battery","V","215852","µV","96196","µV"
"08/11/2024","11:45:59","2","default","203499907","Sensor2","30.158","min","234.604","μmol/L","Humid","22.647","deg","94007","µV","18.564","°C","985.000","hPa","35.0","pmil","0","51.462","deg","22.621","°C","100.000","%a.s.","22.257","deg","22.682","°C","985.000","hPa","0.861","-0.02056","0.00035","-0.00011","0","14.7","Humid","28.35","0","65.20","249424.30","SABD0002000014","AAV2.0.0.13","4.0.0.2353","PSt7-10","000000-000","8/7/2024 3:37:09 PM","0000-00","0","no battery","V","215852","µV","96196","µV"
"08/11/2024","11:46:00","2","default","203499907","Sensor2","30.175","min","234.579","μmol/L","Humid","22.646","deg","94007","µV","18.571","°C","985.000","hPa","35.0","pmil","0","51.462","deg","22.621","°C","100.000","%a.s.","22.257","deg","22.682","°C","985.000","hPa","0.861","-0.02056","0.00035","-0.00011","0","14.7","Humid","28.35","0","65.20","249437.77","SABD0002000014","AAV2.0.0.13","4.0.0.2353","PSt7-10","000000-000","8/7/2024 3:37:09 PM","0000-00","0","no battery","V","215852","µV","96196","µV"
"08/11/2024","11:46:01","2","default","203499907","Sensor2","30.192","min","234.533","μmol/L","Humid","22.646","deg","94003","µV","18.577","°C","985.000","hPa","35.0","pmil","0","51.462","deg","22.621","°C","100.000","%a.s.","22.257","deg","22.682","°C","985.000","hPa","0.861","-0.02056","0.00035","-0.00011","0","14.7","Humid","28.35","0","65.20","249433.59","SABD0002000014","AAV2.0.0.13","4.0.0.2353","PSt7-10","000000-000","8/7/2024 3:37:09 PM","0000-00","0","no battery","V","215852","µV","96196","µV"
"08/11/2024","11:46:02","2","default","203499907","Sensor2","30.208","min","234.453","μmol/L","Humid","22.652","deg","94005","µV","18.571","°C","985.000","hPa","35.0","pmil","0","51.462","deg","22.621","°C","100.000","%a.s.","22.257","deg","22.682","°C","985.000","hPa","0.861","-0.02056","0.00035","-0.00011","0","14.7","Humid","28.35","0","65.20","249415.25","SABD0002000014","AAV2.0.0.13","4.0.0.2353","PSt7-10","000000-000","8/7/2024 3:37:09 PM","0000-00","0","no battery","V","215852","µV","96196","µV"
"08/11/2024","11:46:03","2","default","203499907","Sensor2","30.224","min","234.600","μmol/L","Humid","22.645","deg","94002","µV","18.571","°C","985.000","hPa","35.0","pmil","0","51.462","deg","22.621","°C","100.000","%a.s.","22.257","deg","22.682","°C","985.000","hPa","0.861","-0.02056","0.00035","-0.00011","0","14.7","Humid","28.35","0","65.20","249420.94","SABD0002000014","AAV2.0.0.13","4.0.0.2353","PSt7-10","000000-000","8/7/2024 3:37:09 PM","0000-00","0","no battery","V","215852","µV","96196","µV"
"08/11/2024","11:46:04","2","default","203499907","Sensor2","30.241","min","234.470","μmol/L","Humid","22.649","deg","94003","µV","18.577","°C","985.000","hPa","35.0","pmil","0","51.462","deg","22.621","°C","100.000","%a.s.","22.257","deg","22.682","°C","985.000","hPa","0.861","-0.02056","0.00035","-0.00011","0","14.7","Humid","28.35","0","65.20","249415.91","SABD0002000014","AAV2.0.0.13","4.0.0.2353","PSt7-10","000000-000","8/7/2024 3:37:09 PM","0000-00","0","no battery","V","215852","µV","96196","µV"
"08/11/2024","11:46:05","2","default","203499907","Sensor2","30.258","min","234.495","μmol/L","Humid","22.650","deg","94011","µV","18.571","°C","985.000","hPa","35.0","pmil","0","51.462","deg","22.621","°C","100.000","%a.s.","22.257","deg","22.682","°C","985.000","hPa","0.861","-0.02056","0.00035","-0.00011","0","14.7","Humid","28.35","0","65.20","249439.86","SABD0002000014","AAV2.0.0.13","4.0.0.2353","PSt7-10","000000-000","8/7/2024 3:37:09 PM","0000-00","0","no battery","V","215852","µV","96196","µV"
"08/11/2024","11:46:06","2","default","203499907","Sensor2","30.275","min","234.453","μmol/L","Humid","22.652","deg","94008","µV","18.571","°C","985.000","hPa","35.0","pmil","0","51.462","deg","22.621","°C","100.000","%a.s.","22.257","deg","22.682","°C","985.000","hPa","0.861","-0.02056","0.00035","-0.00011","0","14.7","Humid","28.35","0","65.20","249424.83","SABD0002000014","AAV2.0.0.13","4.0.0.2353","PSt7-10","000000-000","8/7/2024 3:37:09 PM","0000-00","0","no battery","V","215852","µV","96196","µV"
"08/11/2024","11:46:07","2","default","203499907","Sensor2","30.291","min","234.449","μmol/L","Humid","22.650","deg","94012","µV","18.577","°C","985.000","hPa","35.0","pmil","0","51.462","deg","22.621","°C","100.000","%a.s.","22.257","deg","22.682","°C","985.000","hPa","0.861","-0.02056","0.00035","-0.00011","0","14.7","Humid","28.35","0","65.20","249432.15","SABD0002000014","AAV2.0.0.13","4.0.0.2353","PSt7-10","000000-000","8/7/2024 3:37:09 PM","0000-00","0","no battery","V","215852","µV","96196","µV"
"08/11/2024","11:46:08","2","default","203499907","Sensor2","30.308","min","234.407","μmol/L","Humid","22.652","deg","94008","µV","18.577","°C","985.000","hPa","35.0","pmil","0","51.462","deg","22.621","°C","100.000","%a.s.","22.257","deg","22.682","°C","985.000","hPa","0.861","-0.02056","0.00035","-0.00011","0","14.7","Humid","28.35","0","65.20","249423.35","SABD0002000014","AAV2.0.0.13","4.0.0.2353","PSt7-10","000000-000","8/7/2024 3:37:09 PM","0000-00","0","no battery","V","215852","µV","96196","µV"
"08/11/2024","11:46:09","2","default","203499907","Sensor2","30.325","min","234.432","μmol/L","Humid","22.653","deg","94016","µV","18.571","°C","985.000","hPa","35.0","pmil","0","51.462","deg","22.621","°C","100.000","%a.s.","22.257","deg","22.682","°C","985.000","hPa","0.861","-0.02056","0.00035","-0.00011","0","14.7","Humid","28.35","0","65.20","249422.51","SABD0002000014","AAV2.0.0.13","4.0.0.2353","PSt7-10","000000-000","8/7/2024 3:37:09 PM","0000-00","0","no battery","V","215852","µV","96196","µV"
"08/11/2024","11:46:10","2","default","203499907","Sensor2","30.342","min","234.407","μmol/L","Humid","22.652","deg","94012","µV","18.577","°C","985.000","hPa","35.0","pmil","0","51.462","deg","22.621","°C","100.000","%a.s.","22.257","deg","22.682","°C","985.000","hPa","0.861","-0.02056","0.00035","-0.00011","0","14.7","Humid","28.35","0","65.20","249424.62","SABD0002000014","AAV2.0.0.13","4.0.0.2353","PSt7-10","000000-000","8/7/2024 3:37:09 PM","0000-00","0","no battery","V","215852","µV","96196","µV"
"08/11/2024","11:46:11","2","default","203499907","Sensor2","30.358","min","234.453","μmol/L","Humid","22.652","deg","94021","µV","18.571","°C","985.000","hPa","35.0","pmil","0","51.462","deg","22.621","°C","100.000","%a.s.","22.257","deg","22.682","°C","985.000","hPa","0.861","-0.02056","0.00035","-0.00011","0","14.7","Humid","28.35","0","65.20","249430.58","SABD0002000014","AAV2.0.0.13","4.0.0.2353","PSt7-10","000000-000","8/7/2024 3:37:09 PM","0000-00","0","no battery","V","215852","µV","96196","µV"
"08/11/2024","11:46:12","2","default","203499907","Sensor2","30.375","min","234.449","μmol/L","Humid","22.650","deg","94024","µV","18.577","°C","985.000","hPa","35.0","pmil","0","51.462","deg","22.621","°C","100.000","%a.s.","22.257","deg","22.682","°C","985.000","hPa","0.861","-0.02056","0.00035","-0.00011","0","14.7","Humid","28.35","0","65.20","249418.35","SABD0002000014","AAV2.0.0.13","4.0.0.2353","PSt7-10","000000-000","8/7/2024 3:37:09 PM","0000-00","0","no battery","V","215852","µV","96196","µV"
"08/11/2024","11:46:13","2","default","203499907","Sensor2","30.392","min","234.453","μmol/L","Humid","22.652","deg","94023","µV","18.571","°C","985.000","hPa","35.0","pmil","0","51.462","deg","22.621","°C","100.000","%a.s.","22.257","deg","22.682","°C","985.000","hPa","0.861","-0.02056","0.00035","-0.00011","0","14.7","Humid","28.35","0","65.20","249428.99","SABD0002000014","AAV2.0.0.13","4.0.0.2353","PSt7-10","000000-000","8/7/2024 3:37:09 PM","0000-00","0","no battery","V","215852","µV","96196","µV"
"08/11/2024","11:46:14","2","default","203499907","Sensor2","30.408","min","234.453","μmol/L","Humid","22.652","deg","94022","µV","18.571","°C","985.000","hPa","35.0","pmil","0","51.462","deg","22.621","°C","100.000","%a.s.","22.257","deg","22.682","°C","985.000","hPa","0.861","-0.02056","0.00035","-0.00011","0","14.7","Humid","28.35","0","65.20","249429.34","SABD0002000014","AAV2.0.0.13","4.0.0.2353","PSt7-10","000000-000","8/7/2024 3:37:09 PM","0000-00","0","no battery","V","215852","µV","96196","µV"
"08/11/2024","11:46:15","2","default","203499907","Sensor2","30.424","min","234.343","μmol/L","Humid","22.655","deg","94030","µV","18.577","°C","985.000","hPa","35.0","pmil","0","51.462","deg","22.621","°C","100.000","%a.s.","22.257","deg","22.682","°C","985.000","hPa","0.861","-0.02056","0.00035","-0.00011","0","14.7","Humid","28.35","0","65.20","249417.83","SABD0002000014","AAV2.0.0.13","4.0.0.2353","PSt7-10","000000-000","8/7/2024 3:37:09 PM","0000-00","0","no battery","V","215852","µV","96196","µV"
"08/11/2024","11:46:16","2","default","203499907","Sensor2","30.441","min","234.364","μmol/L","Humid","22.654","deg","94023","µV","18.577","°C","985.000","hPa","35.0","pmil","0","51.462","deg","22.621","°C","100.000","%a.s.","22.257","deg","22.682","°C","985.000","hPa","0.861","-0.02056","0.00035","-0.00011","0","14.7","Humid","28.35","0","65.20","249420.03","SABD0002000014","AAV2.0.0.13","4.0.0.2353","PSt7-10","000000-000","8/7/2024 3:37:09 PM","0000-00","0","no battery","V","215852","µV","96196","µV"
"08/11/2024","11:46:17","2","default","203499907","Sensor2","30.458","min","234.385","μmol/L","Humid","22.653","deg","94025","µV","18.577","°C","985.000","hPa","35.0","pmil","0","51.462","deg","22.621","°C","100.000","%a.s.","22.257","deg","22.682","°C","985.000","hPa","0.861","-0.02056","0.00035","-0.00011","0","14.7","Humid","28.35","0","65.20","249424.77","SABD0002000014","AAV2.0.0.13","4.0.0.2353","PSt7-10","000000-000","8/7/2024 3:37:09 PM","0000-00","0","no battery","V","215852","µV","96196","µV"
"08/11/2024","11:46:18","2","default","203499907","Sensor2","30.475","min","234.457","μmol/L","Humid","22.654","deg","94030","µV","18.564","°C","985.000","hPa","35.0","pmil","0","51.462","deg","22.621","°C","100.000","%a.s.","22.257","deg","22.682","°C","985.000","hPa","0.861","-0.02056","0.00035","-0.00011","0","14.7","Humid","28.35","0","65.20","249426.66","SABD0002000014","AAV2.0.0.13","4.0.0.2353","PSt7-10","000000-000","8/7/2024 3:37:09 PM","0000-00","0","no battery","V","215852","µV","96196","µV"
"08/11/2024","11:46:19","2","default","203499907","Sensor2","30.491","min","234.390","μmol/L","Humid","22.655","deg","94032","µV","18.571","°C","985.000","hPa","35.0","pmil","0","51.462","deg","22.621","°C","100.000","%a.s.","22.257","deg","22.682","°C","985.000","hPa","0.861","-0.02056","0.00035","-0.00011","0","14.7","Humid","28.35","0","65.20","249427.69","SABD0002000014","AAV2.0.0.13","4.0.0.2353","PSt7-10","000000-000","8/7/2024 3:37:09 PM","0000-00","0","no battery","V","215852","µV","96196","µV"
"08/11/2024","11:46:20","2","default","203499907","Sensor2","30.508","min","234.369","μmol/L","Humid","22.656","deg","94028","µV","18.571","°C","985.000","hPa","35.0","pmil","0","51.462","deg","22.621","°C","100.000","%a.s.","22.257","deg","22.682","°C","985.000","hPa","0.861","-0.02056","0.00035","-0.00011","0","14.7","Humid","28.35","0","65.20","249427.67","SABD0002000014","AAV2.0.0.13","4.0.0.2353","PSt7-10","000000-000","8/7/2024 3:37:09 PM","0000-00","0","no battery","V","215852","µV","96196","µV"
"08/11/2024","11:46:21","2","default","203499907","Sensor2","30.525","min","234.322","μmol/L","Humid","22.656","deg","94046","µV","18.577","°C","985.000","hPa","35.0","pmil","0","51.462","deg","22.621","°C","100.000","%a.s.","22.257","deg","22.682","°C","985.000","hPa","0.861","-0.02056","0.00035","-0.00011","0","14.7","Humid","28.35","0","65.20","249426.54","SABD0002000014","AAV2.0.0.13","4.0.0.2353","PSt7-10","000000-000","8/7/2024 3:37:09 PM","0000-00","0","no battery","V","215852","µV","96196","µV"
"08/11/2024","11:46:22","2","default","203499907","Sensor2","30.542","min","234.394","μmol/L","Humid","22.657","deg","94043","µV","18.564","°C","985.000","hPa","35.0","pmil","0","51.462","deg","22.621","°C","100.000","%a.s.","22.257","deg","22.682","°C","985.000","hPa","0.861","-0.02056","0.00035","-0.00011","0","14.7","Humid","28.35","0","65.20","249427.48","SABD0002000014","AAV2.0.0.13","4.0.0.2353","PSt7-10","000000-000","8/7/2024 3:37:09 PM","0000-00","0","no battery","V","215852","µV","96196","µV"
"08/11/2024","11:46:23","2","default","203499907","Sensor2","30.558","min","234.369","μmol/L","Humid","22.656","deg","94033","µV","18.571","°C","985.000","hPa","35.0","pmil","0","51.462","deg","22.621","°C","100.000","%a.s.","22.257","deg","22.682","°C","985.000","hPa","0.861","-0.02056","0.00035","-0.00011","0","14.7","Humid","28.35","0","65.20","249414.98","SABD0002000014","AAV2.0.0.13","4.0.0.2353","PSt7-10","000000-000","8/7/2024 3:37:09 PM","0000-00","0","no battery","V","215852","µV","96196","µV"
"08/11/2024","11:46:24","2","default","203499907","Sensor2","30.575","min","234.348","μmol/L","Humid","22.657","deg","94048","µV","18.571","°C","985.000","hPa","35.0","pmil","0","51.462","deg","22.621","°C","100.000","%a.s.","22.257","deg","22.682","°C","985.000","hPa","0.861","-0.02056","0.00035","-0.00011","0","14.7","Humid","28.35","0","65.20","249427.77","SABD0002000014","AAV2.0.0.13","4.0.0.2353","PSt7-10","000000-000","8/7/2024 3:37:09 PM","0000-00","0","no battery","V","215852","µV","96196","µV"
"08/11/2024","11:46:25","2","default","203499907","Sensor2","30.591","min","234.238","μmol/L","Humid","22.660","deg","94046","µV","18.577","°C","985.000","hPa","35.0","pmil","0","51.462","deg","22.621","°C","100.000","%a.s.","22.257","deg","22.682","°C","985.000","hPa","0.861","-0.02056","0.00035","-0.00011","0","14.7","Humid","28.35","0","65.20","249429.50","SABD0002000014","AAV2.0.0.13","4.0.0.2353","PSt7-10","000000-000","8/7/2024 3:37:09 PM","0000-00","0","no battery","V","215852","µV","96196","µV"
"08/11/2024","11:46:26","2","default","203499907","Sensor2","30.608","min","234.348","μmol/L","Humid","22.657","deg","94038","µV","18.571","°C","985.000","hPa","35.0","pmil","0","51.462","deg","22.621","°C","100.000","%a.s.","22.257","deg","22.682","°C","985.000","hPa","0.861","-0.02056","0.00035","-0.00011","0","14.7","Humid","28.35","0","65.20","249412.43","SABD0002000014","AAV2.0.0.13","4.0.0.2353","PSt7-10","000000-000","8/7/2024 3:37:09 PM","0000-00","0","no battery","V","215852","µV","96196","µV"
"08/11/2024","11:46:27","2","default","203499907","Sensor2","30.625","min","234.154","μmol/L","Humid","22.664","deg","94046","µV","18.577","°C","985.000","hPa","35.0","pmil","0","51.462","deg","22.621","°C","100.000","%a.s.","22.257","deg","22.682","°C","985.000","hPa","0.861","-0.02056","0.00035","-0.00011","0","14.7","Humid","28.35","0","65.20","249426.31","SABD0002000014","AAV2.0.0.13","4.0.0.2353","PSt7-10","000000-000","8/7/2024 3:37:09 PM","0000-00","0","no battery","V","215852","µV","96196","µV"
"08/11/2024","11:46:28","2","default","203499907","Sensor2","30.641","min","234.242","μmol/L","Humid","22.662","deg","94048","µV","18.571","°C","985.000","hPa","35.0","pmil","0","51.462","deg","22.621","°C","100.000","%a.s.","22.257","deg","22.682","°C","985.000","hPa","0.861","-0.02056","0.00035","-0.00011","0","14.7","Humid","28.35","0","65.20","249412.59","SABD0002000014","AAV2.0.0.13","4.0.0.2353","PSt7-10","000000-000","8/7/2024 3:37:09 PM","0000-00","0","no battery","V","215852","µV","96196","µV"
"08/11/2024","11:46:29","2","default","203499907","Sensor2","30.658","min","234.242","μmol/L","Humid","22.662","deg","94050","µV","18.571","°C","985.000","hPa","35.0","pmil","0","51.462","deg","22.621","°C","100.000","%a.s.","22.257","deg","22.682","°C","985.000","hPa","0.861","-0.02056","0.00035","-0.00011","0","14.7","Humid","28.35","0","65.20","249433.06","SABD0002000014","AAV2.0.0.13","4.0.0.2353","PSt7-10","000000-000","8/7/2024 3:37:09 PM","0000-00","0","no battery","V","215852","µV","96196","µV"
"08/11/2024","11:46:30","2","default","203499907","Sensor2","30.674","min","234.268","μmol/L","Humid","22.663","deg","94052","µV","18.564","°C","985.000","hPa","35.0","pmil","0","51.462","deg","22.621","°C","100.000","%a.s.","22.257","deg","22.682","°C","985.000","hPa","0.861","-0.02056","0.00035","-0.00011","0","14.7","Humid","28.35","0","65.20","249409.07","SABD0002000014","AAV2.0.0.13","4.0.0.2353","PSt7-10","000000-000","8/7/2024 3:37:09 PM","0000-00","0","no battery","V","215852","µV","96196","µV"
"08/11/2024","11:46:31","2","default","203499907","Sensor2","30.691","min","234.348","μmol/L","Humid","22.657","deg","94055","µV","18.571","°C","985.000","hPa","35.0","pmil","0","51.462","deg","22.621","°C","100.000","%a.s.","22.257","deg","22.682","°C","985.000","hPa","0.861","-0.02056","0.00035","-0.00011","0","14.7","Humid","28.35","0","65.20","249413.52","SABD0002000014","AAV2.0.0.13","4.0.0.2353","PSt7-10","000000-000","8/7/2024 3:37:09 PM","0000-00","0","no battery","V","215852","µV","96196","µV"
"08/11/2024","11:46:32","2","default","203499907","Sensor2","30.708","min","234.221","μmol/L","Humid","22.663","deg","94055","µV","18.571","°C","985.000","hPa","35.0","pmil","0","51.462","deg","22.621","°C","100.000","%a.s.","22.257","deg","22.682","°C","985.000","hPa","0.861","-0.02056","0.00035","-0.00011","0","14.7","Humid","28.35","0","65.20","249417.73","SABD0002000014","AAV2.0.0.13","4.0.0.2353","PSt7-10","000000-000","8/7/2024 3:37:09 PM","0000-00","0","no battery","V","215852","µV","96196","µV"
"08/11/2024","11:46:33","2","default","203499907","Sensor2","30.725","min","234.331","μmol/L","Humid","22.660","deg","94049","µV","18.564","°C","985.000","hPa","35.0","pmil","0","51.462","deg","22.621","°C","100.000","%a.s.","22.257","deg","22.682","°C","985.000","hPa","0.861","-0.02056","0.00035","-0.00011","0","14.7","Humid","28.35","0","65.20","249427.66","SABD0002000014","AAV2.0.0.13","4.0.0.2353","PSt7-10","000000-000","8/7/2024 3:37:09 PM","0000-00","0","no battery","V","215852","µV","96196","µV"
"08/11/2024","11:46:34","2","default","203499907","Sensor2","30.741","min","234.221","μmol/L","Humid","22.663","deg","94059","µV","18.571","°C","985.000","hPa","35.0","pmil","0","51.462","deg","22.621","°C","100.000","%a.s.","22.257","deg","22.682","°C","985.000","hPa","0.861","-0.02056","0.00035","-0.00011","0","14.7","Humid","28.35","0","65.20","249415.20","SABD0002000014","AAV2.0.0.13","4.0.0.2353","PSt7-10","000000-000","8/7/2024 3:37:09 PM","0000-00","0","no battery","V","215852","µV","96196","µV"
"08/11/2024","11:46:35","2","default","203499907","Sensor2","30.758","min","234.183","μmol/L","Humid","22.667","deg","94056","µV","18.564","°C","985.000","hPa","35.0","pmil","0","51.462","deg","22.621","°C","100.000","%a.s.","22.257","deg","22.682","°C","985.000","hPa","0.861","-0.02056","0.00035","-0.00011","0","14.7","Humid","28.35","0","65.20","249410.75","SABD0002000014","AAV2.0.0.13","4.0.0.2353","PSt7-10","000000-000","8/7/2024 3:37:09 PM","0000-00","0","no battery","V","215852","µV","96196","µV"
"08/11/2024","11:46:36","2","default","203499907","Sensor2","30.775","min","234.242","μmol/L","Humid","22.662","deg","94054","µV","18.571","°C","985.000","hPa","35.0","pmil","0","51.462","deg","22.621","°C","100.000","%a.s.","22.257","deg","22.682","°C","985.000","hPa","0.861","-0.02056","0.00035","-0.00011","0","14.7","Humid","28.35","0","65.20","249409.84","SABD0002000014","AAV2.0.0.13","4.0.0.2353","PSt7-10","000000-000","8/7/2024 3:37:09 PM","0000-00","0","no battery","V","215852","µV","96196","µV"
"08/11/2024","11:46:37","2","default","203499907","Sensor2","30.792","min","234.158","μmol/L","Humid","22.666","deg","94061","µV","18.571","°C","985.000","hPa","35.0","pmil","0","51.462","deg","22.621","°C","100.000","%a.s.","22.257","deg","22.682","°C","985.000","hPa","0.861","-0.02056","0.00035","-0.00011","0","14.7","Humid","28.35","0","65.20","249418.06","SABD0002000014","AAV2.0.0.13","4.0.0.2353","PSt7-10","000000-000","8/7/2024 3:37:09 PM","0000-00","0","no battery","V","215852","µV","96196","µV"
"08/11/2024","11:46:38","2","default","203499907","Sensor2","30.808","min","234.116","μmol/L","Humid","22.668","deg","94060","µV","18.571","°C","985.000","hPa","35.0","pmil","0","51.462","deg","22.621","°C","100.000","%a.s.","22.257","deg","22.682","°C","985.000","hPa","0.861","-0.02056","0.00035","-0.00011","0","14.7","Humid","28.35","0","65.20","249415.02","SABD0002000014","AAV2.0.0.13","4.0.0.2353","PSt7-10","000000-000","8/7/2024 3:37:09 PM","0000-00","0","no battery","V","215852","µV","96196","µV"
"08/11/2024","11:46:39","2","default","203499907","Sensor2","30.825","min","234.263","μmol/L","Humid","22.661","deg","94064","µV","18.571","°C","985.000","hPa","35.0","pmil","0","51.462","deg","22.621","°C","100.000","%a.s.","22.257","deg","22.682","°C","985.000","hPa","0.861","-0.02056","0.00035","-0.00011","0","14.7","Humid","28.35","0","65.20","249419.18","SABD0002000014","AAV2.0.0.13","4.0.0.2353","PSt7-10","000000-000","8/7/2024 3:37:09 PM","0000-00","0","no battery","V","215852","µV","96196","µV"
"08/11/2024","11:46:40","2","default","203499907","Sensor2","30.841","min","234.200","μmol/L","Humid","22.664","deg","94070","µV","18.571","°C","985.000","hPa","35.0","pmil","0","51.462","deg","22.621","°C","100.000","%a.s.","22.257","deg","22.682","°C","985.000","hPa","0.861","-0.02056","0.00035","-0.00011","0","14.7","Humid","28.35","0","65.20","249418.24","SABD0002000014","AAV2.0.0.13","4.0.0.2353","PSt7-10","000000-000","8/7/2024 3:37:09 PM","0000-00","0","no battery","V","215852","µV","96196","µV"
"08/11/2024","11:46:41","2","default","203499907","Sensor2","30.858","min","234.179","μmol/L","Humid","22.665","deg","94065","µV","18.571","°C","985.000","hPa","35.0","pmil","0","51.462","deg","22.621","°C","100.000","%a.s.","22.257","deg","22.682","°C","985.000","hPa","0.861","-0.02056","0.00035","-0.00011","0","14.7","Humid","28.35","0","65.20","249413.85","SABD0002000014","AAV2.0.0.13","4.0.0.2353","PSt7-10","000000-000","8/7/2024 3:37:09 PM","0000-00","0","no battery","V","215852","µV","96196","µV"
"08/11/2024","11:46:42","2","default","203499907","Sensor2","30.874","min","234.158","μmol/L","Humid","22.666","deg","94066","µV","18.571","°C","985.000","hPa","35.0","pmil","0","51.462","deg","22.621","°C","100.000","%a.s.","22.257","deg","22.682","°C","985.000","hPa","0.861","-0.02056","0.00035","-0.00011","0","14.7","Humid","28.35","0","65.20","249410.66","SABD0002000014","AAV2.0.0.13","4.0.0.2353","PSt7-10","000000-000","8/7/2024 3:37:09 PM","0000-00","0","no battery","V","215852","µV","96196","µV"
"08/11/2024","11:46:43","2","default","203499907","Sensor2","30.891","min","234.175","μmol/L","Humid","22.663","deg","94069","µV","18.577","°C","985.000","hPa","35.0","pmil","0","51.462","deg","22.621","°C","100.000","%a.s.","22.257","deg","22.682","°C","985.000","hPa","0.861","-0.02056","0.00035","-0.00011","0","14.7","Humid","28.35","0","65.20","249415.16","SABD0002000014","AAV2.0.0.13","4.0.0.2353","PSt7-10","000000-000","8/7/2024 3:37:09 PM","0000-00","0","no battery","V","215852","µV","96196","µV"
"08/11/2024","11:46:44","2","default","203499907","Sensor2","30.908","min","234.162","μmol/L","Humid","22.668","deg","94081","µV","18.564","°C","985.000","hPa","35.0","pmil","0","51.462","deg","22.621","°C","100.000","%a.s.","22.257","deg","22.682","°C","985.000","hPa","0.861","-0.02056","0.00035","-0.00011","0","14.7","Humid","28.35","0","65.20","249418.73","SABD0002000014","AAV2.0.0.13","4.0.0.2353","PSt7-10","000000-000","8/7/2024 3:37:09 PM","0000-00","0","no battery","V","215852","µV","96196","µV"
"08/11/2024","11:46:45","2","default","203499907","Sensor2","30.925","min","234.137","μmol/L","Humid","22.667","deg","94076","µV","18.571","°C","985.000","hPa","35.0","pmil","0","51.462","deg","22.621","°C","100.000","%a.s.","22.257","deg","22.682","°C","985.000","hPa","0.861","-0.02056","0.00035","-0.00011","0","14.7","Humid","28.35","0","65.20","249424.58","SABD0002000014","AAV2.0.0.13","4.0.0.2353","PSt7-10","000000-000","8/7/2024 3:37:09 PM","0000-00","0","no battery","V","215852","µV","96196","µV"
"08/11/2024","11:46:46","2","default","203499907","Sensor2","30.941","min","234.120","μmol/L","Humid","22.670","deg","94075","µV","18.564","°C","985.000","hPa","35.0","pmil","0","51.462","deg","22.621","°C","100.000","%a.s.","22.257","deg","22.682","°C","985.000","hPa","0.861","-0.02056","0.00035","-0.00011","0","14.7","Humid","28.35","0","65.20","249413.60","SABD0002000014","AAV2.0.0.13","4.0.0.2353","PSt7-10","000000-000","8/7/2024 3:37:09 PM","0000-00","0","no battery","V","215852","µV","96196","µV"
"08/11/2024","11:46:47","2","default","203499907","Sensor2","30.958","min","234.120","μmol/L","Humid","22.670","deg","94092","µV","18.564","°C","985.000","hPa","35.0","pmil","0","51.462","deg","22.621","°C","100.000","%a.s.","22.257","deg","22.682","°C","985.000","hPa","0.861","-0.02056","0.00035","-0.00011","0","14.7","Humid","28.35","0","65.20","249426.61","SABD0002000014","AAV2.0.0.13","4.0.0.2353","PSt7-10","000000-000","8/7/2024 3:37:09 PM","0000-00","0","no battery","V","215852","µV","96196","µV"
"08/11/2024","11:46:48","2","default","203499907","Sensor2","30.975","min","234.158","μmol/L","Humid","22.666","deg","94086","µV","18.571","°C","985.000","hPa","35.0","pmil","0","51.462","deg","22.621","°C","100.000","%a.s.","22.257","deg","22.682","°C","985.000","hPa","0.861","-0.02056","0.00035","-0.00011","0","14.7","Humid","28.35","0","65.20","249427.20","SABD0002000014","AAV2.0.0.13","4.0.0.2353","PSt7-10","000000-000","8/7/2024 3:37:09 PM","0000-00","0","no battery","V","215852","µV","96196","µV"
"08/11/2024","11:46:49","2","default","203499907","Sensor2","30.991","min","234.158","μmol/L","Humid","22.666","deg","94082","µV","18.571","°C","985.000","hPa","35.0","pmil","0","51.462","deg","22.621","°C","100.000","%a.s.","22.257","deg","22.682","°C","985.000","hPa","0.861","-0.02056","0.00035","-0.00011","0","14.7","Humid","28.35","0","65.20","249423.60","SABD0002000014","AAV2.0.0.13","4.0.0.2353","PSt7-10","000000-000","8/7/2024 3:37:09 PM","0000-00","0","no battery","V","215852","µV","96196","µV"
"08/11/2024","11:46:50","2","default","203499907","Sensor2","31.008","min","234.095","μmol/L","Humid","22.669","deg","94086","µV","18.571","°C","985.000","hPa","35.0","pmil","0","51.462","deg","22.621","°C","100.000","%a.s.","22.257","deg","22.682","°C","985.000","hPa","0.861","-0.02056","0.00035","-0.00011","0","14.7","Humid","28.35","0","65.20","249416.73","SABD0002000014","AAV2.0.0.13","4.0.0.2353","PSt7-10","000000-000","8/7/2024 3:37:09 PM","0000-00","0","no battery","V","215852","µV","96196","µV"
"08/11/2024","11:46:51","2","default","203499907","Sensor2","31.025","min","234.158","μmol/L","Humid","22.666","deg","94090","µV","18.571","°C","985.000","hPa","35.0","pmil","0","51.462","deg","22.621","°C","100.000","%a.s.","22.257","deg","22.682","°C","985.000","hPa","0.861","-0.02056","0.00035","-0.00011","0","14.7","Humid","28.35","0","65.20","249430.58","SABD0002000014","AAV2.0.0.13","4.0.0.2353","PSt7-10","000000-000","8/7/2024 3:37:09 PM","0000-00","0","no battery","V","215852","µV","96196","µV"
"08/11/2024","11:46:52","2","default","203499907","Sensor2","31.042","min","234.095","μmol/L","Humid","22.669","deg","94093","µV","18.571","°C","985.000","hPa","35.0","pmil","0","51.462","deg","22.621","°C","100.000","%a.s.","22.257","deg","22.682","°C","985.000","hPa","0.861","-0.02056","0.00035","-0.00011","0","14.7","Humid","28.35","0","65.20","249428.55","SABD0002000014","AAV2.0.0.13","4.0.0.2353","PSt7-10","000000-000","8/7/2024 3:37:09 PM","0000-00","0","no battery","V","215852","µV","96196","µV"
"08/11/2024","11:46:53","2","default","203499907","Sensor2","31.058","min","234.141","μmol/L","Humid","22.669","deg","94089","µV","18.564","°C","985.000","hPa","35.0","pmil","0","51.462","deg","22.621","°C","100.000","%a.s.","22.257","deg","22.682","°C","985.000","hPa","0.861","-0.02056","0.00035","-0.00011","0","14.7","Humid","28.35","0","65.20","249414.75","SABD0002000014","AAV2.0.0.13","4.0.0.2353","PSt7-10","000000-000","8/7/2024 3:37:09 PM","0000-00","0","no battery","V","215852","µV","96196","µV"
"08/11/2024","11:46:54","2","default","203499907","Sensor2","31.075","min","234.099","μmol/L","Humid","22.671","deg","94088","µV","18.564","°C","985.000","hPa","35.0","pmil","0","51.462","deg","22.621","°C","100.000","%a.s.","22.257","deg","22.682","°C","985.000","hPa","0.861","-0.02056","0.00035","-0.00011","0","14.7","Humid","28.35","0","65.20","249414.70","SABD0002000014","AAV2.0.0.13","4.0.0.2353","PSt7-10","000000-000","8/7/2024 3:37:09 PM","0000-00","0","no battery","V","215852","µV","96196","µV"
"08/11/2024","11:46:55","2","default","203499907","Sensor2","31.091","min","234.053","μmol/L","Humid","22.671","deg","94092","µV","18.571","°C","985.000","hPa","35.0","pmil","0","51.462","deg","22.621","°C","100.000","%a.s.","22.257","deg","22.682","°C","985.000","hPa","0.861","-0.02056","0.00035","-0.00011","0","14.7","Humid","28.35","0","65.20","249417.02","SABD0002000014","AAV2.0.0.13","4.0.0.2353","PSt7-10","000000-000","8/7/2024 3:37:09 PM","0000-00","0","no battery","V","215852","µV","96196","µV"
"08/11/2024","11:46:56","2","default","203499907","Sensor2","31.108","min","234.032","μmol/L","Humid","22.672","deg","94090","µV","18.571","°C","985.000","hPa","35.0","pmil","0","51.462","deg","22.621","°C","100.000","%a.s.","22.257","deg","22.682","°C","985.000","hPa","0.861","-0.02056","0.00035","-0.00011","0","14.7","Humid","28.35","0","65.20","249407.26","SABD0002000014","AAV2.0.0.13","4.0.0.2353","PSt7-10","000000-000","8/7/2024 3:37:09 PM","0000-00","0","no battery","V","215852","µV","96196","µV"
"08/11/2024","11:46:57","2","default","203499907","Sensor2","31.124","min","234.078","μmol/L","Humid","22.672","deg","94093","µV","18.564","°C","985.000","hPa","35.0","pmil","0","51.462","deg","22.621","°C","100.000","%a.s.","22.257","deg","22.682","°C","985.000","hPa","0.861","-0.02056","0.00035","-0.00011","0","14.7","Humid","28.35","0","65.20","249421.05","SABD0002000014","AAV2.0.0.13","4.0.0.2353","PSt7-10","000000-000","8/7/2024 3:37:09 PM","0000-00","0","no battery","V","215852","µV","96196","µV"
"08/11/2024","11:46:58","2","default","203499907","Sensor2","31.141","min","234.011","μmol/L","Humid","22.673","deg","94098","µV","18.571","°C","985.000","hPa","35.0","pmil","0","51.462","deg","22.621","°C","100.000","%a.s.","22.257","deg","22.682","°C","985.000","hPa","0.861","-0.02056","0.00035","-0.00011","0","14.7","Humid","28.35","0","65.20","249403.50","SABD0002000014","AAV2.0.0.13","4.0.0.2353","PSt7-10","000000-000","8/7/2024 3:37:09 PM","0000-00","0","no battery","V","215852","µV","96196","µV"
"08/11/2024","11:46:59","2","default","203499907","Sensor2","31.158","min","233.973","μmol/L","Humid","22.677","deg","94097","µV","18.564","°C","985.000","hPa","35.0","pmil","0","51.462","deg","22.621","°C","100.000","%a.s.","22.257","deg","22.682","°C","985.000","hPa","0.861","-0.02056","0.00035","-0.00011","0","14.7","Humid","28.35","0","65.20","249407.63","SABD0002000014","AAV2.0.0.13","4.0.0.2353","PSt7-10","000000-000","8/7/2024 3:37:09 PM","0000-00","0","no battery","V","215852","µV","96196","µV"
"08/11/2024","11:47:00","2","default","203499907","Sensor2","31.175","min","233.948","μmol/L","Humid","22.676","deg","94103","µV","18.571","°C","985.000","hPa","35.0","pmil","0","51.462","deg","22.621","°C","100.000","%a.s.","22.257","deg","22.682","°C","985.000","hPa","0.861","-0.02056","0.00035","-0.00011","0","14.7","Humid","28.35","0","65.20","249405.45","SABD0002000014","AAV2.0.0.13","4.0.0.2353","PSt7-10","000000-000","8/7/2024 3:37:09 PM","0000-00","0","no battery","V","215852","µV","96196","µV"
"08/11/2024","11:47:01","2","default","203499907","Sensor2","31.191","min","233.923","μmol/L","Humid","22.675","deg","94100","µV","18.577","°C","985.000","hPa","35.0","pmil","0","51.462","deg","22.621","°C","100.000","%a.s.","22.257","deg","22.682","°C","985.000","hPa","0.861","-0.02056","0.00035","-0.00011","0","14.7","Humid","28.35","0","65.20","249414.53","SABD0002000014","AAV2.0.0.13","4.0.0.2353","PSt7-10","000000-000","8/7/2024 3:37:09 PM","0000-00","0","no battery","V","215852","µV","96196","µV"
"08/11/2024","11:47:02","2","default","203499907","Sensor2","31.208","min","234.057","μmol/L","Humid","22.673","deg","94103","µV","18.564","°C","985.000","hPa","35.0","pmil","0","51.462","deg","22.621","°C","100.000","%a.s.","22.257","deg","22.682","°C","985.000","hPa","0.861","-0.02056","0.00035","-0.00011","0","14.7","Humid","28.35","0","65.20","249403.20","SABD0002000014","AAV2.0.0.13","4.0.0.2353","PSt7-10","000000-000","8/7/2024 3:37:09 PM","0000-00","0","no battery","V","215852","µV","96196","µV"
"08/11/2024","11:47:03","2","default","203499907","Sensor2","31.225","min","233.990","μmol/L","Humid","22.674","deg","94107","µV","18.571","°C","985.000","hPa","35.0","pmil","0","51.462","deg","22.621","°C","100.000","%a.s.","22.257","deg","22.682","°C","985.000","hPa","0.861","-0.02056","0.00035","-0.00011","0","14.7","Humid","28.35","0","65.20","249408.28","SABD0002000014","AAV2.0.0.13","4.0.0.2353","PSt7-10","000000-000","8/7/2024 3:37:09 PM","0000-00","0","no battery","V","215852","µV","96196","µV"
"08/11/2024","11:47:04","2","default","203499907","Sensor2","31.242","min","234.099","μmol/L","Humid","22.671","deg","94102","µV","18.564","°C","985.000","hPa","35.0","pmil","0","51.462","deg","22.621","°C","100.000","%a.s.","22.257","deg","22.682","°C","985.000","hPa","0.861","-0.02056","0.00035","-0.00011","0","14.7","Humid","28.35","0","65.20","249408.56","SABD0002000014","AAV2.0.0.13","4.0.0.2353","PSt7-10","000000-000","8/7/2024 3:37:09 PM","0000-00","0","no battery","V","215852","µV","96196","µV"
"08/11/2024","11:47:05","2","default","203499907","Sensor2","31.258","min","233.948","μmol/L","Humid","22.676","deg","94107","µV","18.571","°C","985.000","hPa","35.0","pmil","0","51.462","deg","22.621","°C","100.000","%a.s.","22.257","deg","22.682","°C","985.000","hPa","0.861","-0.02056","0.00035","-0.00011","0","14.7","Humid","28.35","0","65.20","249409.45","SABD0002000014","AAV2.0.0.13","4.0.0.2353","PSt7-10","000000-000","8/7/2024 3:37:09 PM","0000-00","0","no battery","V","215852","µV","96196","µV"
"08/11/2024","11:47:06","2","default","203499907","Sensor2","31.275","min","233.906","μmol/L","Humid","22.678","deg","94109","µV","18.571","°C","985.000","hPa","35.0","pmil","0","51.462","deg","22.621","°C","100.000","%a.s.","22.257","deg","22.682","°C","985.000","hPa","0.861","-0.02056","0.00035","-0.00011","0","14.7","Humid","28.35","0","65.20","249411.50","SABD0002000014","AAV2.0.0.13","4.0.0.2353","PSt7-10","000000-000","8/7/2024 3:37:09 PM","0000-00","0","no battery","V","215852","µV","96196","µV"
"08/11/2024","11:47:07","2","default","203499907","Sensor2","31.291","min","233.910","μmol/L","Humid","22.680","deg","94105","µV","18.564","°C","985.000","hPa","35.0","pmil","0","51.462","deg","22.621","°C","100.000","%a.s.","22.257","deg","22.682","°C","985.000","hPa","0.861","-0.02056","0.00035","-0.00011","0","14.7","Humid","28.35","0","65.20","249394.13","SABD0002000014","AAV2.0.0.13","4.0.0.2353","PSt7-10","000000-000","8/7/2024 3:37:09 PM","0000-00","0","no battery","V","215852","µV","96196","µV"
"08/11/2024","11:47:08","2","default","203499907","Sensor2","31.308","min","233.931","μmol/L","Humid","22.679","deg","94118","µV","18.564","°C","985.000","hPa","35.0","pmil","0","51.462","deg","22.621","°C","100.000","%a.s.","22.257","deg","22.682","°C","985.000","hPa","0.861","-0.02056","0.00035","-0.00011","0","14.7","Humid","28.35","0","65.20","249413.33","SABD0002000014","AAV2.0.0.13","4.0.0.2353","PSt7-10","000000-000","8/7/2024 3:37:09 PM","0000-00","0","no battery","V","215852","µV","96196","µV"
"08/11/2024","11:47:09","2","default","203499907","Sensor2","31.324","min","233.969","μmol/L","Humid","22.675","deg","94113","µV","18.571","°C","985.000","hPa","35.0","pmil","0","51.462","deg","22.621","°C","100.000","%a.s.","22.257","deg","22.682","°C","985.000","hPa","0.861","-0.02056","0.00035","-0.00011","0","14.7","Humid","28.35","0","65.20","249410.17","SABD0002000014","AAV2.0.0.13","4.0.0.2353","PSt7-10","000000-000","8/7/2024 3:37:09 PM","0000-00","0","no battery","V","215852","µV","96196","µV"
"08/11/2024","11:47:10","2","default","203499907","Sensor2","31.341","min","234.036","μmol/L","Humid","22.674","deg","94109","µV","18.564","°C","985.000","hPa","35.0","pmil","0","51.462","deg","22.621","°C","100.000","%a.s.","22.257","deg","22.682","°C","985.000","hPa","0.861","-0.02056","0.00035","-0.00011","0","14.7","Humid","28.35","0","65.20","249407.92","SABD0002000014","AAV2.0.0.13","4.0.0.2353","PSt7-10","000000-000","8/7/2024 3:37:09 PM","0000-00","0","no battery","V","215852","µV","96196","µV"
"08/11/2024","11:47:11","2","default","203499907","Sensor2","31.358","min","233.906","μmol/L","Humid","22.678","deg","94117","µV","18.571","°C","985.000","hPa","35.0","pmil","0","51.462","deg","22.621","°C","100.000","%a.s.","22.257","deg","22.682","°C","985.000","hPa","0.861","-0.02056","0.00035","-0.00011","0","14.7","Humid","28.35","0","65.20","249417.45","SABD0002000014","AAV2.0.0.13","4.0.0.2353","PSt7-10","000000-000","8/7/2024 3:37:09 PM","0000-00","0","no battery","V","215852","µV","96196","µV"
"08/11/2024","11:47:12","2","default","203499907","Sensor2","31.375","min","233.864","μmol/L","Humid","22.680","deg","94116","µV","18.571","°C","985.000","hPa","35.0","pmil","0","51.462","deg","22.621","°C","100.000","%a.s.","22.257","deg","22.682","°C","985.000","hPa","0.861","-0.02056","0.00035","-0.00011","0","14.7","Humid","28.35","0","65.20","249408.35","SABD0002000014","AAV2.0.0.13","4.0.0.2353","PSt7-10","000000-000","8/7/2024 3:37:09 PM","0000-00","0","no battery","V","215852","µV","96196","µV"
"08/11/2024","11:47:13","2","default","203499907","Sensor2","31.391","min","233.915","μmol/L","Humid","22.682","deg","94117","µV","18.558","°C","985.000","hPa","35.0","pmil","0","51.462","deg","22.621","°C","100.000","%a.s.","22.257","deg","22.682","°C","985.000","hPa","0.861","-0.02056","0.00035","-0.00011","0","14.7","Humid","28.35","0","65.20","249407.19","SABD0002000014","AAV2.0.0.13","4.0.0.2353","PSt7-10","000000-000","8/7/2024 3:37:09 PM","0000-00","0","no battery","V","215852","µV","96196","µV"
"08/11/2024","11:47:14","2","default","203499907","Sensor2","31.408","min","233.952","μmol/L","Humid","22.678","deg","94119","µV","18.564","°C","985.000","hPa","35.0","pmil","0","51.462","deg","22.621","°C","100.000","%a.s.","22.257","deg","22.682","°C","985.000","hPa","0.861","-0.02056","0.00035","-0.00011","0","14.7","Humid","28.35","0","65.20","249403.11","SABD0002000014","AAV2.0.0.13","4.0.0.2353","PSt7-10","000000-000","8/7/2024 3:37:09 PM","0000-00","0","no battery","V","215852","µV","96196","µV"
"08/11/2024","11:47:15","2","default","203499907","Sensor2","31.425","min","233.927","μmol/L","Humid","22.677","deg","94125","µV","18.571","°C","985.000","hPa","35.0","pmil","0","51.462","deg","22.621","°C","100.000","%a.s.","22.257","deg","22.682","°C","985.000","hPa","0.861","-0.02056","0.00035","-0.00011","0","14.7","Humid","28.35","0","65.20","249398.59","SABD0002000014","AAV2.0.0.13","4.0.0.2353","PSt7-10","000000-000","8/7/2024 3:37:09 PM","0000-00","0","no battery","V","215852","µV","96196","µV"
"08/11/2024","11:47:16","2","default","203499907","Sensor2","31.442","min","233.852","μmol/L","Humid","22.685","deg","94124","µV","18.558","°C","985.000","hPa","35.0","pmil","0","51.462","deg","22.621","°C","100.000","%a.s.","22.257","deg","22.682","°C","985.000","hPa","0.861","-0.02056","0.00035","-0.00011","0","14.7","Humid","28.35","0","65.20","249402.73","SABD0002000014","AAV2.0.0.13","4.0.0.2353","PSt7-10","000000-000","8/7/2024 3:37:09 PM","0000-00","0","no battery","V","215852","µV","96196","µV"
"08/11/2024","11:47:17","2","default","203499907","Sensor2","31.458","min","233.797","μmol/L","Humid","22.681","deg","94131","µV","18.577","°C","985.000","hPa","35.0","pmil","0","51.462","deg","22.621","°C","100.000","%a.s.","22.257","deg","22.682","°C","985.000","hPa","0.861","-0.02056","0.00035","-0.00011","0","14.7","Humid","28.35","0","65.20","249415.68","SABD0002000014","AAV2.0.0.13","4.0.0.2353","PSt7-10","000000-000","8/7/2024 3:37:09 PM","0000-00","0","no battery","V","215852","µV","96196","µV"
"08/11/2024","11:47:18","2","default","203499907","Sensor2","31.475","min","233.780","μmol/L","Humid","22.684","deg","94136","µV","18.571","°C","985.000","hPa","35.0","pmil","0","51.462","deg","22.621","°C","100.000","%a.s.","22.257","deg","22.682","°C","985.000","hPa","0.861","-0.02056","0.00035","-0.00011","0","14.7","Humid","28.35","0","65.20","249413.95","SABD0002000014","AAV2.0.0.13","4.0.0.2353","PSt7-10","000000-000","8/7/2024 3:37:09 PM","0000-00","0","no battery","V","215852","µV","96196","µV"
"08/11/2024","11:47:19","2","default","203499907","Sensor2","31.491","min","233.894","μmol/L","Humid","22.683","deg","94131","µV","18.558","°C","985.000","hPa","35.0","pmil","0","51.462","deg","22.621","°C","100.000","%a.s.","22.257","deg","22.682","°C","985.000","hPa","0.861","-0.02056","0.00035","-0.00011","0","14.7","Humid","28.35","0","65.20","249407.46","SABD0002000014","AAV2.0.0.13","4.0.0.2353","PSt7-10","000000-000","8/7/2024 3:37:09 PM","0000-00","0","no battery","V","215852","µV","96196","µV"
"08/11/2024","11:47:20","2","default","203499907","Sensor2","31.508","min","233.776","μmol/L","Humid","22.682","deg","94137","µV","18.577","°C","985.000","hPa","35.0","pmil","0","51.462","deg","22.621","°C","100.000","%a.s.","22.257","deg","22.682","°C","985.000","hPa","0.861","-0.02056","0.00035","-0.00011","0","14.7","Humid","28.35","0","65.20","249408.35","SABD0002000014","AAV2.0.0.13","4.0.0.2353","PSt7-10","000000-000","8/7/2024 3:37:09 PM","0000-00","0","no battery","V","215852","µV","96196","µV"
"08/11/2024","11:47:21","2","default","203499907","Sensor2","31.524","min","233.827","μmol/L","Humid","22.684","deg","94136","µV","18.564","°C","985.000","hPa","35.0","pmil","0","51.462","deg","22.621","°C","100.000","%a.s.","22.257","deg","22.682","°C","985.000","hPa","0.861","-0.02056","0.00035","-0.00011","0","14.7","Humid","28.35","0","65.20","249410.13","SABD0002000014","AAV2.0.0.13","4.0.0.2353","PSt7-10","000000-000","8/7/2024 3:37:09 PM","0000-00","0","no battery","V","215852","µV","96196","µV"
"08/11/2024","11:47:22","2","default","203499907","Sensor2","31.541","min","233.801","μmol/L","Humid","22.683","deg","94127","µV","18.571","°C","985.000","hPa","35.0","pmil","0","51.462","deg","22.621","°C","100.000","%a.s.","22.257","deg","22.682","°C","985.000","hPa","0.861","-0.02056","0.00035","-0.00011","0","14.7","Humid","28.35","0","65.20","249399.68","SABD0002000014","AAV2.0.0.13","4.0.0.2353","PSt7-10","000000-000","8/7/2024 3:37:09 PM","0000-00","0","no battery","V","215852","µV","96196","µV"
"08/11/2024","11:47:23","2","default","203499907","Sensor2","31.558","min","233.822","μmol/L","Humid","22.682","deg","94142","µV","18.571","°C","985.000","hPa","35.0","pmil","0","51.462","deg","22.621","°C","100.000","%a.s.","22.257","deg","22.682","°C","985.000","hPa","0.861","-0.02056","0.00035","-0.00011","0","14.7","Humid","28.35","0","65.20","249410.39","SABD0002000014","AAV2.0.0.13","4.0.0.2353","PSt7-10","000000-000","8/7/2024 3:37:09 PM","0000-00","0","no battery","V","215852","µV","96196","µV"
"08/11/2024","11:47:24","2","default","203499907","Sensor2","31.575","min","233.743","μmol/L","Humid","22.688","deg","94139","µV","18.564","°C","985.000","hPa","35.0","pmil","0","51.462","deg","22.621","°C","100.000","%a.s.","22.257","deg","22.682","°C","985.000","hPa","0.861","-0.02056","0.00035","-0.00011","0","14.7","Humid","28.35","0","65.20","249404.85","SABD0002000014","AAV2.0.0.13","4.0.0.2353","PSt7-10","000000-000","8/7/2024 3:37:09 PM","0000-00","0","no battery","V","215852","µV","96196","µV"
"08/11/2024","11:47:25","2","default","203499907","Sensor2","31.592","min","233.869","μmol/L","Humid","22.682","deg","94141","µV","18.564","°C","985.000","hPa","35.0","pmil","0","51.462","deg","22.621","°C","100.000","%a.s.","22.257","deg","22.682","°C","985.000","hPa","0.861","-0.02056","0.00035","-0.00011","0","14.7","Humid","28.35","0","65.20","249402.69","SABD0002000014","AAV2.0.0.13","4.0.0.2353","PSt7-10","000000-000","8/7/2024 3:37:09 PM","0000-00","0","no battery","V","215852","µV","96196","µV"
"08/11/2024","11:47:26","2","default","203499907","Sensor2","31.608","min","233.780","μmol/L","Humid","22.684","deg","94148","µV","18.571","°C","985.000","hPa","35.0","pmil","0","51.462","deg","22.621","°C","100.000","%a.s.","22.257","deg","22.682","°C","985.000","hPa","0.861","-0.02056","0.00035","-0.00011","0","14.7","Humid","28.35","0","65.20","249406.35","SABD0002000014","AAV2.0.0.13","4.0.0.2353","PSt7-10","000000-000","8/7/2024 3:37:09 PM","0000-00","0","no battery","V","215852","µV","96196","µV"
"08/11/2024","11:47:27","2","default","203499907","Sensor2","31.625","min","233.697","μmol/L","Humid","22.688","deg","94147","µV","18.571","°C","985.000","hPa","35.0","pmil","0","51.462","deg","22.621","°C","100.000","%a.s.","22.257","deg","22.682","°C","985.000","hPa","0.861","-0.02056","0.00035","-0.00011","0","14.7","Humid","28.35","0","65.20","249409.04","SABD0002000014","AAV2.0.0.13","4.0.0.2353","PSt7-10","000000-000","8/7/2024 3:37:09 PM","0000-00","0","no battery","V","215852","µV","96196","µV"
"08/11/2024","11:47:28","2","default","203499907","Sensor2","31.642","min","233.827","μmol/L","Humid","22.684","deg","94144","µV","18.564","°C","985.000","hPa","35.0","pmil","0","51.462","deg","22.621","°C","100.000","%a.s.","22.257","deg","22.682","°C","985.000","hPa","0.861","-0.02056","0.00035","-0.00011","0","14.7","Humid","28.35","0","65.20","249415.62","SABD0002000014","AAV2.0.0.13","4.0.0.2353","PSt7-10","000000-000","8/7/2024 3:37:09 PM","0000-00","0","no battery","V","215852","µV","96196","µV"
"08/11/2024","11:47:29","2","default","203499907","Sensor2","31.658","min","233.852","μmol/L","Humid","22.685","deg","94148","µV","18.558","°C","985.000","hPa","35.0","pmil","0","51.462","deg","22.621","°C","100.000","%a.s.","22.257","deg","22.682","°C","985.000","hPa","0.861","-0.02056","0.00035","-0.00011","0","14.7","Humid","28.35","0","65.20","249404.84","SABD0002000014","AAV2.0.0.13","4.0.0.2353","PSt7-10","000000-000","8/7/2024 3:37:09 PM","0000-00","0","no battery","V","215852","µV","96196","µV"
"08/11/2024","11:47:30","2","default","203499907","Sensor2","31.674","min","233.655","μmol/L","Humid","22.690","deg","94149","µV","18.571","°C","985.000","hPa","35.0","pmil","0","51.462","deg","22.621","°C","100.000","%a.s.","22.257","deg","22.682","°C","985.000","hPa","0.861","-0.02056","0.00035","-0.00011","0","14.7","Humid","28.35","0","65.20","249403.24","SABD0002000014","AAV2.0.0.13","4.0.0.2353","PSt7-10","000000-000","8/7/2024 3:37:09 PM","0000-00","0","no battery","V","215852","µV","96196","µV"
"08/11/2024","11:47:31","2","default","203499907","Sensor2","31.691","min","233.810","μmol/L","Humid","22.687","deg","94147","µV","18.558","°C","985.000","hPa","35.0","pmil","0","51.462","deg","22.621","°C","100.000","%a.s.","22.257","deg","22.682","°C","985.000","hPa","0.861","-0.02056","0.00035","-0.00011","0","14.7","Humid","28.35","0","65.20","249396.91","SABD0002000014","AAV2.0.0.13","4.0.0.2353","PSt7-10","000000-000","8/7/2024 3:37:09 PM","0000-00","0","no battery","V","215852","µV","96196","µV"
"08/11/2024","11:47:32","2","default","203499907","Sensor2","31.708","min","233.701","μmol/L","Humid","22.690","deg","94155","µV","18.564","°C","985.000","hPa","35.0","pmil","0","51.462","deg","22.621","°C","100.000","%a.s.","22.257","deg","22.682","°C","985.000","hPa","0.861","-0.02056","0.00035","-0.00011","0","14.7","Humid","28.35","0","65.20","249405.87","SABD0002000014","AAV2.0.0.13","4.0.0.2353","PSt7-10","000000-000","8/7/2024 3:37:09 PM","0000-00","0","no battery","V","215852","µV","96196","µV"
"08/11/2024","11:47:33","2","default","203499907","Sensor2","31.725","min","233.692","μmol/L","Humid","22.686","deg","94156","µV","18.577","°C","985.000","hPa","35.0","pmil","0","51.462","deg","22.621","°C","100.000","%a.s.","22.257","deg","22.682","°C","985.000","hPa","0.861","-0.02056","0.00035","-0.00011","0","14.7","Humid","28.35","0","65.20","249408.84","SABD0002000014","AAV2.0.0.13","4.0.0.2353","PSt7-10","000000-000","8/7/2024 3:37:09 PM","0000-00","0","no battery","V","215852","µV","96196","µV"
"08/11/2024","11:47:34","2","default","203499907","Sensor2","31.741","min","233.676","μmol/L","Humid","22.689","deg","94155","µV","18.571","°C","985.000","hPa","35.0","pmil","0","51.462","deg","22.621","°C","100.000","%a.s.","22.257","deg","22.682","°C","985.000","hPa","0.861","-0.02056","0.00035","-0.00011","0","14.7","Humid","28.35","0","65.20","249399.98","SABD0002000014","AAV2.0.0.13","4.0.0.2353","PSt7-10","000000-000","8/7/2024 3:37:09 PM","0000-00","0","no battery","V","215852","µV","96196","µV"
"08/11/2024","11:47:35","2","default","203499907","Sensor2","31.758","min","233.680","μmol/L","Humid","22.691","deg","94154","µV","18.564","°C","985.000","hPa","35.0","pmil","0","51.462","deg","22.621","°C","100.000","%a.s.","22.257","deg","22.682","°C","985.000","hPa","0.861","-0.02056","0.00035","-0.00011","0","14.7","Humid","28.35","0","65.20","249404.78","SABD0002000014","AAV2.0.0.13","4.0.0.2353","PSt7-10","000000-000","8/7/2024 3:37:09 PM","0000-00","0","no battery","V","215852","µV","96196","µV"
"08/11/2024","11:47:36","2","default","203499907","Sensor2","31.775","min","233.659","μmol/L","Humid","22.692","deg","94157","µV","18.564","°C","985.000","hPa","35.0","pmil","0","51.462","deg","22.621","°C","100.000","%a.s.","22.257","deg","22.682","°C","985.000","hPa","0.861","-0.02056","0.00035","-0.00011","0","14.7","Humid","28.35","0","65.20","249395.47","SABD0002000014","AAV2.0.0.13","4.0.0.2353","PSt7-10","000000-000","8/7/2024 3:37:09 PM","0000-00","0","no battery","V","215852","µV","96196","µV"
"08/11/2024","11:47:37","2","default","203499907","Sensor2","31.792","min","233.806","μmol/L","Humid","22.685","deg","94160","µV","18.564","°C","985.000","hPa","35.0","pmil","0","51.462","deg","22.621","°C","100.000","%a.s.","22.257","deg","22.682","°C","985.000","hPa","0.861","-0.02056","0.00035","-0.00011","0","14.7","Humid","28.35","0","65.20","249394.82","SABD0002000014","AAV2.0.0.13","4.0.0.2353","PSt7-10","000000-000","8/7/2024 3:37:09 PM","0000-00","0","no battery","V","215852","µV","96196","µV"
"08/11/2024","11:47:38","2","default","203499907","Sensor2","31.808","min","233.789","μmol/L","Humid","22.688","deg","94161","µV","18.558","°C","985.000","hPa","35.0","pmil","0","51.462","deg","22.621","°C","100.000","%a.s.","22.257","deg","22.682","°C","985.000","hPa","0.861","-0.02056","0.00035","-0.00011","0","14.7","Humid","28.35","0","65.20","249401.42","SABD0002000014","AAV2.0.0.13","4.0.0.2353","PSt7-10","000000-000","8/7/2024 3:37:09 PM","0000-00","0","no battery","V","215852","µV","96196","µV"
"08/11/2024","11:47:39","2","default","203499907","Sensor2","31.825","min","233.722","μmol/L","Humid","22.689","deg","94164","µV","18.564","°C","985.000","hPa","35.0","pmil","0","51.462","deg","22.621","°C","100.000","%a.s.","22.257","deg","22.682","°C","985.000","hPa","0.861","-0.02056","0.00035","-0.00011","0","14.7","Humid","28.35","0","65.20","249408.99","SABD0002000014","AAV2.0.0.13","4.0.0.2353","PSt7-10","000000-000","8/7/2024 3:37:09 PM","0000-00","0","no battery","V","215852","µV","96196","µV"
"08/11/2024","11:47:40","2","default","203499907","Sensor2","31.841","min","233.726","μmol/L","Humid","22.691","deg","94169","µV","18.558","°C","985.000","hPa","35.0","pmil","0","51.462","deg","22.621","°C","100.000","%a.s.","22.257","deg","22.682","°C","985.000","hPa","0.861","-0.02056","0.00035","-0.00011","0","14.7","Humid","28.35","0","65.20","249411.26","SABD0002000014","AAV2.0.0.13","4.0.0.2353","PSt7-10","000000-000","8/7/2024 3:37:09 PM","0000-00","0","no battery","V","215852","µV","96196","µV"
"08/11/2024","11:47:41","2","default","203499907","Sensor2","31.858","min","233.701","μmol/L","Humid","22.690","deg","94162","µV","18.564","°C","985.000","hPa","35.0","pmil","0","51.462","deg","22.621","°C","100.000","%a.s.","22.257","deg","22.682","°C","985.000","hPa","0.861","-0.02056","0.00035","-0.00011","0","14.7","Humid","28.35","0","65.20","249405.98","SABD0002000014","AAV2.0.0.13","4.0.0.2353","PSt7-10","000000-000","8/7/2024 3:37:09 PM","0000-00","0","no battery","V","215852","µV","96196","µV"
"08/11/2024","11:47:42","2","default","203499907","Sensor2","31.874","min","233.705","μmol/L","Humid","22.692","deg","94176","µV","18.558","°C","985.000","hPa","35.0","pmil","0","51.462","deg","22.621","°C","100.000","%a.s.","22.257","deg","22.682","°C","985.000","hPa","0.861","-0.02056","0.00035","-0.00011","0","14.7","Humid","28.35","0","65.20","249398.70","SABD0002000014","AAV2.0.0.13","4.0.0.2353","PSt7-10","000000-000","8/7/2024 3:37:09 PM","0000-00","0","no battery","V","215852","µV","96196","µV"
"08/11/2024","11:47:43","2","default","203499907","Sensor2","31.891","min","233.680","μmol/L","Humid","22.691","deg","94167","µV","18.564","°C","985.000","hPa","35.0","pmil","0","51.462","deg","22.621","°C","100.000","%a.s.","22.257","deg","22.682","°C","985.000","hPa","0.861","-0.02056","0.00035","-0.00011","0","14.7","Humid","28.35","0","65.20","249411.81","SABD0002000014","AAV2.0.0.13","4.0.0.2353","PSt7-10","000000-000","8/7/2024 3:37:09 PM","0000-00","0","no battery","V","215852","µV","96196","µV"
"08/11/2024","11:47:44","2","default","203499907","Sensor2","31.908","min","233.684","μmol/L","Humid","22.693","deg","94176","µV","18.558","°C","985.000","hPa","35.0","pmil","0","51.462","deg","22.621","°C","100.000","%a.s.","22.257","deg","22.682","°C","985.000","hPa","0.861","-0.02056","0.00035","-0.00011","0","14.7","Humid","28.35","0","65.20","249402.86","SABD0002000014","AAV2.0.0.13","4.0.0.2353","PSt7-10","000000-000","8/7/2024 3:37:09 PM","0000-00","0","no battery","V","215852","µV","96196","µV"
"08/11/2024","11:47:45","2","default","203499907","Sensor2","31.925","min","233.743","μmol/L","Humid","22.688","deg","94177","µV","18.564","°C","985.000","hPa","35.0","pmil","0","51.462","deg","22.621","°C","100.000","%a.s.","22.257","deg","22.682","°C","985.000","hPa","0.861","-0.02056","0.00035","-0.00011","0","14.7","Humid","28.35","0","65.20","249404.51","SABD0002000014","AAV2.0.0.13","4.0.0.2353","PSt7-10","000000-000","8/7/2024 3:37:09 PM","0000-00","0","no battery","V","215852","µV","96196","µV"
"08/11/2024","11:47:46","2","default","203499907","Sensor2","31.941","min","233.768","μmol/L","Humid","22.689","deg","94174","µV","18.558","°C","985.000","hPa","35.0","pmil","0","51.462","deg","22.621","°C","100.000","%a.s.","22.257","deg","22.682","°C","985.000","hPa","0.861","-0.02056","0.00035","-0.00011","0","14.7","Humid","28.35","0","65.20","249395.82","SABD0002000014","AAV2.0.0.13","4.0.0.2353","PSt7-10","000000-000","8/7/2024 3:37:09 PM","0000-00","0","no battery","V","215852","µV","96196","µV"
"08/11/2024","11:47:47","2","default","203499907","Sensor2","31.958","min","233.613","μmol/L","Humid","22.692","deg","94178","µV","18.571","°C","985.000","hPa","35.0","pmil","0","51.462","deg","22.621","°C","100.000","%a.s.","22.257","deg","22.682","°C","985.000","hPa","0.861","-0.02056","0.00035","-0.00011","0","14.7","Humid","28.35","0","65.20","249411.45","SABD0002000014","AAV2.0.0.13","4.0.0.2353","PSt7-10","000000-000","8/7/2024 3:37:09 PM","0000-00","0","no battery","V","215852","µV","96196","µV"
"08/11/2024","11:47:48","2","default","203499907","Sensor2","31.975","min","233.659","μmol/L","Humid","22.692","deg","94173","µV","18.564","°C","985.000","hPa","35.0","pmil","0","51.462","deg","22.621","°C","100.000","%a.s.","22.257","deg","22.682","°C","985.000","hPa","0.861","-0.02056","0.00035","-0.00011","0","14.7","Humid","28.35","0","65.20","249403.32","SABD0002000014","AAV2.0.0.13","4.0.0.2353","PSt7-10","000000-000","8/7/2024 3:37:09 PM","0000-00","0","no battery","V","215852","µV","96196","µV"
"08/11/2024","11:47:49","2","default","203499907","Sensor2","31.992","min","233.684","μmol/L","Humid","22.693","deg","94176","µV","18.558","°C","985.000","hPa","35.0","pmil","0","51.462","deg","22.621","°C","100.000","%a.s.","22.257","deg","22.682","°C","985.000","hPa","0.861","-0.02056","0.00035","-0.00011","0","14.7","Humid","28.35","0","65.20","249410.86","SABD0002000014","AAV2.0.0.13","4.0.0.2353","PSt7-10","000000-000","8/7/2024 3:37:09 PM","0000-00","0","no battery","V","215852","µV","96196","µV"
"08/11/2024","11:47:50","2","default","203499907","Sensor2","32.008","min","233.579","μmol/L","Humid","22.698","deg","94174","µV","18.558","°C","985.000","hPa","35.0","pmil","0","51.462","deg","22.621","°C","100.000","%a.s.","22.257","deg","22.682","°C","985.000","hPa","0.861","-0.02056","0.00035","-0.00011","0","14.7","Humid","28.35","0","65.20","249396.19","SABD0002000014","AAV2.0.0.13","4.0.0.2353","PSt7-10","000000-000","8/7/2024 3:37:09 PM","0000-00","0","no battery","V","215852","µV","96196","µV"
"08/11/2024","11:47:51","2","default","203499907","Sensor2","32.025","min","233.571","μmol/L","Humid","22.694","deg","94184","µV","18.571","°C","985.000","hPa","35.0","pmil","0","51.462","deg","22.621","°C","100.000","%a.s.","22.257","deg","22.682","°C","985.000","hPa","0.861","-0.02056","0.00035","-0.00011","0","14.7","Humid","28.35","0","65.20","249396.49","SABD0002000014","AAV2.0.0.13","4.0.0.2353","PSt7-10","000000-000","8/7/2024 3:37:09 PM","0000-00","0","no battery","V","215852","µV","96196","µV"
"08/11/2024","11:47:52","2","default","203499907","Sensor2","32.042","min","233.617","μmol/L","Humid","22.694","deg","94188","µV","18.564","°C","985.000","hPa","35.0","pmil","0","51.462","deg","22.621","°C","100.000","%a.s.","22.257","deg","22.682","°C","985.000","hPa","0.861","-0.02056","0.00035","-0.00011","0","14.7","Humid","28.35","0","65.20","249401.01","SABD0002000014","AAV2.0.0.13","4.0.0.2353","PSt7-10","000000-000","8/7/2024 3:37:09 PM","0000-00","0","no battery","V","215852","µV","96196","µV"
"08/11/2024","11:47:53","2","default","203499907","Sensor2","32.058","min","233.575","μmol/L","Humid","22.696","deg","94184","µV","18.564","°C","985.000","hPa","35.0","pmil","0","51.462","deg","22.621","°C","100.000","%a.s.","22.257","deg","22.682","°C","985.000","hPa","0.861","-0.02056","0.00035","-0.00011","0","14.7","Humid","28.35","0","65.20","249399.80","SABD0002000014","AAV2.0.0.13","4.0.0.2353","PSt7-10","000000-000","8/7/2024 3:37:09 PM","0000-00","0","no battery","V","215852","µV","96196","µV"
"08/11/2024","11:47:54","2","default","203499907","Sensor2","32.074","min","233.491","μmol/L","Humid","22.700","deg","94186","µV","18.564","°C","985.000","hPa","35.0","pmil","0","51.462","deg","22.621","°C","100.000","%a.s.","22.257","deg","22.682","°C","985.000","hPa","0.861","-0.02056","0.00035","-0.00011","0","14.7","Humid","28.35","0","65.20","249396.28","SABD0002000014","AAV2.0.0.13","4.0.0.2353","PSt7-10","000000-000","8/7/2024 3:37:09 PM","0000-00","0","no battery","V","215852","µV","96196","µV"
"08/11/2024","11:47:55","2","default","203499907","Sensor2","32.091","min","233.512","μmol/L","Humid","22.699","deg","94189","µV","18.564","°C","985.000","hPa","35.0","pmil","0","51.462","deg","22.621","°C","100.000","%a.s.","22.257","deg","22.682","°C","985.000","hPa","0.861","-0.02056","0.00035","-0.00011","0","14.7","Humid","28.35","0","65.20","249402.06","SABD0002000014","AAV2.0.0.13","4.0.0.2353","PSt7-10","000000-000","8/7/2024 3:37:09 PM","0000-00","0","no battery","V","215852","µV","96196","µV"
"08/11/2024","11:47:56","2","default","203499907","Sensor2","32.108","min","233.537","μmol/L","Humid","22.700","deg","94187","µV","18.558","°C","985.000","hPa","35.0","pmil","0","51.462","deg","22.621","°C","100.000","%a.s.","22.257","deg","22.682","°C","985.000","hPa","0.861","-0.02056","0.00035","-0.00011","0","14.7","Humid","28.35","0","65.20","249412.33","SABD0002000014","AAV2.0.0.13","4.0.0.2353","PSt7-10","000000-000","8/7/2024 3:37:09 PM","0000-00","0","no battery","V","215852","µV","96196","µV"
"08/11/2024","11:47:57","2","default","203499907","Sensor2","32.124","min","233.600","μmol/L","Humid","22.697","deg","94188","µV","18.558","°C","985.000","hPa","35.0","pmil","0","51.462","deg","22.621","°C","100.000","%a.s.","22.257","deg","22.682","°C","985.000","hPa","0.861","-0.02056","0.00035","-0.00011","0","14.7","Humid","28.35","0","65.20","249403.35","SABD0002000014","AAV2.0.0.13","4.0.0.2353","PSt7-10","000000-000","8/7/2024 3:37:09 PM","0000-00","0","no battery","V","215852","µV","96196","µV"
"08/11/2024","11:47:58","2","default","203499907","Sensor2","32.141","min","233.579","μmol/L","Humid","22.698","deg","94197","µV","18.558","°C","985.000","hPa","35.0","pmil","0","51.462","deg","22.621","°C","100.000","%a.s.","22.257","deg","22.682","°C","985.000","hPa","0.861","-0.02056","0.00035","-0.00011","0","14.7","Humid","28.35","0","65.20","249412.22","SABD0002000014","AAV2.0.0.13","4.0.0.2353","PSt7-10","000000-000","8/7/2024 3:37:09 PM","0000-00","0","no battery","V","215852","µV","96196","µV"
"08/11/2024","11:47:59","2","default","203499907","Sensor2","32.158","min","233.558","μmol/L","Humid","22.699","deg","94195","µV","18.558","°C","985.000","hPa","35.0","pmil","0","51.462","deg","22.621","°C","100.000","%a.s.","22.257","deg","22.682","°C","985.000","hPa","0.861","-0.02056","0.00035","-0.00011","0","14.7","Humid","28.35","0","65.20","249397.23","SABD0002000014","AAV2.0.0.13","4.0.0.2353","PSt7-10","000000-000","8/7/2024 3:37:09 PM","0000-00","0","no battery","V","215852","µV","96196","µV"
"08/11/2024","11:48:00","2","default","203499907","Sensor2","32.174","min","233.583","μmol/L","Humid","22.700","deg","94194","µV","18.552","°C","985.000","hPa","35.0","pmil","0","51.462","deg","22.621","°C","100.000","%a.s.","22.257","deg","22.682","°C","985.000","hPa","0.861","-0.02056","0.00035","-0.00011","0","14.7","Humid","28.35","0","65.20","249405.31","SABD0002000014","AAV2.0.0.13","4.0.0.2353","PSt7-10","000000-000","8/7/2024 3:37:09 PM","0000-00","0","no battery","V","215852","µV","96196","µV"
"08/11/2024","11:48:01","2","default","203499907","Sensor2","32.191","min","233.470","μmol/L","Humid","22.701","deg","94192","µV","18.564","°C","985.000","hPa","35.0","pmil","0","51.462","deg","22.621","°C","100.000","%a.s.","22.257","deg","22.682","°C","985.000","hPa","0.861","-0.02056","0.00035","-0.00011","0","14.7","Humid","28.35","0","65.20","249398.89","SABD0002000014","AAV2.0.0.13","4.0.0.2353","PSt7-10","000000-000","8/7/2024 3:37:09 PM","0000-00","0","no battery","V","215852","µV","96196","µV"
"08/11/2024","11:48:02","2","default","203499907","Sensor2","32.208","min","233.554","μmol/L","Humid","22.697","deg","94202","µV","18.564","°C","985.000","hPa","35.0","pmil","0","51.462","deg","22.621","°C","100.000","%a.s.","22.257","deg","22.682","°C","985.000","hPa","0.861","-0.02056","0.00035","-0.00011","0","14.7","Humid","28.35","0","65.20","249402.41","SABD0002000014","AAV2.0.0.13","4.0.0.2353","PSt7-10","000000-000","8/7/2024 3:37:09 PM","0000-00","0","no battery","V","215852","µV","96196","µV"
"08/11/2024","11:48:03","2","default","203499907","Sensor2","32.225","min","233.424","μmol/L","Humid","22.701","deg","94207","µV","18.571","°C","985.000","hPa","35.0","pmil","0","51.462","deg","22.621","°C","100.000","%a.s.","22.257","deg","22.682","°C","985.000","hPa","0.861","-0.02056","0.00035","-0.00011","0","14.7","Humid","28.35","0","65.20","249402.74","SABD0002000014","AAV2.0.0.13","4.0.0.2353","PSt7-10","000000-000","8/7/2024 3:37:09 PM","0000-00","0","no battery","V","215852","µV","96196","µV"
"08/11/2024","11:48:04","2","default","203499907","Sensor2","32.241","min","233.495","μmol/L","Humid","22.702","deg","94203","µV","18.558","°C","985.000","hPa","35.0","pmil","0","51.462","deg","22.621","°C","100.000","%a.s.","22.257","deg","22.682","°C","985.000","hPa","0.861","-0.02056","0.00035","-0.00011","0","14.7","Humid","28.35","0","65.20","249396.62","SABD0002000014","AAV2.0.0.13","4.0.0.2353","PSt7-10","000000-000","8/7/2024 3:37:09 PM","0000-00","0","no battery","V","215852","µV","96196","µV"
"08/11/2024","11:48:05","2","default","203499907","Sensor2","32.258","min","233.604","μmol/L","Humid","22.699","deg","94206","µV","18.552","°C","985.000","hPa","35.0","pmil","0","51.462","deg","22.621","°C","100.000","%a.s.","22.257","deg","22.682","°C","985.000","hPa","0.861","-0.02056","0.00035","-0.00011","0","14.7","Humid","28.35","0","65.20","249403.44","SABD0002000014","AAV2.0.0.13","4.0.0.2353","PSt7-10","000000-000","8/7/2024 3:37:09 PM","0000-00","0","no battery","V","215852","µV","96196","µV"
"08/11/2024","11:48:06","2","default","203499907","Sensor2","32.275","min","233.428","μmol/L","Humid","22.703","deg","94205","µV","18.564","°C","985.000","hPa","35.0","pmil","0","51.462","deg","22.621","°C","100.000","%a.s.","22.257","deg","22.682","°C","985.000","hPa","0.861","-0.02056","0.00035","-0.00011","0","14.7","Humid","28.35","0","65.20","249412.65","SABD0002000014","AAV2.0.0.13","4.0.0.2353","PSt7-10","000000-000","8/7/2024 3:37:09 PM","0000-00","0","no battery","V","215852","µV","96196","µV"
"08/11/2024","11:48:07","2","default","203499907","Sensor2","32.292","min","233.382","μmol/L","Humid","22.703","deg","94210","µV","18.571","°C","985.000","hPa","35.0","pmil","0","51.462","deg","22.621","°C","100.000","%a.s.","22.257","deg","22.682","°C","985.000","hPa","0.861","-0.02056","0.00035","-0.00011","0","14.7","Humid","28.35","0","65.20","249405.97","SABD0002000014","AAV2.0.0.13","4.0.0.2353","PSt7-10","000000-000","8/7/2024 3:37:09 PM","0000-00","0","no battery","V","215852","µV","96196","µV"
"08/11/2024","11:48:08","2","default","203499907","Sensor2","32.308","min","233.403","μmol/L","Humid","22.702","deg","94206","µV","18.571","°C","985.000","hPa","35.0","pmil","0","51.462","deg","22.621","°C","100.000","%a.s.","22.257","deg","22.682","°C","985.000","hPa","0.861","-0.02056","0.00035","-0.00011","0","14.7","Humid","28.35","0","65.20","249394.12","SABD0002000014","AAV2.0.0.13","4.0.0.2353","PSt7-10","000000-000","8/7/2024 3:37:09 PM","0000-00","0","no battery","V","215852","µV","96196","µV"
"08/11/2024","11:48:09","2","default","203499907","Sensor2","32.325","min","233.474","μmol/L","Humid","22.703","deg","94220","µV","18.558","°C","985.000","hPa","35.0","pmil","0","51.462","deg","22.621","°C","100.000","%a.s.","22.257","deg","22.682","°C","985.000","hPa","0.861","-0.02056","0.00035","-0.00011","0","14.7","Humid","28.35","0","65.20","249411.60","SABD0002000014","AAV2.0.0.13","4.0.0.2353","PSt7-10","000000-000","8/7/2024 3:37:09 PM","0000-00","0","no battery","V","215852","µV","96196","µV"
"08/11/2024","11:48:10","2","default","203499907","Sensor2","32.342","min","233.387","μmol/L","Humid","22.705","deg","94214","µV","18.564","°C","985.000","hPa","35.0","pmil","0","51.462","deg","22.621","°C","100.000","%a.s.","22.257","deg","22.682","°C","985.000","hPa","0.861","-0.02056","0.00035","-0.00011","0","14.7","Humid","28.35","0","65.20","249391.59","SABD0002000014","AAV2.0.0.13","4.0.0.2353","PSt7-10","000000-000","8/7/2024 3:37:09 PM","0000-00","0","no battery","V","215852","µV","96196","µV"
"08/11/2024","11:48:11","2","default","203499907","Sensor2","32.358","min","233.362","μmol/L","Humid","22.704","deg","94213","µV","18.571","°C","985.000","hPa","35.0","pmil","0","51.462","deg","22.621","°C","100.000","%a.s.","22.257","deg","22.682","°C","985.000","hPa","0.861","-0.02056","0.00035","-0.00011","0","14.7","Humid","28.35","0","65.20","249391.28","SABD0002000014","AAV2.0.0.13","4.0.0.2353","PSt7-10","000000-000","8/7/2024 3:37:09 PM","0000-00","0","no battery","V","215852","µV","96196","µV"
"08/11/2024","11:48:12","2","default","203499907","Sensor2","32.375","min","233.495","μmol/L","Humid","22.702","deg","94218","µV","18.558","°C","985.000","hPa","35.0","pmil","0","51.462","deg","22.621","°C","100.000","%a.s.","22.257","deg","22.682","°C","985.000","hPa","0.861","-0.02056","0.00035","-0.00011","0","14.7","Humid","28.35","0","65.20","249389.62","SABD0002000014","AAV2.0.0.13","4.0.0.2353","PSt7-10","000000-000","8/7/2024 3:37:09 PM","0000-00","0","no battery","V","215852","µV","96196","µV"
"08/11/2024","11:48:13","2","default","203499907","Sensor2","32.391","min","233.345","μmol/L","Humid","22.707","deg","94226","µV","18.564","°C","985.000","hPa","35.0","pmil","0","51.462","deg","22.621","°C","100.000","%a.s.","22.257","deg","22.682","°C","985.000","hPa","0.861","-0.02056","0.00035","-0.00011","0","14.7","Humid","28.35","0","65.20","249401.39","SABD0002000014","AAV2.0.0.13","4.0.0.2353","PSt7-10","000000-000","8/7/2024 3:37:09 PM","0000-00","0","no battery","V","215852","µV","96196","µV"
"08/11/2024","11:48:14","2","default","203499907","Sensor2","32.408","min","233.495","μmol/L","Humid","22.702","deg","94221","µV","18.558","°C","985.000","hPa","35.0","pmil","0","51.462","deg","22.621","°C","100.000","%a.s.","22.257","deg","22.682","°C","985.000","hPa","0.861","-0.02056","0.00035","-0.00011","0","14.7","Humid","28.35","0","65.20","249406.97","SABD0002000014","AAV2.0.0.13","4.0.0.2353","PSt7-10","000000-000","8/7/2024 3:37:09 PM","0000-00","0","no battery","V","215852","µV","96196","µV"
"08/11/2024","11:48:15","2","default","203499907","Sensor2","32.424","min","233.433","μmol/L","Humid","22.705","deg","94217","µV","18.558","°C","985.000","hPa","35.0","pmil","0","51.462","deg","22.621","°C","100.000","%a.s.","22.257","deg","22.682","°C","985.000","hPa","0.861","-0.02056","0.00035","-0.00011","0","14.7","Humid","28.35","0","65.20","249395.66","SABD0002000014","AAV2.0.0.13","4.0.0.2353","PSt7-10","000000-000","8/7/2024 3:37:09 PM","0000-00","0","no battery","V","215852","µV","96196","µV"
"08/11/2024","11:48:16","2","default","203499907","Sensor2","32.441","min","233.345","μmol/L","Humid","22.707","deg","94228","µV","18.564","°C","985.000","hPa","35.0","pmil","0","51.462","deg","22.621","°C","100.000","%a.s.","22.257","deg","22.682","°C","985.000","hPa","0.861","-0.02056","0.00035","-0.00011","0","14.7","Humid","28.35","0","65.20","249390.95","SABD0002000014","AAV2.0.0.13","4.0.0.2353","PSt7-10","000000-000","8/7/2024 3:37:09 PM","0000-00","0","no battery","V","215852","µV","96196","µV"
"08/11/2024","11:48:17","2","default","203499907","Sensor2","32.458","min","233.428","μmol/L","Humid","22.703","deg","94214","µV","18.564","°C","985.000","hPa","35.0","pmil","0","51.462","deg","22.621","°C","100.000","%a.s.","22.257","deg","22.682","°C","985.000","hPa","0.861","-0.02056","0.00035","-0.00011","0","14.7","Humid","28.35","0","65.20","249387.86","SABD0002000014","AAV2.0.0.13","4.0.0.2353","PSt7-10","000000-000","8/7/2024 3:37:09 PM","0000-00","0","no battery","V","215852","µV","96196","µV"
"08/11/2024","11:48:18","2","default","203499907","Sensor2","32.475","min","233.345","μmol/L","Humid","22.707","deg","94224","µV","18.564","°C","985.000","hPa","35.0","pmil","0","51.462","deg","22.621","°C","100.000","%a.s.","22.257","deg","22.682","°C","985.000","hPa","0.861","-0.02056","0.00035","-0.00011","0","14.7","Humid","28.35","0","65.20","249390.46","SABD0002000014","AAV2.0.0.13","4.0.0.2353","PSt7-10","000000-000","8/7/2024 3:37:09 PM","0000-00","0","no battery","V","215852","µV","96196","µV"
"08/11/2024","11:48:19","2","default","203499907","Sensor2","32.491","min","233.345","μmol/L","Humid","22.707","deg","94224","µV","18.564","°C","985.000","hPa","35.0","pmil","0","51.462","deg","22.621","°C","100.000","%a.s.","22.257","deg","22.682","°C","985.000","hPa","0.861","-0.02056","0.00035","-0.00011","0","14.7","Humid","28.35","0","65.20","249392.74","SABD0002000014","AAV2.0.0.13","4.0.0.2353","PSt7-10","000000-000","8/7/2024 3:37:09 PM","0000-00","0","no battery","V","215852","µV","96196","µV"
"08/11/2024","11:48:20","2","default","203499907","Sensor2","32.508","min","233.433","μmol/L","Humid","22.705","deg","94234","µV","18.558","°C","985.000","hPa","35.0","pmil","0","51.462","deg","22.621","°C","100.000","%a.s.","22.257","deg","22.682","°C","985.000","hPa","0.861","-0.02056","0.00035","-0.00011","0","14.7","Humid","28.35","0","65.20","249399.51","SABD0002000014","AAV2.0.0.13","4.0.0.2353","PSt7-10","000000-000","8/7/2024 3:37:09 PM","0000-00","0","no battery","V","215852","µV","96196","µV"
"08/11/2024","11:48:21","2","default","203499907","Sensor2","32.525","min","233.303","μmol/L","Humid","22.709","deg","94232","µV","18.564","°C","985.000","hPa","35.0","pmil","0","51.462","deg","22.621","°C","100.000","%a.s.","22.257","deg","22.682","°C","985.000","hPa","0.861","-0.02056","0.00035","-0.00011","0","14.7","Humid","28.35","0","65.20","249404.69","SABD0002000014","AAV2.0.0.13","4.0.0.2353","PSt7-10","000000-000","8/7/2024 3:37:09 PM","0000-00","0","no battery","V","215852","µV","96196","µV"
"08/11/2024","11:48:22","2","default","203499907","Sensor2","32.542","min","233.391","μmol/L","Humid","22.707","deg","94232","µV","18.558","°C","985.000","hPa","35.0","pmil","0","51.462","deg","22.621","°C","100.000","%a.s.","22.257","deg","22.682","°C","985.000","hPa","0.861","-0.02056","0.00035","-0.00011","0","14.7","Humid","28.35","0","65.20","249393.48","SABD0002000014","AAV2.0.0.13","4.0.0.2353","PSt7-10","000000-000","8/7/2024 3:37:09 PM","0000-00","0","no battery","V","215852","µV","96196","µV"
"08/11/2024","11:48:23","2","default","203499907","Sensor2","32.558","min","233.370","μmol/L","Humid","22.708","deg","94235","µV","18.558","°C","985.000","hPa","35.0","pmil","0","51.462","deg","22.621","°C","100.000","%a.s.","22.257","deg","22.682","°C","985.000","hPa","0.861","-0.02056","0.00035","-0.00011","0","14.7","Humid","28.35","0","65.20","249402.06","SABD0002000014","AAV2.0.0.13","4.0.0.2353","PSt7-10","000000-000","8/7/2024 3:37:09 PM","0000-00","0","no battery","V","215852","µV","96196","µV"
"08/11/2024","11:48:24","2","default","203499907","Sensor2","32.575","min","233.370","μmol/L","Humid","22.708","deg","94240","µV","18.558","°C","985.000","hPa","35.0","pmil","0","51.462","deg","22.621","°C","100.000","%a.s.","22.257","deg","22.682","°C","985.000","hPa","0.861","-0.02056","0.00035","-0.00011","0","14.7","Humid","28.35","0","65.20","249402.96","SABD0002000014","AAV2.0.0.13","4.0.0.2353","PSt7-10","000000-000","8/7/2024 3:37:09 PM","0000-00","0","no battery","V","215852","µV","96196","µV"
"08/11/2024","11:48:25","2","default","203499907","Sensor2","32.592","min","233.349","μmol/L","Humid","22.709","deg","94227","µV","18.558","°C","985.000","hPa","35.0","pmil","0","51.462","deg","22.621","°C","100.000","%a.s.","22.257","deg","22.682","°C","985.000","hPa","0.861","-0.02056","0.00035","-0.00011","0","14.7","Humid","28.35","0","65.20","249389.98","SABD0002000014","AAV2.0.0.13","4.0.0.2353","PSt7-10","000000-000","8/7/2024 3:37:09 PM","0000-00","0","no battery","V","215852","µV","96196","µV"
"08/11/2024","11:48:26","2","default","203499907","Sensor2","32.608","min","233.307","μmol/L","Humid","22.711","deg","94239","µV","18.558","°C","985.000","hPa","35.0","pmil","0","51.462","deg","22.621","°C","100.000","%a.s.","22.257","deg","22.682","°C","985.000","hPa","0.861","-0.02056","0.00035","-0.00011","0","14.7","Humid","28.35","0","65.20","249397.83","SABD0002000014","AAV2.0.0.13","4.0.0.2353","PSt7-10","000000-000","8/7/2024 3:37:09 PM","0000-00","0","no battery","V","215852","µV","96196","µV"
"08/11/2024","11:48:27","2","default","203499907","Sensor2","32.625","min","233.303","μmol/L","Humid","22.709","deg","94236","µV","18.564","°C","985.000","hPa","35.0","pmil","0","51.462","deg","22.621","°C","100.000","%a.s.","22.257","deg","22.682","°C","985.000","hPa","0.861","-0.02056","0.00035","-0.00011","0","14.7","Humid","28.35","0","65.20","249397.68","SABD0002000014","AAV2.0.0.13","4.0.0.2353","PSt7-10","000000-000","8/7/2024 3:37:09 PM","0000-00","0","no battery","V","215852","µV","96196","µV"
"08/11/2024","11:48:28","2","default","203499907","Sensor2","32.641","min","233.286","μmol/L","Humid","22.712","deg","94240","µV","18.558","°C","985.000","hPa","35.0","pmil","0","51.462","deg","22.621","°C","100.000","%a.s.","22.257","deg","22.682","°C","985.000","hPa","0.861","-0.02056","0.00035","-0.00011","0","14.7","Humid","28.35","0","65.20","249399.07","SABD0002000014","AAV2.0.0.13","4.0.0.2353","PSt7-10","000000-000","8/7/2024 3:37:09 PM","0000-00","0","no battery","V","215852","µV","96196","µV"
"08/11/2024","11:48:29","2","default","203499907","Sensor2","32.658","min","233.328","μmol/L","Humid","22.710","deg","94241","µV","18.558","°C","985.000","hPa","35.0","pmil","0","51.462","deg","22.621","°C","100.000","%a.s.","22.257","deg","22.682","°C","985.000","hPa","0.861","-0.02056","0.00035","-0.00011","0","14.7","Humid","28.35","0","65.20","249398.00","SABD0002000014","AAV2.0.0.13","4.0.0.2353","PSt7-10","000000-000","8/7/2024 3:37:09 PM","0000-00","0","no battery","V","215852","µV","96196","µV"
"08/11/2024","11:48:30","2","default","203499907","Sensor2","32.675","min","233.328","μmol/L","Humid","22.710","deg","94248","µV","18.558","°C","985.000","hPa","35.0","pmil","0","51.462","deg","22.621","°C","100.000","%a.s.","22.257","deg","22.682","°C","985.000","hPa","0.861","-0.02056","0.00035","-0.00011","0","14.7","Humid","28.35","0","65.20","249399.78","SABD0002000014","AAV2.0.0.13","4.0.0.2353","PSt7-10","000000-000","8/7/2024 3:37:09 PM","0000-00","0","no battery","V","215852","µV","96196","µV"
"08/11/2024","11:48:31","2","default","203499907","Sensor2","32.691","min","233.240","μmol/L","Humid","22.712","deg","94245","µV","18.564","°C","985.000","hPa","35.0","pmil","0","51.462","deg","22.621","°C","100.000","%a.s.","22.257","deg","22.682","°C","985.000","hPa","0.861","-0.02056","0.00035","-0.00011","0","14.7","Humid","28.35","0","65.20","249401.25","SABD0002000014","AAV2.0.0.13","4.0.0.2353","PSt7-10","000000-000","8/7/2024 3:37:09 PM","0000-00","0","no battery","V","215852","µV","96196","µV"
"08/11/2024","11:48:32","2","default","203499907","Sensor2","32.708","min","233.219","μmol/L","Humid","22.713","deg","94247","µV","18.564","°C","985.000","hPa","35.0","pmil","0","51.462","deg","22.621","°C","100.000","%a.s.","22.257","deg","22.682","°C","985.000","hPa","0.861","-0.02056","0.00035","-0.00011","0","14.7","Humid","28.35","0","65.20","249393.26","SABD0002000014","AAV2.0.0.13","4.0.0.2353","PSt7-10","000000-000","8/7/2024 3:37:09 PM","0000-00","0","no battery","V","215852","µV","96196","µV"
"08/11/2024","11:48:33","2","default","203499907","Sensor2","32.725","min","233.307","μmol/L","Humid","22.711","deg","94250","µV","18.558","°C","985.000","hPa","35.0","pmil","0","51.462","deg","22.621","°C","100.000","%a.s.","22.257","deg","22.682","°C","985.000","hPa","0.861","-0.02056","0.00035","-0.00011","0","14.7","Humid","28.35","0","65.20","249398.77","SABD0002000014","AAV2.0.0.13","4.0.0.2353","PSt7-10","000000-000","8/7/2024 3:37:09 PM","0000-00","0","no battery","V","215852","µV","96196","µV"
"08/11/2024","11:48:34","2","default","203499907","Sensor2","32.741","min","233.244","μmol/L","Humid","22.714","deg","94258","µV","18.558","°C","985.000","hPa","35.0","pmil","0","51.462","deg","22.621","°C","100.000","%a.s.","22.257","deg","22.682","°C","985.000","hPa","0.861","-0.02056","0.00035","-0.00011","0","14.7","Humid","28.35","0","65.20","249394.18","SABD0002000014","AAV2.0.0.13","4.0.0.2353","PSt7-10","000000-000","8/7/2024 3:37:09 PM","0000-00","0","no battery","V","215852","µV","96196","µV"
"08/11/2024","11:48:35","2","default","203499907","Sensor2","32.758","min","233.265","μmol/L","Humid","22.713","deg","94251","µV","18.558","°C","985.000","hPa","35.0","pmil","0","51.462","deg","22.621","°C","100.000","%a.s.","22.257","deg","22.682","°C","985.000","hPa","0.861","-0.02056","0.00035","-0.00011","0","14.7","Humid","28.35","0","65.20","249398.30","SABD0002000014","AAV2.0.0.13","4.0.0.2353","PSt7-10","000000-000","8/7/2024 3:37:09 PM","0000-00","0","no battery","V","215852","µV","96196","µV"
"08/11/2024","11:48:36","2","default","203499907","Sensor2","32.775","min","233.303","μmol/L","Humid","22.709","deg","94261","µV","18.564","°C","985.000","hPa","35.0","pmil","0","51.462","deg","22.621","°C","100.000","%a.s.","22.257","deg","22.682","°C","985.000","hPa","0.861","-0.02056","0.00035","-0.00011","0","14.7","Humid","28.35","0","65.20","249402.98","SABD0002000014","AAV2.0.0.13","4.0.0.2353","PSt7-10","000000-000","8/7/2024 3:37:09 PM","0000-00","0","no battery","V","215852","µV","96196","µV"
"08/11/2024","11:48:37","2","default","203499907","Sensor2","32.792","min","233.219","μmol/L","Humid","22.713","deg","94256","µV","18.564","°C","985.000","hPa","35.0","pmil","0","51.462","deg","22.621","°C","100.000","%a.s.","22.257","deg","22.682","°C","985.000","hPa","0.861","-0.02056","0.00035","-0.00011","0","14.7","Humid","28.35","0","65.20","249398.68","SABD0002000014","AAV2.0.0.13","4.0.0.2353","PSt7-10","000000-000","8/7/2024 3:37:09 PM","0000-00","0","no battery","V","215852","µV","96196","µV"
"08/11/2024","11:48:38","2","default","203499907","Sensor2","32.808","min","233.182","μmol/L","Humid","22.717","deg","94254","µV","18.558","°C","985.000","hPa","35.0","pmil","0","51.462","deg","22.621","°C","100.000","%a.s.","22.257","deg","22.682","°C","985.000","hPa","0.861","-0.02056","0.00035","-0.00011","0","14.7","Humid","28.35","0","65.20","249378.37","SABD0002000014","AAV2.0.0.13","4.0.0.2353","PSt7-10","000000-000","8/7/2024 3:37:09 PM","0000-00","0","no battery","V","215852","µV","96196","µV"
"08/11/2024","11:48:39","2","default","203499907","Sensor2","32.825","min","233.223","μmol/L","Humid","22.715","deg","94255","µV","18.558","°C","985.000","hPa","35.0","pmil","0","51.462","deg","22.621","°C","100.000","%a.s.","22.257","deg","22.682","°C","985.000","hPa","0.861","-0.02056","0.00035","-0.00011","0","14.7","Humid","28.35","0","65.20","249399.11","SABD0002000014","AAV2.0.0.13","4.0.0.2353","PSt7-10","000000-000","8/7/2024 3:37:09 PM","0000-00","0","no battery","V","215852","µV","96196","µV"
"08/11/2024","11:48:40","2","default","203499907","Sensor2","32.841","min","233.219","μmol/L","Humid","22.713","deg","94255","µV","18.564","°C","985.000","hPa","35.0","pmil","0","51.462","deg","22.621","°C","100.000","%a.s.","22.257","deg","22.682","°C","985.000","hPa","0.861","-0.02056","0.00035","-0.00011","0","14.7","Humid","28.35","0","65.20","249381.84","SABD0002000014","AAV2.0.0.13","4.0.0.2353","PSt7-10","000000-000","8/7/2024 3:37:09 PM","0000-00","0","no battery","V","215852","µV","96196","µV"
"08/11/2024","11:48:41","2","default","203499907","Sensor2","32.858","min","233.115","μmol/L","Humid","22.718","deg","94263","µV","18.564","°C","985.000","hPa","35.0","pmil","0","51.462","deg","22.621","°C","100.000","%a.s.","22.257","deg","22.682","°C","985.000","hPa","0.861","-0.02056","0.00035","-0.00011","0","14.7","Humid","28.35","0","65.20","249390.57","SABD0002000014","AAV2.0.0.13","4.0.0.2353","PSt7-10","000000-000","8/7/2024 3:37:09 PM","0000-00","0","no battery","V","215852","µV","96196","µV"
"08/11/2024","11:48:42","2","default","203499907","Sensor2","32.875","min","233.349","μmol/L","Humid","22.709","deg","94266","µV","18.558","°C","985.000","hPa","35.0","pmil","0","51.462","deg","22.621","°C","100.000","%a.s.","22.257","deg","22.682","°C","985.000","hPa","0.861","-0.02056","0.00035","-0.00011","0","14.7","Humid","28.35","0","65.20","249394.02","SABD0002000014","AAV2.0.0.13","4.0.0.2353","PSt7-10","000000-000","8/7/2024 3:37:09 PM","0000-00","0","no battery","V","215852","µV","96196","µV"
"08/11/2024","11:48:43","2","default","203499907","Sensor2","32.891","min","233.286","μmol/L","Humid","22.712","deg","94272","µV","18.558","°C","985.000","hPa","35.0","pmil","0","51.462","deg","22.621","°C","100.000","%a.s.","22.257","deg","22.682","°C","985.000","hPa","0.861","-0.02056","0.00035","-0.00011","0","14.7","Humid","28.35","0","65.20","249394.07","SABD0002000014","AAV2.0.0.13","4.0.0.2353","PSt7-10","000000-000","8/7/2024 3:37:09 PM","0000-00","0","no battery","V","215852","µV","96196","µV"
"08/11/2024","11:48:44","2","default","203499907","Sensor2","32.908","min","233.207","μmol/L","Humid","22.718","deg","94258","µV","18.552","°C","985.000","hPa","35.0","pmil","0","51.462","deg","22.621","°C","100.000","%a.s.","22.257","deg","22.682","°C","985.000","hPa","0.861","-0.02056","0.00035","-0.00011","0","14.7","Humid","28.35","0","65.20","249375.03","SABD0002000014","AAV2.0.0.13","4.0.0.2353","PSt7-10","000000-000","8/7/2024 3:37:09 PM","0000-00","0","no battery","V","215852","µV","96196","µV"
"08/11/2024","11:48:45","2","default","203499907","Sensor2","32.925","min","233.119","μmol/L","Humid","22.720","deg","94268","µV","18.558","°C","985.000","hPa","35.0","pmil","0","51.462","deg","22.621","°C","100.000","%a.s.","22.257","deg","22.682","°C","985.000","hPa","0.861","-0.02056","0.00035","-0.00011","0","14.7","Humid","28.35","0","65.20","249401.47","SABD0002000014","AAV2.0.0.13","4.0.0.2353","PSt7-10","000000-000","8/7/2024 3:37:09 PM","0000-00","0","no battery","V","215852","µV","96196","µV"
"08/11/2024","11:48:46","2","default","203499907","Sensor2","32.941","min","233.161","μmol/L","Humid","22.718","deg","94271","µV","18.558","°C","985.000","hPa","35.0","pmil","0","51.462","deg","22.621","°C","100.000","%a.s.","22.257","deg","22.682","°C","985.000","hPa","0.861","-0.02056","0.00035","-0.00011","0","14.7","Humid","28.35","0","65.20","249395.89","SABD0002000014","AAV2.0.0.13","4.0.0.2353","PSt7-10","000000-000","8/7/2024 3:37:09 PM","0000-00","0","no battery","V","215852","µV","96196","µV"
"08/11/2024","11:48:47","2","default","203499907","Sensor2","32.958","min","233.290","μmol/L","Humid","22.714","deg","94272","µV","18.552","°C","985.000","hPa","35.0","pmil","0","51.462","deg","22.621","°C","100.000","%a.s.","22.257","deg","22.682","°C","985.000","hPa","0.861","-0.02056","0.00035","-0.00011","0","14.7","Humid","28.35","0","65.20","249392.40","SABD0002000014","AAV2.0.0.13","4.0.0.2353","PSt7-10","000000-000","8/7/2024 3:37:09 PM","0000-00","0","no battery","V","215852","µV","96196","µV"
"08/11/2024","11:48:48","2","default","203499907","Sensor2","32.975","min","233.027","μmol/L","Humid","22.720","deg","94273","µV","18.571","°C","985.000","hPa","35.0","pmil","0","51.462","deg","22.621","°C","100.000","%a.s.","22.257","deg","22.682","°C","985.000","hPa","0.861","-0.02056","0.00035","-0.00011","0","14.7","Humid","28.35","0","65.20","249389.17","SABD0002000014","AAV2.0.0.13","4.0.0.2353","PSt7-10","000000-000","8/7/2024 3:37:09 PM","0000-00","0","no battery","V","215852","µV","96196","µV"
"08/11/2024","11:48:49","2","default","203499907","Sensor2","32.992","min","232.968","μmol/L","Humid","22.725","deg","94272","µV","18.564","°C","985.000","hPa","35.0","pmil","0","51.462","deg","22.621","°C","100.000","%a.s.","22.257","deg","22.682","°C","985.000","hPa","0.861","-0.02056","0.00035","-0.00011","0","14.7","Humid","28.35","0","65.20","249386.93","SABD0002000014","AAV2.0.0.13","4.0.0.2353","PSt7-10","000000-000","8/7/2024 3:37:09 PM","0000-00","0","no battery","V","215852","µV","96196","µV"
"08/11/2024","11:48:50","2","default","203499907","Sensor2","33.008","min","233.115","μmol/L","Humid","22.718","deg","94268","µV","18.564","°C","985.000","hPa","35.0","pmil","0","51.462","deg","22.621","°C","100.000","%a.s.","22.257","deg","22.682","°C","985.000","hPa","0.861","-0.02056","0.00035","-0.00011","0","14.7","Humid","28.35","0","65.20","249383.78","SABD0002000014","AAV2.0.0.13","4.0.0.2353","PSt7-10","000000-000","8/7/2024 3:37:09 PM","0000-00","0","no battery","V","215852","µV","96196","µV"
"08/11/2024","11:48:51","2","default","203499907","Sensor2","33.025","min","233.161","μmol/L","Humid","22.718","deg","94275","µV","18.558","°C","985.000","hPa","35.0","pmil","0","51.462","deg","22.621","°C","100.000","%a.s.","22.257","deg","22.682","°C","985.000","hPa","0.861","-0.02056","0.00035","-0.00011","0","14.7","Humid","28.35","0","65.20","249395.75","SABD0002000014","AAV2.0.0.13","4.0.0.2353","PSt7-10","000000-000","8/7/2024 3:37:09 PM","0000-00","0","no battery","V","215852","µV","96196","µV"
"08/11/2024","11:48:52","2","default","203499907","Sensor2","33.041","min","233.140","μmol/L","Humid","22.719","deg","94284","µV","18.558","°C","985.000","hPa","35.0","pmil","0","51.462","deg","22.621","°C","100.000","%a.s.","22.257","deg","22.682","°C","985.000","hPa","0.861","-0.02056","0.00035","-0.00011","0","14.7","Humid","28.35","0","65.20","249398.54","SABD0002000014","AAV2.0.0.13","4.0.0.2353","PSt7-10","000000-000","8/7/2024 3:37:09 PM","0000-00","0","no battery","V","215852","µV","96196","µV"
"08/11/2024","11:48:53","2","default","203499907","Sensor2","33.058","min","233.035","μmol/L","Humid","22.724","deg","94272","µV","18.558","°C","985.000","hPa","35.0","pmil","0","51.462","deg","22.621","°C","100.000","%a.s.","22.257","deg","22.682","°C","985.000","hPa","0.861","-0.02056","0.00035","-0.00011","0","14.7","Humid","28.35","0","65.20","249389.13","SABD0002000014","AAV2.0.0.13","4.0.0.2353","PSt7-10","000000-000","8/7/2024 3:37:09 PM","0000-00","0","no battery","V","215852","µV","96196","µV"
"08/11/2024","11:48:54","2","default","203499907","Sensor2","33.074","min","233.077","μmol/L","Humid","22.722","deg","94276","µV","18.558","°C","985.000","hPa","35.0","pmil","0","51.462","deg","22.621","°C","100.000","%a.s.","22.257","deg","22.682","°C","985.000","hPa","0.861","-0.02056","0.00035","-0.00011","0","14.7","Humid","28.35","0","65.20","249387.94","SABD0002000014","AAV2.0.0.13","4.0.0.2353","PSt7-10","000000-000","8/7/2024 3:37:09 PM","0000-00","0","no battery","V","215852","µV","96196","µV"
"08/11/2024","11:48:55","2","default","203499907","Sensor2","33.091","min","233.207","μmol/L","Humid","22.718","deg","94276","µV","18.552","°C","985.000","hPa","35.0","pmil","0","51.462","deg","22.621","°C","100.000","%a.s.","22.257","deg","22.682","°C","985.000","hPa","0.861","-0.02056","0.00035","-0.00011","0","14.7","Humid","28.35","0","65.20","249389.93","SABD0002000014","AAV2.0.0.13","4.0.0.2353","PSt7-10","000000-000","8/7/2024 3:37:09 PM","0000-00","0","no battery","V","215852","µV","96196","µV"
"08/11/2024","11:48:56","2","default","203499907","Sensor2","33.108","min","233.077","μmol/L","Humid","22.722","deg","94275","µV","18.558","°C","985.000","hPa","35.0","pmil","0","51.462","deg","22.621","°C","100.000","%a.s.","22.257","deg","22.682","°C","985.000","hPa","0.861","-0.02056","0.00035","-0.00011","0","14.7","Humid","28.35","0","65.20","249383.86","SABD0002000014","AAV2.0.0.13","4.0.0.2353","PSt7-10","000000-000","8/7/2024 3:37:09 PM","0000-00","0","no battery","V","215852","µV","96196","µV"
"08/11/2024","11:48:57","2","default","203499907","Sensor2","33.125","min","233.123","μmol/L","Humid","22.722","deg","94294","µV","18.552","°C","985.000","hPa","35.0","pmil","0","51.462","deg","22.621","°C","100.000","%a.s.","22.257","deg","22.682","°C","985.000","hPa","0.861","-0.02056","0.00035","-0.00011","0","14.7","Humid","28.35","0","65.20","249386.34","SABD0002000014","AAV2.0.0.13","4.0.0.2353","PSt7-10","000000-000","8/7/2024 3:37:09 PM","0000-00","0","no battery","V","215852","µV","96196","µV"
"08/11/2024","11:48:58","2","default","203499907","Sensor2","33.141","min","233.140","μmol/L","Humid","22.719","deg","94284","µV","18.558","°C","985.000","hPa","35.0","pmil","0","51.462","deg","22.621","°C","100.000","%a.s.","22.257","deg","22.682","°C","985.000","hPa","0.861","-0.02056","0.00035","-0.00011","0","14.7","Humid","28.35","0","65.20","249377.65","SABD0002000014","AAV2.0.0.13","4.0.0.2353","PSt7-10","000000-000","8/7/2024 3:37:09 PM","0000-00","0","no battery","V","215852","µV","96196","µV"
"08/11/2024","11:48:59","2","default","203499907","Sensor2","33.158","min","233.014","μmol/L","Humid","22.725","deg","94288","µV","18.558","°C","985.000","hPa","35.0","pmil","0","51.462","deg","22.621","°C","100.000","%a.s.","22.257","deg","22.682","°C","985.000","hPa","0.861","-0.02056","0.00035","-0.00011","0","14.7","Humid","28.35","0","65.20","249393.97","SABD0002000014","AAV2.0.0.13","4.0.0.2353","PSt7-10","000000-000","8/7/2024 3:37:09 PM","0000-00","0","no battery","V","215852","µV","96196","µV"
"08/11/2024","11:49:00","2","default","203499907","Sensor2","33.175","min","233.060","μmol/L","Humid","22.725","deg","94292","µV","18.552","°C","985.000","hPa","35.0","pmil","0","51.462","deg","22.621","°C","100.000","%a.s.","22.257","deg","22.682","°C","985.000","hPa","0.861","-0.02056","0.00035","-0.00011","0","14.7","Humid","28.35","0","65.20","249394.92","SABD0002000014","AAV2.0.0.13","4.0.0.2353","PSt7-10","000000-000","8/7/2024 3:37:09 PM","0000-00","0","no battery","V","215852","µV","96196","µV"
"08/11/2024","11:49:01","2","default","203499907","Sensor2","33.192","min","233.039","μmol/L","Humid","22.726","deg","94290","µV","18.552","°C","985.000","hPa","35.0","pmil","0","51.462","deg","22.621","°C","100.000","%a.s.","22.257","deg","22.682","°C","985.000","hPa","0.861","-0.02056","0.00035","-0.00011","0","14.7","Humid","28.35","0","65.20","249378.99","SABD0002000014","AAV2.0.0.13","4.0.0.2353","PSt7-10","000000-000","8/7/2024 3:37:09 PM","0000-00","0","no battery","V","215852","µV","96196","µV"
"08/11/2024","11:49:02","2","default","203499907","Sensor2","33.208","min","233.052","μmol/L","Humid","22.721","deg","94295","µV","18.564","°C","985.000","hPa","35.0","pmil","0","51.462","deg","22.621","°C","100.000","%a.s.","22.257","deg","22.682","°C","985.000","hPa","0.861","-0.02056","0.00035","-0.00011","0","14.7","Humid","28.35","0","65.20","249385.12","SABD0002000014","AAV2.0.0.13","4.0.0.2353","PSt7-10","000000-000","8/7/2024 3:37:09 PM","0000-00","0","no battery","V","215852","µV","96196","µV"
"08/11/2024","11:49:03","2","default","203499907","Sensor2","33.225","min","233.014","μmol/L","Humid","22.725","deg","94295","µV","18.558","°C","985.000","hPa","35.0","pmil","0","51.462","deg","22.621","°C","100.000","%a.s.","22.257","deg","22.682","°C","985.000","hPa","0.861","-0.02056","0.00035","-0.00011","0","14.7","Humid","28.35","0","65.20","249389.80","SABD0002000014","AAV2.0.0.13","4.0.0.2353","PSt7-10","000000-000","8/7/2024 3:37:09 PM","0000-00","0","no battery","V","215852","µV","96196","µV"
"08/11/2024","11:49:04","2","default","203499907","Sensor2","33.241","min","233.035","μmol/L","Humid","22.724","deg","94301","µV","18.558","°C","985.000","hPa","35.0","pmil","0","51.462","deg","22.621","°C","100.000","%a.s.","22.257","deg","22.682","°C","985.000","hPa","0.861","-0.02056","0.00035","-0.00011","0","14.7","Humid","28.35","0","65.20","249387.11","SABD0002000014","AAV2.0.0.13","4.0.0.2353","PSt7-10","000000-000","8/7/2024 3:37:09 PM","0000-00","0","no battery","V","215852","µV","96196","µV"
"08/11/2024","11:49:05","2","default","203499907","Sensor2","33.258","min","232.931","μmol/L","Humid","22.729","deg","94298","µV","18.558","°C","985.000","hPa","35.0","pmil","0","51.462","deg","22.621","°C","100.000","%a.s.","22.257","deg","22.682","°C","985.000","hPa","0.861","-0.02056","0.00035","-0.00011","0","14.7","Humid","28.35","0","65.20","249381.58","SABD0002000014","AAV2.0.0.13","4.0.0.2353","PSt7-10","000000-000","8/7/2024 3:37:09 PM","0000-00","0","no battery","V","215852","µV","96196","µV"
"08/11/2024","11:49:06","2","default","203499907","Sensor2","33.274","min","232.994","μmol/L","Humid","22.726","deg","94298","µV","18.558","°C","985.000","hPa","35.0","pmil","0","51.462","deg","22.621","°C","100.000","%a.s.","22.257","deg","22.682","°C","985.000","hPa","0.861","-0.02056","0.00035","-0.00011","0","14.7","Humid","28.35","0","65.20","249369.74","SABD0002000014","AAV2.0.0.13","4.0.0.2353","PSt7-10","000000-000","8/7/2024 3:37:09 PM","0000-00","0","no battery","V","215852","µV","96196","µV"
"08/11/2024","11:49:07","2","default","203499907","Sensor2","33.291","min","232.952","μmol/L","Humid","22.728","deg","94302","µV","18.558","°C","985.000","hPa","35.0","pmil","0","51.462","deg","22.621","°C","100.000","%a.s.","22.257","deg","22.682","°C","985.000","hPa","0.861","-0.02056","0.00035","-0.00011","0","14.7","Humid","28.35","0","65.20","249385.47","SABD0002000014","AAV2.0.0.13","4.0.0.2353","PSt7-10","000000-000","8/7/2024 3:37:09 PM","0000-00","0","no battery","V","215852","µV","96196","µV"
"08/11/2024","11:49:08","2","default","203499907","Sensor2","33.308","min","232.973","μmol/L","Humid","22.727","deg","94298","µV","18.558","°C","985.000","hPa","35.0","pmil","0","51.462","deg","22.621","°C","100.000","%a.s.","22.257","deg","22.682","°C","985.000","hPa","0.861","-0.02056","0.00035","-0.00011","0","14.7","Humid","28.35","0","65.20","249379.83","SABD0002000014","AAV2.0.0.13","4.0.0.2353","PSt7-10","000000-000","8/7/2024 3:37:09 PM","0000-00","0","no battery","V","215852","µV","96196","µV"
"08/11/2024","11:49:09","2","default","203499907","Sensor2","33.325","min","232.973","μmol/L","Humid","22.727","deg","94300","µV","18.558","°C","985.000","hPa","35.0","pmil","0","51.462","deg","22.621","°C","100.000","%a.s.","22.257","deg","22.682","°C","985.000","hPa","0.861","-0.02056","0.00035","-0.00011","0","14.7","Humid","28.35","0","65.20","249385.19","SABD0002000014","AAV2.0.0.13","4.0.0.2353","PSt7-10","000000-000","8/7/2024 3:37:09 PM","0000-00","0","no battery","V","215852","µV","96196","µV"
"08/11/2024","11:49:10","2","default","203499907","Sensor2","33.342","min","232.952","μmol/L","Humid","22.728","deg","94298","µV","18.558","°C","985.000","hPa","35.0","pmil","0","51.462","deg","22.621","°C","100.000","%a.s.","22.257","deg","22.682","°C","985.000","hPa","0.861","-0.02056","0.00035","-0.00011","0","14.7","Humid","28.35","0","65.20","249386.36","SABD0002000014","AAV2.0.0.13","4.0.0.2353","PSt7-10","000000-000","8/7/2024 3:37:09 PM","0000-00","0","no battery","V","215852","µV","96196","µV"
"08/11/2024","11:49:11","2","default","203499907","Sensor2","33.358","min","232.973","μmol/L","Humid","22.727","deg","94304","µV","18.558","°C","985.000","hPa","35.0","pmil","0","51.462","deg","22.621","°C","100.000","%a.s.","22.257","deg","22.682","°C","985.000","hPa","0.861","-0.02056","0.00035","-0.00011","0","14.7","Humid","28.35","0","65.20","249391.71","SABD0002000014","AAV2.0.0.13","4.0.0.2353","PSt7-10","000000-000","8/7/2024 3:37:09 PM","0000-00","0","no battery","V","215852","µV","96196","µV"
"08/11/2024","11:49:12","2","default","203499907","Sensor2","33.375","min","232.952","μmol/L","Humid","22.728","deg","94296","µV","18.558","°C","985.000","hPa","35.0","pmil","0","51.462","deg","22.621","°C","100.000","%a.s.","22.257","deg","22.682","°C","985.000","hPa","0.861","-0.02056","0.00035","-0.00011","0","14.7","Humid","28.35","0","65.20","249384.77","SABD0002000014","AAV2.0.0.13","4.0.0.2353","PSt7-10","000000-000","8/7/2024 3:37:09 PM","0000-00","0","no battery","V","215852","µV","96196","µV"
"08/11/2024","11:49:13","2","default","203499907","Sensor2","33.392","min","232.843","μmol/L","Humid","22.731","deg","94308","µV","18.564","°C","985.000","hPa","35.0","pmil","0","51.462","deg","22.621","°C","100.000","%a.s.","22.257","deg","22.682","°C","985.000","hPa","0.861","-0.02056","0.00035","-0.00011","0","14.7","Humid","28.35","0","65.20","249373.98","SABD0002000014","AAV2.0.0.13","4.0.0.2353","PSt7-10","000000-000","8/7/2024 3:37:09 PM","0000-00","0","no battery","V","215852","µV","96196","µV"
"08/11/2024","11:49:14","2","default","203499907","Sensor2","33.408","min","232.977","μmol/L","Humid","22.729","deg","94310","µV","18.552","°C","985.000","hPa","35.0","pmil","0","51.462","deg","22.621","°C","100.000","%a.s.","22.257","deg","22.682","°C","985.000","hPa","0.861","-0.02056","0.00035","-0.00011","0","14.7","Humid","28.35","0","65.20","249386.08","SABD0002000014","AAV2.0.0.13","4.0.0.2353","PSt7-10","000000-000","8/7/2024 3:37:09 PM","0000-00","0","no battery","V","215852","µV","96196","µV"
"08/11/2024","11:49:15","2","default","203499907","Sensor2","33.424","min","232.910","μmol/L","Humid","22.730","deg","94308","µV","18.558","°C","985.000","hPa","35.0","pmil","0","51.462","deg","22.621","°C","100.000","%a.s.","22.257","deg","22.682","°C","985.000","hPa","0.861","-0.02056","0.00035","-0.00011","0","14.7","Humid","28.35","0","65.20","249374.99","SABD0002000014","AAV2.0.0.13","4.0.0.2353","PSt7-10","000000-000","8/7/2024 3:37:09 PM","0000-00","0","no battery","V","215852","µV","96196","µV"
"08/11/2024","11:49:16","2","default","203499907","Sensor2","33.441","min","232.889","μmol/L","Humid","22.731","deg","94311","µV","18.558","°C","985.000","hPa","35.0","pmil","0","51.462","deg","22.621","°C","100.000","%a.s.","22.257","deg","22.682","°C","985.000","hPa","0.861","-0.02056","0.00035","-0.00011","0","14.7","Humid","28.35","0","65.20","249383.74","SABD0002000014","AAV2.0.0.13","4.0.0.2353","PSt7-10","000000-000","8/7/2024 3:37:09 PM","0000-00","0","no battery","V","215852","µV","96196","µV"
"08/11/2024","11:49:17","2","default","203499907","Sensor2","33.458","min","232.847","μmol/L","Humid","22.733","deg","94321","µV","18.558","°C","985.000","hPa","35.0","pmil","0","51.462","deg","22.621","°C","100.000","%a.s.","22.257","deg","22.682","°C","985.000","hPa","0.861","-0.02056","0.00035","-0.00011","0","14.7","Humid","28.35","0","65.20","249385.47","SABD0002000014","AAV2.0.0.13","4.0.0.2353","PSt7-10","000000-000","8/7/2024 3:37:09 PM","0000-00","0","no battery","V","215852","µV","96196","µV"
"08/11/2024","11:49:18","2","default","203499907","Sensor2","33.474","min","232.843","μmol/L","Humid","22.731","deg","94316","µV","18.564","°C","985.000","hPa","35.0","pmil","0","51.462","deg","22.621","°C","100.000","%a.s.","22.257","deg","22.682","°C","985.000","hPa","0.861","-0.02056","0.00035","-0.00011","0","14.7","Humid","28.35","0","65.20","249381.37","SABD0002000014","AAV2.0.0.13","4.0.0.2353","PSt7-10","000000-000","8/7/2024 3:37:09 PM","0000-00","0","no battery","V","215852","µV","96196","µV"
"08/11/2024","11:49:19","2","default","203499907","Sensor2","33.491","min","232.931","μmol/L","Humid","22.729","deg","94325","µV","18.558","°C","985.000","hPa","35.0","pmil","0","51.462","deg","22.621","°C","100.000","%a.s.","22.257","deg","22.682","°C","985.000","hPa","0.861","-0.02056","0.00035","-0.00011","0","14.7","Humid","28.35","0","65.20","249388.11","SABD0002000014","AAV2.0.0.13","4.0.0.2353","PSt7-10","000000-000","8/7/2024 3:37:09 PM","0000-00","0","no battery","V","215852","µV","96196","µV"
"08/11/2024","11:49:20","2","default","203499907","Sensor2","33.508","min","232.781","μmol/L","Humid","22.734","deg","94319","µV","18.564","°C","985.000","hPa","35.0","pmil","0","51.462","deg","22.621","°C","100.000","%a.s.","22.257","deg","22.682","°C","985.000","hPa","0.861","-0.02056","0.00035","-0.00011","0","14.7","Humid","28.35","0","65.20","249392.44","SABD0002000014","AAV2.0.0.13","4.0.0.2353","PSt7-10","000000-000","8/7/2024 3:37:09 PM","0000-00","0","no battery","V","215852","µV","96196","µV"
"08/11/2024","11:49:21","2","default","203499907","Sensor2","33.525","min","232.952","μmol/L","Humid","22.728","deg","94323","µV","18.558","°C","985.000","hPa","35.0","pmil","0","51.462","deg","22.621","°C","100.000","%a.s.","22.257","deg","22.682","°C","985.000","hPa","0.861","-0.02056","0.00035","-0.00011","0","14.7","Humid","28.35","0","65.20","249377.37","SABD0002000014","AAV2.0.0.13","4.0.0.2353","PSt7-10","000000-000","8/7/2024 3:37:09 PM","0000-00","0","no battery","V","215852","µV","96196","µV"
"08/11/2024","11:49:22","2","default","203499907","Sensor2","33.541","min","232.931","μmol/L","Humid","22.729","deg","94323","µV","18.558","°C","985.000","hPa","35.0","pmil","0","51.462","deg","22.621","°C","100.000","%a.s.","22.257","deg","22.682","°C","985.000","hPa","0.861","-0.02056","0.00035","-0.00011","0","14.7","Humid","28.35","0","65.20","249393.63","SABD0002000014","AAV2.0.0.13","4.0.0.2353","PSt7-10","000000-000","8/7/2024 3:37:09 PM","0000-00","0","no battery","V","215852","µV","96196","µV"
"08/11/2024","11:49:23","2","default","203499907","Sensor2","33.558","min","232.802","μmol/L","Humid","22.733","deg","94324","µV","18.564","°C","985.000","hPa","35.0","pmil","0","51.462","deg","22.621","°C","100.000","%a.s.","22.257","deg","22.682","°C","985.000","hPa","0.861","-0.02056","0.00035","-0.00011","0","14.7","Humid","28.35","0","65.20","249384.25","SABD0002000014","AAV2.0.0.13","4.0.0.2353","PSt7-10","000000-000","8/7/2024 3:37:09 PM","0000-00","0","no battery","V","215852","µV","96196","µV"
"08/11/2024","11:49:24","2","default","203499907","Sensor2","33.575","min","232.868","μmol/L","Humid","22.732","deg","94332","µV","18.558","°C","985.000","hPa","35.0","pmil","0","51.462","deg","22.621","°C","100.000","%a.s.","22.257","deg","22.682","°C","985.000","hPa","0.861","-0.02056","0.00035","-0.00011","0","14.7","Humid","28.35","0","65.20","249384.66","SABD0002000014","AAV2.0.0.13","4.0.0.2353","PSt7-10","000000-000","8/7/2024 3:37:09 PM","0000-00","0","no battery","V","215852","µV","96196","µV"
"08/11/2024","11:49:25","2","default","203499907","Sensor2","33.592","min","232.847","μmol/L","Humid","22.733","deg","94334","µV","18.558","°C","985.000","hPa","35.0","pmil","0","51.462","deg","22.621","°C","100.000","%a.s.","22.257","deg","22.682","°C","985.000","hPa","0.861","-0.02056","0.00035","-0.00011","0","14.7","Humid","28.35","0","65.20","249385.68","SABD0002000014","AAV2.0.0.13","4.0.0.2353","PSt7-10","000000-000","8/7/2024 3:37:09 PM","0000-00","0","no battery","V","215852","µV","96196","µV"
"08/11/2024","11:49:26","2","default","203499907","Sensor2","33.608","min","232.852","μmol/L","Humid","22.735","deg","94327","µV","18.552","°C","985.000","hPa","35.0","pmil","0","51.462","deg","22.621","°C","100.000","%a.s.","22.257","deg","22.682","°C","985.000","hPa","0.861","-0.02056","0.00035","-0.00011","0","14.7","Humid","28.35","0","65.20","249379.09","SABD0002000014","AAV2.0.0.13","4.0.0.2353","PSt7-10","000000-000","8/7/2024 3:37:09 PM","0000-00","0","no battery","V","215852","µV","96196","µV"
"08/11/2024","11:49:27","2","default","203499907","Sensor2","33.625","min","232.910","μmol/L","Humid","22.730","deg","94337","µV","18.558","°C","985.000","hPa","35.0","pmil","0","51.462","deg","22.621","°C","100.000","%a.s.","22.257","deg","22.682","°C","985.000","hPa","0.861","-0.02056","0.00035","-0.00011","0","14.7","Humid","28.35","0","65.20","249384.60","SABD0002000014","AAV2.0.0.13","4.0.0.2353","PSt7-10","000000-000","8/7/2024 3:37:09 PM","0000-00","0","no battery","V","215852","µV","96196","µV"
"08/11/2024","11:49:28","2","default","203499907","Sensor2","33.642","min","232.802","μmol/L","Humid","22.733","deg","94338","µV","18.564","°C","985.000","hPa","35.0","pmil","0","51.462","deg","22.621","°C","100.000","%a.s.","22.257","deg","22.682","°C","985.000","hPa","0.861","-0.02056","0.00035","-0.00011","0","14.7","Humid","28.35","0","65.20","249392.92","SABD0002000014","AAV2.0.0.13","4.0.0.2353","PSt7-10","000000-000","8/7/2024 3:37:09 PM","0000-00","0","no battery","V","215852","µV","96196","µV"
"08/11/2024","11:49:29","2","default","203499907","Sensor2","33.658","min","232.827","μmol/L","Humid","22.734","deg","94334","µV","18.558","°C","985.000","hPa","35.0","pmil","0","51.462","deg","22.621","°C","100.000","%a.s.","22.257","deg","22.682","°C","985.000","hPa","0.861","-0.02056","0.00035","-0.00011","0","14.7","Humid","28.35","0","65.20","249381.47","SABD0002000014","AAV2.0.0.13","4.0.0.2353","PSt7-10","000000-000","8/7/2024 3:37:09 PM","0000-00","0","no battery","V","215852","µV","96196","µV"
"08/11/2024","11:49:30","2","default","203499907","Sensor2","33.675","min","232.872","μmol/L","Humid","22.734","deg","94333","µV","18.552","°C","985.000","hPa","35.0","pmil","0","51.462","deg","22.621","°C","100.000","%a.s.","22.257","deg","22.682","°C","985.000","hPa","0.861","-0.02056","0.00035","-0.00011","0","14.7","Humid","28.35","0","65.20","249380.09","SABD0002000014","AAV2.0.0.13","4.0.0.2353","PSt7-10","000000-000","8/7/2024 3:37:09 PM","0000-00","0","no battery","V","215852","µV","96196","µV"
"08/11/2024","11:49:31","2","default","203499907","Sensor2","33.691","min","232.831","μmol/L","Humid","22.736","deg","94344","µV","18.552","°C","985.000","hPa","35.0","pmil","0","51.462","deg","22.621","°C","100.000","%a.s.","22.257","deg","22.682","°C","985.000","hPa","0.861","-0.02056","0.00035","-0.00011","0","14.7","Humid","28.35","0","65.20","249386.58","SABD0002000014","AAV2.0.0.13","4.0.0.2353","PSt7-10","000000-000","8/7/2024 3:37:09 PM","0000-00","0","no battery","V","215852","µV","96196","µV"
"08/11/2024","11:49:32","2","default","203499907","Sensor2","33.708","min","232.789","μmol/L","Humid","22.738","deg","94341","µV","18.552","°C","985.000","hPa","35.0","pmil","0","51.462","deg","22.621","°C","100.000","%a.s.","22.257","deg","22.682","°C","985.000","hPa","0.861","-0.02056","0.00035","-0.00011","0","14.7","Humid","28.35","0","65.20","249378.40","SABD0002000014","AAV2.0.0.13","4.0.0.2353","PSt7-10","000000-000","8/7/2024 3:37:09 PM","0000-00","0","no battery","V","215852","µV","96196","µV"
"08/11/2024","11:49:33","2","default","203499907","Sensor2","33.724","min","232.726","μmol/L","Humid","22.741","deg","94343","µV","18.552","°C","985.000","hPa","35.0","pmil","0","51.462","deg","22.621","°C","100.000","%a.s.","22.257","deg","22.682","°C","985.000","hPa","0.861","-0.02056","0.00035","-0.00011","0","14.7","Humid","28.35","0","65.20","249366.70","SABD0002000014","AAV2.0.0.13","4.0.0.2353","PSt7-10","000000-000","8/7/2024 3:37:09 PM","0000-00","0","no battery","V","215852","µV","96196","µV"
"08/11/2024","11:49:34","2","default","203499907","Sensor2","33.741","min","232.789","μmol/L","Humid","22.738","deg","94345","µV","18.552","°C","985.000","hPa","35.0","pmil","0","51.462","deg","22.621","°C","100.000","%a.s.","22.257","deg","22.682","°C","985.000","hPa","0.861","-0.02056","0.00035","-0.00011","0","14.7","Humid","28.35","0","65.20","249381.49","SABD0002000014","AAV2.0.0.13","4.0.0.2353","PSt7-10","000000-000","8/7/2024 3:37:09 PM","0000-00","0","no battery","V","215852","µV","96196","µV"
"08/11/2024","11:49:35","2","default","203499907","Sensor2","33.758","min","232.760","μmol/L","Humid","22.735","deg","94346","µV","18.564","°C","985.000","hPa","35.0","pmil","0","51.462","deg","22.621","°C","100.000","%a.s.","22.257","deg","22.682","°C","985.000","hPa","0.861","-0.02056","0.00035","-0.00011","0","14.7","Humid","28.35","0","65.20","249378.27","SABD0002000014","AAV2.0.0.13","4.0.0.2353","PSt7-10","000000-000","8/7/2024 3:37:09 PM","0000-00","0","no battery","V","215852","µV","96196","µV"
"08/11/2024","11:49:36","2","default","203499907","Sensor2","33.775","min","232.743","μmol/L","Humid","22.738","deg","94350","µV","18.558","°C","985.000","hPa","35.0","pmil","0","51.462","deg","22.621","°C","100.000","%a.s.","22.257","deg","22.682","°C","985.000","hPa","0.861","-0.02056","0.00035","-0.00011","0","14.7","Humid","28.35","0","65.20","249374.98","SABD0002000014","AAV2.0.0.13","4.0.0.2353","PSt7-10","000000-000","8/7/2024 3:37:09 PM","0000-00","0","no battery","V","215852","µV","96196","µV"
"08/11/2024","11:49:37","2","default","203499907","Sensor2","33.791","min","232.768","μmol/L","Humid","22.739","deg","94347","µV","18.552","°C","985.000","hPa","35.0","pmil","0","51.462","deg","22.621","°C","100.000","%a.s.","22.257","deg","22.682","°C","985.000","hPa","0.861","-0.02056","0.00035","-0.00011","0","14.7","Humid","28.35","0","65.20","249372.51","SABD0002000014","AAV2.0.0.13","4.0.0.2353","PSt7-10","000000-000","8/7/2024 3:37:09 PM","0000-00","0","no battery","V","215852","µV","96196","µV"
"08/11/2024","11:49:38","2","default","203499907","Sensor2","33.808","min","232.747","μmol/L","Humid","22.740","deg","94345","µV","18.552","°C","985.000","hPa","35.0","pmil","0","51.462","deg","22.621","°C","100.000","%a.s.","22.257","deg","22.682","°C","985.000","hPa","0.861","-0.02056","0.00035","-0.00011","0","14.7","Humid","28.35","0","65.20","249372.76","SABD0002000014","AAV2.0.0.13","4.0.0.2353","PSt7-10","000000-000","8/7/2024 3:37:09 PM","0000-00","0","no battery","V","215852","µV","96196","µV"
"08/11/2024","11:49:39","2","default","203499907","Sensor2","33.825","min","232.806","μmol/L","Humid","22.735","deg","94353","µV","18.558","°C","985.000","hPa","35.0","pmil","0","51.462","deg","22.621","°C","100.000","%a.s.","22.257","deg","22.682","°C","985.000","hPa","0.861","-0.02056","0.00035","-0.00011","0","14.7","Humid","28.35","0","65.20","249385.05","SABD0002000014","AAV2.0.0.13","4.0.0.2353","PSt7-10","000000-000","8/7/2024 3:37:09 PM","0000-00","0","no battery","V","215852","µV","96196","µV"
"08/11/2024","11:49:40","2","default","203499907","Sensor2","33.842","min","232.785","μmol/L","Humid","22.736","deg","94350","µV","18.558","°C","985.000","hPa","35.0","pmil","0","51.462","deg","22.621","°C","100.000","%a.s.","22.257","deg","22.682","°C","985.000","hPa","0.861","-0.02056","0.00035","-0.00011","0","14.7","Humid","28.35","0","65.20","249377.95","SABD0002000014","AAV2.0.0.13","4.0.0.2353","PSt7-10","000000-000","8/7/2024 3:37:09 PM","0000-00","0","no battery","V","215852","µV","96196","µV"
"08/11/2024","11:49:41","2","default","203499907","Sensor2","33.858","min","232.726","μmol/L","Humid","22.741","deg","94355","µV","18.552","°C","985.000","hPa","35.0","pmil","0","51.462","deg","22.621","°C","100.000","%a.s.","22.257","deg","22.682","°C","985.000","hPa","0.861","-0.02056","0.00035","-0.00011","0","14.7","Humid","28.35","0","65.20","249387.13","SABD0002000014","AAV2.0.0.13","4.0.0.2353","PSt7-10","000000-000","8/7/2024 3:37:09 PM","0000-00","0","no battery","V","215852","µV","96196","µV"
"08/11/2024","11:49:42","2","default","203499907","Sensor2","33.874","min","232.681","μmol/L","Humid","22.741","deg","94353","µV","18.558","°C","985.000","hPa","35.0","pmil","0","51.462","deg","22.621","°C","100.000","%a.s.","22.257","deg","22.682","°C","985.000","hPa","0.861","-0.02056","0.00035","-0.00011","0","14.7","Humid","28.35","0","65.20","249380.85","SABD0002000014","AAV2.0.0.13","4.0.0.2353","PSt7-10","000000-000","8/7/2024 3:37:09 PM","0000-00","0","no battery","V","215852","µV","96196","µV"
"08/11/2024","11:49:43","2","default","203499907","Sensor2","33.891","min","232.685","μmol/L","Humid","22.743","deg","94353","µV","18.552","°C","985.000","hPa","35.0","pmil","0","51.462","deg","22.621","°C","100.000","%a.s.","22.257","deg","22.682","°C","985.000","hPa","0.861","-0.02056","0.00035","-0.00011","0","14.7","Humid","28.35","0","65.20","249379.60","SABD0002000014","AAV2.0.0.13","4.0.0.2353","PSt7-10","000000-000","8/7/2024 3:37:09 PM","0000-00","0","no battery","V","215852","µV","96196","µV"
"08/11/2024","11:49:44","2","default","203499907","Sensor2","33.908","min","232.726","μmol/L","Humid","22.741","deg","94359","µV","18.552","°C","985.000","hPa","35.0","pmil","0","51.462","deg","22.621","°C","100.000","%a.s.","22.257","deg","22.682","°C","985.000","hPa","0.861","-0.02056","0.00035","-0.00011","0","14.7","Humid","28.35","0","65.20","249381.56","SABD0002000014","AAV2.0.0.13","4.0.0.2353","PSt7-10","000000-000","8/7/2024 3:37:09 PM","0000-00","0","no battery","V","215852","µV","96196","µV"
"08/11/2024","11:49:45","2","default","203499907","Sensor2","33.924","min","232.768","μmol/L","Humid","22.739","deg","94354","µV","18.552","°C","985.000","hPa","35.0","pmil","0","51.462","deg","22.621","°C","100.000","%a.s.","22.257","deg","22.682","°C","985.000","hPa","0.861","-0.02056","0.00035","-0.00011","0","14.7","Humid","28.35","0","65.20","249364.65","SABD0002000014","AAV2.0.0.13","4.0.0.2353","PSt7-10","000000-000","8/7/2024 3:37:09 PM","0000-00","0","no battery","V","215852","µV","96196","µV"
"08/11/2024","11:49:46","2","default","203499907","Sensor2","33.941","min","232.706","μmol/L","Humid","22.742","deg","94364","µV","18.552","°C","985.000","hPa","35.0","pmil","0","51.462","deg","22.621","°C","100.000","%a.s.","22.257","deg","22.682","°C","985.000","hPa","0.861","-0.02056","0.00035","-0.00011","0","14.7","Humid","28.35","0","65.20","249378.78","SABD0002000014","AAV2.0.0.13","4.0.0.2353","PSt7-10","000000-000","8/7/2024 3:37:09 PM","0000-00","0","no battery","V","215852","µV","96196","µV"
"08/11/2024","11:49:47","2","default","203499907","Sensor2","33.958","min","232.660","μmol/L","Humid","22.742","deg","94365","µV","18.558","°C","985.000","hPa","35.0","pmil","0","51.462","deg","22.621","°C","100.000","%a.s.","22.257","deg","22.682","°C","985.000","hPa","0.861","-0.02056","0.00035","-0.00011","0","14.7","Humid","28.35","0","65.20","249376.04","SABD0002000014","AAV2.0.0.13","4.0.0.2353","PSt7-10","000000-000","8/7/2024 3:37:09 PM","0000-00","0","no battery","V","215852","µV","96196","µV"
"08/11/2024","11:49:48","2","default","203499907","Sensor2","33.975","min","232.639","μmol/L","Humid","22.743","deg","94363","µV","18.558","°C","985.000","hPa","35.0","pmil","0","51.462","deg","22.621","°C","100.000","%a.s.","22.257","deg","22.682","°C","985.000","hPa","0.861","-0.02056","0.00035","-0.00011","0","14.7","Humid","28.35","0","65.20","249372.57","SABD0002000014","AAV2.0.0.13","4.0.0.2353","PSt7-10","000000-000","8/7/2024 3:37:09 PM","0000-00","0","no battery","V","215852","µV","96196","µV"
"08/11/2024","11:49:49","2","default","203499907","Sensor2","33.991","min","232.664","μmol/L","Humid","22.744","deg","94363","µV","18.552","°C","985.000","hPa","35.0","pmil","0","51.462","deg","22.621","°C","100.000","%a.s.","22.257","deg","22.682","°C","985.000","hPa","0.861","-0.02056","0.00035","-0.00011","0","14.7","Humid","28.35","0","65.20","249376.74","SABD0002000014","AAV2.0.0.13","4.0.0.2353","PSt7-10","000000-000","8/7/2024 3:37:09 PM","0000-00","0","no battery","V","215852","µV","96196","µV"
"08/11/2024","11:49:50","2","default","203499907","Sensor2","34.008","min","232.676","μmol/L","Humid","22.739","deg","94367","µV","18.564","°C","985.000","hPa","35.0","pmil","0","51.462","deg","22.621","°C","100.000","%a.s.","22.257","deg","22.682","°C","985.000","hPa","0.861","-0.02056","0.00035","-0.00011","0","14.7","Humid","28.35","0","65.20","249374.63","SABD0002000014","AAV2.0.0.13","4.0.0.2353","PSt7-10","000000-000","8/7/2024 3:37:09 PM","0000-00","0","no battery","V","215852","µV","96196","µV"
"08/11/2024","11:49:51","2","default","203499907","Sensor2","34.025","min","232.789","μmol/L","Humid","22.738","deg","94371","µV","18.552","°C","985.000","hPa","35.0","pmil","0","51.462","deg","22.621","°C","100.000","%a.s.","22.257","deg","22.682","°C","985.000","hPa","0.861","-0.02056","0.00035","-0.00011","0","14.7","Humid","28.35","0","65.20","249376.72","SABD0002000014","AAV2.0.0.13","4.0.0.2353","PSt7-10","000000-000","8/7/2024 3:37:09 PM","0000-00","0","no battery","V","215852","µV","96196","µV"
"08/11/2024","11:49:52","2","default","203499907","Sensor2","34.042","min","232.635","μmol/L","Humid","22.741","deg","94374","µV","18.564","°C","985.000","hPa","35.0","pmil","0","51.462","deg","22.621","°C","100.000","%a.s.","22.257","deg","22.682","°C","985.000","hPa","0.861","-0.02056","0.00035","-0.00011","0","14.7","Humid","28.35","0","65.20","249377.92","SABD0002000014","AAV2.0.0.13","4.0.0.2353","PSt7-10","000000-000","8/7/2024 3:37:09 PM","0000-00","0","no battery","V","215852","µV","96196","µV"
"08/11/2024","11:49:53","2","default","203499907","Sensor2","34.058","min","232.618","μmol/L","Humid","22.744","deg","94367","µV","18.558","°C","985.000","hPa","35.0","pmil","0","51.462","deg","22.621","°C","100.000","%a.s.","22.257","deg","22.682","°C","985.000","hPa","0.861","-0.02056","0.00035","-0.00011","0","14.7","Humid","28.35","0","65.20","249360.75","SABD0002000014","AAV2.0.0.13","4.0.0.2353","PSt7-10","000000-000","8/7/2024 3:37:09 PM","0000-00","0","no battery","V","215852","µV","96196","µV"
"08/11/2024","11:49:54","2","default","203499907","Sensor2","34.075","min","232.597","μmol/L","Humid","22.745","deg","94369","µV","18.558","°C","985.000","hPa","35.0","pmil","0","51.462","deg","22.621","°C","100.000","%a.s.","22.257","deg","22.682","°C","985.000","hPa","0.861","-0.02056","0.00035","-0.00011","0","14.7","Humid","28.35","0","65.20","249365.78","SABD0002000014","AAV2.0.0.13","4.0.0.2353","PSt7-10","000000-000","8/7/2024 3:37:09 PM","0000-00","0","no battery","V","215852","µV","96196","µV"
"08/11/2024","11:49:55","2","default","203499907","Sensor2","34.091","min","232.706","μmol/L","Humid","22.742","deg","94379","µV","18.552","°C","985.000","hPa","35.0","pmil","0","51.462","deg","22.621","°C","100.000","%a.s.","22.257","deg","22.682","°C","985.000","hPa","0.861","-0.02056","0.00035","-0.00011","0","14.7","Humid","28.35","0","65.20","249360.94","SABD0002000014","AAV2.0.0.13","4.0.0.2353","PSt7-10","000000-000","8/7/2024 3:37:09 PM","0000-00","0","no battery","V","215852","µV","96196","µV"
"08/11/2024","11:49:56","2","default","203499907","Sensor2","34.108","min","232.664","μmol/L","Humid","22.744","deg","94372","µV","18.552","°C","985.000","hPa","35.0","pmil","0","51.462","deg","22.621","°C","100.000","%a.s.","22.257","deg","22.682","°C","985.000","hPa","0.861","-0.02056","0.00035","-0.00011","0","14.7","Humid","28.35","0","65.20","249357.19","SABD0002000014","AAV2.0.0.13","4.0.0.2353","PSt7-10","000000-000","8/7/2024 3:37:09 PM","0000-00","0","no battery","V","215852","µV","96196","µV"
"08/11/2024","11:49:57","2","default","203499907","Sensor2","34.124","min","232.647","μmol/L","Humid","22.747","deg","94373","µV","18.546","°C","985.000","hPa","35.0","pmil","0","51.462","deg","22.621","°C","100.000","%a.s.","22.257","deg","22.682","°C","985.000","hPa","0.861","-0.02056","0.00035","-0.00011","0","14.7","Humid","28.35","0","65.20","249360.74","SABD0002000014","AAV2.0.0.13","4.0.0.2353","PSt7-10","000000-000","8/7/2024 3:37:09 PM","0000-00","0","no battery","V","215852","µV","96196","µV"
"08/11/2024","11:49:58","2","default","203499907","Sensor2","34.141","min","232.535","μmol/L","Humid","22.748","deg","94380","µV","18.558","°C","985.000","hPa","35.0","pmil","0","51.462","deg","22.621","°C","100.000","%a.s.","22.257","deg","22.682","°C","985.000","hPa","0.861","-0.02056","0.00035","-0.00011","0","14.7","Humid","28.35","0","65.20","249367.44","SABD0002000014","AAV2.0.0.13","4.0.0.2353","PSt7-10","000000-000","8/7/2024 3:37:09 PM","0000-00","0","no battery","V","215852","µV","96196","µV"
"08/11/2024","11:49:59","2","default","203499907","Sensor2","34.158","min","232.493","μmol/L","Humid","22.750","deg","94386","µV","18.558","°C","985.000","hPa","35.0","pmil","0","51.462","deg","22.621","°C","100.000","%a.s.","22.257","deg","22.682","°C","985.000","hPa","0.861","-0.02056","0.00035","-0.00011","0","14.7","Humid","28.35","0","65.20","249359.56","SABD0002000014","AAV2.0.0.13","4.0.0.2353","PSt7-10","000000-000","8/7/2024 3:37:09 PM","0000-00","0","no battery","V","215852","µV","96196","µV"
"08/11/2024","11:50:00","2","default","203499907","Sensor2","34.175","min","232.555","μmol/L","Humid","22.747","deg","94383","µV","18.558","°C","985.000","hPa","35.0","pmil","0","51.462","deg","22.621","°C","100.000","%a.s.","22.257","deg","22.682","°C","985.000","hPa","0.861","-0.02056","0.00035","-0.00011","0","14.7","Humid","28.35","0","65.20","249359.79","SABD0002000014","AAV2.0.0.13","4.0.0.2353","PSt7-10","000000-000","8/7/2024 3:37:09 PM","0000-00","0","no battery","V","215852","µV","96196","µV"
"08/11/2024","11:50:01","2","default","203499907","Sensor2","34.192","min","232.539","μmol/L","Humid","22.750","deg","94386","µV","18.552","°C","985.000","hPa","35.0","pmil","0","51.462","deg","22.621","°C","100.000","%a.s.","22.257","deg","22.682","°C","985.000","hPa","0.861","-0.02056","0.00035","-0.00011","0","14.7","Humid","28.35","0","65.20","249364.25","SABD0002000014","AAV2.0.0.13","4.0.0.2353","PSt7-10","000000-000","8/7/2024 3:37:09 PM","0000-00","0","no battery","V","215852","µV","96196","µV"
"08/11/2024","11:50:02","2","default","203499907","Sensor2","34.208","min","232.751","μmol/L","Humid","22.742","deg","94386","µV","18.546","°C","985.000","hPa","35.0","pmil","0","51.462","deg","22.621","°C","100.000","%a.s.","22.257","deg","22.682","°C","985.000","hPa","0.861","-0.02056","0.00035","-0.00011","0","14.7","Humid","28.35","0","65.20","249353.22","SABD0002000014","AAV2.0.0.13","4.0.0.2353","PSt7-10","000000-000","8/7/2024 3:37:09 PM","0000-00","0","no battery","V","215852","µV","96196","µV"
"08/11/2024","11:50:03","2","default","203499907","Sensor2","34.225","min","232.580","μmol/L","Humid","22.748","deg","94386","µV","18.552","°C","985.000","hPa","35.0","pmil","0","51.462","deg","22.621","°C","100.000","%a.s.","22.257","deg","22.682","°C","985.000","hPa","0.861","-0.02056","0.00035","-0.00011","0","14.7","Humid","28.35","0","65.20","249351.89","SABD0002000014","AAV2.0.0.13","4.0.0.2353","PSt7-10","000000-000","8/7/2024 3:37:09 PM","0000-00","0","no battery","V","215852","µV","96196","µV"
"08/11/2024","11:50:04","2","default","203499907","Sensor2","34.241","min","232.622","μmol/L","Humid","22.746","deg","94390","µV","18.552","°C","985.000","hPa","35.0","pmil","0","51.462","deg","22.621","°C","100.000","%a.s.","22.257","deg","22.682","°C","985.000","hPa","0.861","-0.02056","0.00035","-0.00011","0","14.7","Humid","28.35","0","65.20","249366.33","SABD0002000014","AAV2.0.0.13","4.0.0.2353","PSt7-10","000000-000","8/7/2024 3:37:09 PM","0000-00","0","no battery","V","215852","µV","96196","µV"
"08/11/2024","11:50:05","2","default","203499907","Sensor2","34.258","min","232.539","μmol/L","Humid","22.750","deg","94391","µV","18.552","°C","985.000","hPa","35.0","pmil","0","51.462","deg","22.621","°C","100.000","%a.s.","22.257","deg","22.682","°C","985.000","hPa","0.861","-0.02056","0.00035","-0.00011","0","14.7","Humid","28.35","0","65.20","249363.79","SABD0002000014","AAV2.0.0.13","4.0.0.2353","PSt7-10","000000-000","8/7/2024 3:37:09 PM","0000-00","0","no battery","V","215852","µV","96196","µV"
"08/11/2024","11:50:06","2","default","203499907","Sensor2","34.274","min","232.472","μmol/L","Humid","22.751","deg","94392","µV","18.558","°C","985.000","hPa","35.0","pmil","0","51.462","deg","22.621","°C","100.000","%a.s.","22.257","deg","22.682","°C","985.000","hPa","0.861","-0.02056","0.00035","-0.00011","0","14.7","Humid","28.35","0","65.20","249366.66","SABD0002000014","AAV2.0.0.13","4.0.0.2353","PSt7-10","000000-000","8/7/2024 3:37:09 PM","0000-00","0","no battery","V","215852","µV","96196","µV"
"08/11/2024","11:50:07","2","default","203499907","Sensor2","34.291","min","232.539","μmol/L","Humid","22.750","deg","94398","µV","18.552","°C","985.000","hPa","35.0","pmil","0","51.462","deg","22.621","°C","100.000","%a.s.","22.257","deg","22.682","°C","985.000","hPa","0.861","-0.02056","0.00035","-0.00011","0","14.7","Humid","28.35","0","65.20","249361.54","SABD0002000014","AAV2.0.0.13","4.0.0.2353","PSt7-10","000000-000","8/7/2024 3:37:09 PM","0000-00","0","no battery","V","215852","µV","96196","µV"
"08/11/2024","11:50:08","2","default","203499907","Sensor2","34.308","min","232.476","μmol/L","Humid","22.753","deg","94393","µV","18.552","°C","985.000","hPa","35.0","pmil","0","51.462","deg","22.621","°C","100.000","%a.s.","22.257","deg","22.682","°C","985.000","hPa","0.861","-0.02056","0.00035","-0.00011","0","14.7","Humid","28.35","0","65.20","249360.76","SABD0002000014","AAV2.0.0.13","4.0.0.2353","PSt7-10","000000-000","8/7/2024 3:37:09 PM","0000-00","0","no battery","V","215852","µV","96196","µV"
"08/11/2024","11:50:09","2","default","203499907","Sensor2","34.325","min","232.493","μmol/L","Humid","22.750","deg","94390","µV","18.558","°C","985.000","hPa","35.0","pmil","0","51.462","deg","22.621","°C","100.000","%a.s.","22.257","deg","22.682","°C","985.000","hPa","0.861","-0.02056","0.00035","-0.00011","0","14.7","Humid","28.35","0","65.20","249356.83","SABD0002000014","AAV2.0.0.13","4.0.0.2353","PSt7-10","000000-000","8/7/2024 3:37:09 PM","0000-00","0","no battery","V","215852","µV","96196","µV"
"08/11/2024","11:50:10","2","default","203499907","Sensor2","34.341","min","232.605","μmol/L","Humid","22.749","deg","94391","µV","18.546","°C","985.000","hPa","35.0","pmil","0","51.462","deg","22.621","°C","100.000","%a.s.","22.257","deg","22.682","°C","985.000","hPa","0.861","-0.02056","0.00035","-0.00011","0","14.7","Humid","28.35","0","65.20","249352.07","SABD0002000014","AAV2.0.0.13","4.0.0.2353","PSt7-10","000000-000","8/7/2024 3:37:09 PM","0000-00","0","no battery","V","215852","µV","96196","µV"
"08/11/2024","11:50:11","2","default","203499907","Sensor2","34.358","min","232.539","μmol/L","Humid","22.750","deg","94398","µV","18.552","°C","985.000","hPa","35.0","pmil","0","51.462","deg","22.621","°C","100.000","%a.s.","22.257","deg","22.682","°C","985.000","hPa","0.861","-0.02056","0.00035","-0.00011","0","14.7","Humid","28.35","0","65.20","249365.47","SABD0002000014","AAV2.0.0.13","4.0.0.2353","PSt7-10","000000-000","8/7/2024 3:37:09 PM","0000-00","0","no battery","V","215852","µV","96196","µV"
"08/11/2024","11:50:12","2","default","203499907","Sensor2","34.375","min","232.451","μmol/L","Humid","22.752","deg","94401","µV","18.558","°C","985.000","hPa","35.0","pmil","0","51.462","deg","22.621","°C","100.000","%a.s.","22.257","deg","22.682","°C","985.000","hPa","0.861","-0.02056","0.00035","-0.00011","0","14.7","Humid","28.35","0","65.20","249362.64","SABD0002000014","AAV2.0.0.13","4.0.0.2353","PSt7-10","000000-000","8/7/2024 3:37:09 PM","0000-00","0","no battery","V","215852","µV","96196","µV"
"08/11/2024","11:50:13","2","default","203499907","Sensor2","34.392","min","232.410","μmol/L","Humid","22.754","deg","94396","µV","18.558","°C","985.000","hPa","35.0","pmil","0","51.462","deg","22.621","°C","100.000","%a.s.","22.257","deg","22.682","°C","985.000","hPa","0.861","-0.02056","0.00035","-0.00011","0","14.7","Humid","28.35","0","65.20","249350.81","SABD0002000014","AAV2.0.0.13","4.0.0.2353","PSt7-10","000000-000","8/7/2024 3:37:09 PM","0000-00","0","no battery","V","215852","µV","96196","µV"
"08/11/2024","11:50:14","2","default","203499907","Sensor2","34.408","min","232.476","μmol/L","Humid","22.753","deg","94405","µV","18.552","°C","985.000","hPa","35.0","pmil","0","51.462","deg","22.621","°C","100.000","%a.s.","22.257","deg","22.682","°C","985.000","hPa","0.861","-0.02056","0.00035","-0.00011","0","14.7","Humid","28.35","0","65.20","249364.03","SABD0002000014","AAV2.0.0.13","4.0.0.2353","PSt7-10","000000-000","8/7/2024 3:37:09 PM","0000-00","0","no battery","V","215852","µV","96196","µV"
"08/11/2024","11:50:15","2","default","203499907","Sensor2","34.425","min","232.455","μmol/L","Humid","22.754","deg","94401","µV","18.552","°C","985.000","hPa","35.0","pmil","0","51.462","deg","22.621","°C","100.000","%a.s.","22.257","deg","22.682","°C","985.000","hPa","0.861","-0.02056","0.00035","-0.00011","0","14.7","Humid","28.35","0","65.20","249354.25","SABD0002000014","AAV2.0.0.13","4.0.0.2353","PSt7-10","000000-000","8/7/2024 3:37:09 PM","0000-00","0","no battery","V","215852","µV","96196","µV"
"08/11/2024","11:50:16","2","default","203499907","Sensor2","34.441","min","232.451","μmol/L","Humid","22.752","deg","94405","µV","18.558","°C","985.000","hPa","35.0","pmil","0","51.462","deg","22.621","°C","100.000","%a.s.","22.257","deg","22.682","°C","985.000","hPa","0.861","-0.02056","0.00035","-0.00011","0","14.7","Humid","28.35","0","65.20","249353.42","SABD0002000014","AAV2.0.0.13","4.0.0.2353","PSt7-10","000000-000","8/7/2024 3:37:09 PM","0000-00","0","no battery","V","215852","µV","96196","µV"
"08/11/2024","11:50:17","2","default","203499907","Sensor2","34.458","min","232.497","μmol/L","Humid","22.752","deg","94413","µV","18.552","°C","985.000","hPa","35.0","pmil","0","51.462","deg","22.621","°C","100.000","%a.s.","22.257","deg","22.682","°C","985.000","hPa","0.861","-0.02056","0.00035","-0.00011","0","14.7","Humid","28.35","0","65.20","249357.25","SABD0002000014","AAV2.0.0.13","4.0.0.2353","PSt7-10","000000-000","8/7/2024 3:37:09 PM","0000-00","0","no battery","V","215852","µV","96196","µV"
"08/11/2024","11:50:18","2","default","203499907","Sensor2","34.474","min","232.560","μmol/L","Humid","22.749","deg","94409","µV","18.552","°C","985.000","hPa","35.0","pmil","0","51.462","deg","22.621","°C","100.000","%a.s.","22.257","deg","22.682","°C","985.000","hPa","0.861","-0.02056","0.00035","-0.00011","0","14.7","Humid","28.35","0","65.20","249352.88","SABD0002000014","AAV2.0.0.13","4.0.0.2353","PSt7-10","000000-000","8/7/2024 3:37:09 PM","0000-00","0","no battery","V","215852","µV","96196","µV"
"08/11/2024","11:50:19","2","default","203499907","Sensor2","34.491","min","232.410","μmol/L","Humid","22.754","deg","94408","µV","18.558","°C","985.000","hPa","35.0","pmil","0","51.462","deg","22.621","°C","100.000","%a.s.","22.257","deg","22.682","°C","985.000","hPa","0.861","-0.02056","0.00035","-0.00011","0","14.7","Humid","28.35","0","65.20","249354.31","SABD0002000014","AAV2.0.0.13","4.0.0.2353","PSt7-10","000000-000","8/7/2024 3:37:09 PM","0000-00","0","no battery","V","215852","µV","96196","µV"
"08/11/2024","11:50:20","2","default","203499907","Sensor2","34.508","min","232.455","μmol/L","Humid","22.754","deg","94419","µV","18.552","°C","985.000","hPa","35.0","pmil","0","51.462","deg","22.621","°C","100.000","%a.s.","22.257","deg","22.682","°C","985.000","hPa","0.861","-0.02056","0.00035","-0.00011","0","14.7","Humid","28.35","0","65.20","249357.44","SABD0002000014","AAV2.0.0.13","4.0.0.2353","PSt7-10","000000-000","8/7/2024 3:37:09 PM","0000-00","0","no battery","V","215852","µV","96196","µV"
"08/11/2024","11:50:21","2","default","203499907","Sensor2","34.525","min","232.522","μmol/L","Humid","22.753","deg","94419","µV","18.546","°C","985.000","hPa","35.0","pmil","0","51.462","deg","22.621","°C","100.000","%a.s.","22.257","deg","22.682","°C","985.000","hPa","0.861","-0.02056","0.00035","-0.00011","0","14.7","Humid","28.35","0","65.20","249355.43","SABD0002000014","AAV2.0.0.13","4.0.0.2353","PSt7-10","000000-000","8/7/2024 3:37:09 PM","0000-00","0","no battery","V","215852","µV","96196","µV"
"08/11/2024","11:50:22","2","default","203499907","Sensor2","34.541","min","232.476","μmol/L","Humid","22.753","deg","94412","µV","18.552","°C","985.000","hPa","35.0","pmil","0","51.462","deg","22.621","°C","100.000","%a.s.","22.257","deg","22.682","°C","985.000","hPa","0.861","-0.02056","0.00035","-0.00011","0","14.7","Humid","28.35","0","65.20","249342.21","SABD0002000014","AAV2.0.0.13","4.0.0.2353","PSt7-10","000000-000","8/7/2024 3:37:09 PM","0000-00","0","no battery","V","215852","µV","96196","µV"
"08/11/2024","11:50:23","2","default","203499907","Sensor2","34.558","min","232.393","μmol/L","Humid","22.757","deg","94416","µV","18.552","°C","985.000","hPa","35.0","pmil","0","51.462","deg","22.621","°C","100.000","%a.s.","22.257","deg","22.682","°C","985.000","hPa","0.861","-0.02056","0.00035","-0.00011","0","14.7","Humid","28.35","0","65.20","249359.57","SABD0002000014","AAV2.0.0.13","4.0.0.2353","PSt7-10","000000-000","8/7/2024 3:37:09 PM","0000-00","0","no battery","V","215852","µV","96196","µV"
"08/11/2024","11:50:24","2","default","203499907","Sensor2","34.575","min","232.414","μmol/L","Humid","22.756","deg","94419","µV","18.552","°C","985.000","hPa","35.0","pmil","0","51.462","deg","22.621","°C","100.000","%a.s.","22.257","deg","22.682","°C","985.000","hPa","0.861","-0.02056","0.00035","-0.00011","0","14.7","Humid","28.35","0","65.20","249351.57","SABD0002000014","AAV2.0.0.13","4.0.0.2353","PSt7-10","000000-000","8/7/2024 3:37:09 PM","0000-00","0","no battery","V","215852","µV","96196","µV"
"08/11/2024","11:50:25","2","default","203499907","Sensor2","34.592","min","232.326","μmol/L","Humid","22.758","deg","94416","µV","18.558","°C","985.000","hPa","35.0","pmil","0","51.462","deg","22.621","°C","100.000","%a.s.","22.257","deg","22.682","°C","985.000","hPa","0.861","-0.02056","0.00035","-0.00011","0","14.7","Humid","28.35","0","65.20","249358.01","SABD0002000014","AAV2.0.0.13","4.0.0.2353","PSt7-10","000000-000","8/7/2024 3:37:09 PM","0000-00","0","no battery","V","215852","µV","96196","µV"
"08/11/2024","11:50:26","2","default","203499907","Sensor2","34.608","min","232.435","μmol/L","Humid","22.755","deg","94420","µV","18.552","°C","985.000","hPa","35.0","pmil","0","51.462","deg","22.621","°C","100.000","%a.s.","22.257","deg","22.682","°C","985.000","hPa","0.861","-0.02056","0.00035","-0.00011","0","14.7","Humid","28.35","0","65.20","249343.83","SABD0002000014","AAV2.0.0.13","4.0.0.2353","PSt7-10","000000-000","8/7/2024 3:37:09 PM","0000-00","0","no battery","V","215852","µV","96196","µV"
"08/11/2024","11:50:27","2","default","203499907","Sensor2","34.625","min","232.460","μmol/L","Humid","22.756","deg","94424","µV","18.546","°C","985.000","hPa","35.0","pmil","0","51.462","deg","22.621","°C","100.000","%a.s.","22.257","deg","22.682","°C","985.000","hPa","0.861","-0.02056","0.00035","-0.00011","0","14.7","Humid","28.35","0","65.20","249357.57","SABD0002000014","AAV2.0.0.13","4.0.0.2353","PSt7-10","000000-000","8/7/2024 3:37:09 PM","0000-00","0","no battery","V","215852","µV","96196","µV"
"08/11/2024","11:50:28","2","default","203499907","Sensor2","34.641","min","232.455","μmol/L","Humid","22.754","deg","94419","µV","18.552","°C","985.000","hPa","35.0","pmil","0","51.462","deg","22.621","°C","100.000","%a.s.","22.257","deg","22.682","°C","985.000","hPa","0.861","-0.02056","0.00035","-0.00011","0","14.7","Humid","28.35","0","65.20","249363.95","SABD0002000014","AAV2.0.0.13","4.0.0.2353","PSt7-10","000000-000","8/7/2024 3:37:09 PM","0000-00","0","no battery","V","215852","µV","96196","µV"
"08/11/2024","11:50:29","2","default","203499907","Sensor2","34.658","min","232.418","μmol/L","Humid","22.758","deg","94429","µV","18.546","°C","985.000","hPa","35.0","pmil","0","51.462","deg","22.621","°C","100.000","%a.s.","22.257","deg","22.682","°C","985.000","hPa","0.861","-0.02056","0.00035","-0.00011","0","14.7","Humid","28.35","0","65.20","249361.44","SABD0002000014","AAV2.0.0.13","4.0.0.2353","PSt7-10","000000-000","8/7/2024 3:37:09 PM","0000-00","0","no battery","V","215852","µV","96196","µV"
"08/11/2024","11:50:30","2","default","203499907","Sensor2","34.674","min","232.222","μmol/L","Humid","22.763","deg","94430","µV","18.558","°C","985.000","hPa","35.0","pmil","0","51.462","deg","22.621","°C","100.000","%a.s.","22.257","deg","22.682","°C","985.000","hPa","0.861","-0.02056","0.00035","-0.00011","0","14.7","Humid","28.35","0","65.20","249347.56","SABD0002000014","AAV2.0.0.13","4.0.0.2353","PSt7-10","000000-000","8/7/2024 3:37:09 PM","0000-00","0","no battery","V","215852","µV","96196","µV"
"08/11/2024","11:50:31","2","default","203499907","Sensor2","34.691","min","232.306","μmol/L","Humid","22.759","deg","94423","µV","18.558","°C","985.000","hPa","35.0","pmil","0","51.462","deg","22.621","°C","100.000","%a.s.","22.257","deg","22.682","°C","985.000","hPa","0.861","-0.02056","0.00035","-0.00011","0","14.7","Humid","28.35","0","65.20","249353.86","SABD0002000014","AAV2.0.0.13","4.0.0.2353","PSt7-10","000000-000","8/7/2024 3:37:09 PM","0000-00","0","no battery","V","215852","µV","96196","µV"
"08/11/2024","11:50:32","2","default","203499907","Sensor2","34.708","min","232.460","μmol/L","Humid","22.756","deg","94430","µV","18.546","°C","985.000","hPa","35.0","pmil","0","51.462","deg","22.621","°C","100.000","%a.s.","22.257","deg","22.682","°C","985.000","hPa","0.861","-0.02056","0.00035","-0.00011","0","14.7","Humid","28.35","0","65.20","249345.69","SABD0002000014","AAV2.0.0.13","4.0.0.2353","PSt7-10","000000-000","8/7/2024 3:37:09 PM","0000-00","0","no battery","V","215852","µV","96196","µV"
"08/11/2024","11:50:33","2","default","203499907","Sensor2","34.725","min","232.306","μmol/L","Humid","22.759","deg","94437","µV","18.558","°C","985.000","hPa","35.0","pmil","0","51.462","deg","22.621","°C","100.000","%a.s.","22.257","deg","22.682","°C","985.000","hPa","0.861","-0.02056","0.00035","-0.00011","0","14.7","Humid","28.35","0","65.20","249353.41","SABD0002000014","AAV2.0.0.13","4.0.0.2353","PSt7-10","000000-000","8/7/2024 3:37:09 PM","0000-00","0","no battery","V","215852","µV","96196","µV"
"08/11/2024","11:50:34","2","default","203499907","Sensor2","34.742","min","232.264","μmol/L","Humid","22.761","deg","94438","µV","18.558","°C","985.000","hPa","35.0","pmil","0","51.462","deg","22.621","°C","100.000","%a.s.","22.257","deg","22.682","°C","985.000","hPa","0.861","-0.02056","0.00035","-0.00011","0","14.7","Humid","28.35","0","65.20","249358.77","SABD0002000014","AAV2.0.0.13","4.0.0.2353","PSt7-10","000000-000","8/7/2024 3:37:09 PM","0000-00","0","no battery","V","215852","µV","96196","µV"
"08/11/2024","11:50:35","2","default","203499907","Sensor2","34.758","min","232.397","μmol/L","Humid","22.759","deg","94436","µV","18.546","°C","985.000","hPa","35.0","pmil","0","51.462","deg","22.621","°C","100.000","%a.s.","22.257","deg","22.682","°C","985.000","hPa","0.861","-0.02056","0.00035","-0.00011","0","14.7","Humid","28.35","0","65.20","249347.01","SABD0002000014","AAV2.0.0.13","4.0.0.2353","PSt7-10","000000-000","8/7/2024 3:37:09 PM","0000-00","0","no battery","V","215852","µV","96196","µV"
"08/11/2024","11:50:36","2","default","203499907","Sensor2","34.775","min","232.268","μmol/L","Humid","22.763","deg","94440","µV","18.552","°C","985.000","hPa","35.0","pmil","0","51.462","deg","22.621","°C","100.000","%a.s.","22.257","deg","22.682","°C","985.000","hPa","0.861","-0.02056","0.00035","-0.00011","0","14.7","Humid","28.35","0","65.20","249355.96","SABD0002000014","AAV2.0.0.13","4.0.0.2353","PSt7-10","000000-000","8/7/2024 3:37:09 PM","0000-00","0","no battery","V","215852","µV","96196","µV"
"08/11/2024","11:50:37","2","default","203499907","Sensor2","34.792","min","232.272","μmol/L","Humid","22.765","deg","94441","µV","18.546","°C","985.000","hPa","35.0","pmil","0","51.462","deg","22.621","°C","100.000","%a.s.","22.257","deg","22.682","°C","985.000","hPa","0.861","-0.02056","0.00035","-0.00011","0","14.7","Humid","28.35","0","65.20","249355.10","SABD0002000014","AAV2.0.0.13","4.0.0.2353","PSt7-10","000000-000","8/7/2024 3:37:09 PM","0000-00","0","no battery","V","215852","µV","96196","µV"
"08/11/2024","11:50:38","2","default","203499907","Sensor2","34.808","min","232.351","μmol/L","Humid","22.759","deg","94438","µV","18.552","°C","985.000","hPa","35.0","pmil","0","51.462","deg","22.621","°C","100.000","%a.s.","22.257","deg","22.682","°C","985.000","hPa","0.861","-0.02056","0.00035","-0.00011","0","14.7","Humid","28.35","0","65.20","249350.93","SABD0002000014","AAV2.0.0.13","4.0.0.2353","PSt7-10","000000-000","8/7/2024 3:37:09 PM","0000-00","0","no battery","V","215852","µV","96196","µV"
"08/11/2024","11:50:39","2","default","203499907","Sensor2","34.825","min","232.227","μmol/L","Humid","22.765","deg","94450","µV","18.552","°C","985.000","hPa","35.0","pmil","0","51.462","deg","22.621","°C","100.000","%a.s.","22.257","deg","22.682","°C","985.000","hPa","0.861","-0.02056","0.00035","-0.00011","0","14.7","Humid","28.35","0","65.20","249356.24","SABD0002000014","AAV2.0.0.13","4.0.0.2353","PSt7-10","000000-000","8/7/2024 3:37:09 PM","0000-00","0","no battery","V","215852","µV","96196","µV"
"08/11/2024","11:50:40","2","default","203499907","Sensor2","34.842","min","232.289","μmol/L","Humid","22.762","deg","94444","µV","18.552","°C","985.000","hPa","35.0","pmil","0","51.462","deg","22.621","°C","100.000","%a.s.","22.257","deg","22.682","°C","985.000","hPa","0.861","-0.02056","0.00035","-0.00011","0","14.7","Humid","28.35","0","65.20","249360.05","SABD0002000014","AAV2.0.0.13","4.0.0.2353","PSt7-10","000000-000","8/7/2024 3:37:09 PM","0000-00","0","no battery","V","215852","µV","96196","µV"
"08/11/2024","11:50:41","2","default","203499907","Sensor2","34.858","min","232.202","μmol/L","Humid","22.764","deg","94447","µV","18.558","°C","985.000","hPa","35.0","pmil","0","51.462","deg","22.621","°C","100.000","%a.s.","22.257","deg","22.682","°C","985.000","hPa","0.861","-0.02056","0.00035","-0.00011","0","14.7","Humid","28.35","0","65.20","249364.37","SABD0002000014","AAV2.0.0.13","4.0.0.2353","PSt7-10","000000-000","8/7/2024 3:37:09 PM","0000-00","0","no battery","V","215852","µV","96196","µV"
"08/11/2024","11:50:42","2","default","203499907","Sensor2","34.875","min","232.268","μmol/L","Humid","22.763","deg","94450","µV","18.552","°C","985.000","hPa","35.0","pmil","0","51.462","deg","22.621","°C","100.000","%a.s.","22.257","deg","22.682","°C","985.000","hPa","0.861","-0.02056","0.00035","-0.00011","0","14.7","Humid","28.35","0","65.20","249365.03","SABD0002000014","AAV2.0.0.13","4.0.0.2353","PSt7-10","000000-000","8/7/2024 3:37:09 PM","0000-00","0","no battery","V","215852","µV","96196","µV"
"08/11/2024","11:50:43","2","default","203499907","Sensor2","34.891","min","232.293","μmol/L","Humid","22.764","deg","94455","µV","18.546","°C","985.000","hPa","35.0","pmil","0","51.462","deg","22.621","°C","100.000","%a.s.","22.257","deg","22.682","°C","985.000","hPa","0.861","-0.02056","0.00035","-0.00011","0","14.7","Humid","28.35","0","65.20","249375.91","SABD0002000014","AAV2.0.0.13","4.0.0.2353","PSt7-10","000000-000","8/7/2024 3:37:09 PM","0000-00","0","no battery","V","215852","µV","96196","µV"
"08/11/2024","11:50:44","2","default","203499907","Sensor2","34.908","min","232.318","μmol/L","Humid","22.765","deg","94456","µV","18.540","°C","985.000","hPa","35.0","pmil","0","51.462","deg","22.621","°C","100.000","%a.s.","22.257","deg","22.682","°C","985.000","hPa","0.861","-0.02056","0.00035","-0.00011","0","14.7","Humid","28.35","0","65.20","249367.32","SABD0002000014","AAV2.0.0.13","4.0.0.2353","PSt7-10","000000-000","8/7/2024 3:37:09 PM","0000-00","0","no battery","V","215852","µV","96196","µV"
"08/11/2024","11:50:45","2","default","203499907","Sensor2","34.924","min","232.185","μmol/L","Humid","22.767","deg","94449","µV","18.552","°C","985.000","hPa","35.0","pmil","0","51.462","deg","22.621","°C","100.000","%a.s.","22.257","deg","22.682","°C","985.000","hPa","0.861","-0.02056","0.00035","-0.00011","0","14.7","Humid","28.35","0","65.20","249359.06","SABD0002000014","AAV2.0.0.13","4.0.0.2353","PSt7-10","000000-000","8/7/2024 3:37:09 PM","0000-00","0","no battery","V","215852","µV","96196","µV"
"08/11/2024","11:50:46","2","default","203499907","Sensor2","34.941","min","232.160","μmol/L","Humid","22.766","deg","94447","µV","18.558","°C","985.000","hPa","35.0","pmil","0","51.462","deg","22.621","°C","100.000","%a.s.","22.257","deg","22.682","°C","985.000","hPa","0.861","-0.02056","0.00035","-0.00011","0","14.7","Humid","28.35","0","65.20","249354.30","SABD0002000014","AAV2.0.0.13","4.0.0.2353","PSt7-10","000000-000","8/7/2024 3:37:09 PM","0000-00","0","no battery","V","215852","µV","96196","µV"
"08/11/2024","11:50:47","2","default","203499907","Sensor2","34.958","min","232.231","μmol/L","Humid","22.767","deg","94458","µV","18.546","°C","985.000","hPa","35.0","pmil","0","51.462","deg","22.621","°C","100.000","%a.s.","22.257","deg","22.682","°C","985.000","hPa","0.861","-0.02056","0.00035","-0.00011","0","14.7","Humid","28.35","0","65.20","249362.96","SABD0002000014","AAV2.0.0.13","4.0.0.2353","PSt7-10","000000-000","8/7/2024 3:37:09 PM","0000-00","0","no battery","V","215852","µV","96196","µV"
"08/11/2024","11:50:48","2","default","203499907","Sensor2","34.975","min","232.252","μmol/L","Humid","22.766","deg","94456","µV","18.546","°C","985.000","hPa","35.0","pmil","0","51.462","deg","22.621","°C","100.000","%a.s.","22.257","deg","22.682","°C","985.000","hPa","0.861","-0.02056","0.00035","-0.00011","0","14.7","Humid","28.35","0","65.20","249353.04","SABD0002000014","AAV2.0.0.13","4.0.0.2353","PSt7-10","000000-000","8/7/2024 3:37:09 PM","0000-00","0","no battery","V","215852","µV","96196","µV"
"08/11/2024","11:50:49","2","default","203499907","Sensor2","34.991","min","232.231","μmol/L","Humid","22.767","deg","94459","µV","18.546","°C","985.000","hPa","35.0","pmil","0","51.462","deg","22.621","°C","100.000","%a.s.","22.257","deg","22.682","°C","985.000","hPa","0.861","-0.02056","0.00035","-0.00011","0","14.7","Humid","28.35","0","65.20","249369.71","SABD0002000014","AAV2.0.0.13","4.0.0.2353","PSt7-10","000000-000","8/7/2024 3:37:09 PM","0000-00","0","no battery","V","215852","µV","96196","µV"
"08/11/2024","11:50:50","2","default","203499907","Sensor2","35.008","min","232.293","μmol/L","Humid","22.764","deg","94454","µV","18.546","°C","985.000","hPa","35.0","pmil","0","51.462","deg","22.621","°C","100.000","%a.s.","22.257","deg","22.682","°C","985.000","hPa","0.861","-0.02056","0.00035","-0.00011","0","14.7","Humid","28.35","0","65.20","249363.89","SABD0002000014","AAV2.0.0.13","4.0.0.2353","PSt7-10","000000-000","8/7/2024 3:37:09 PM","0000-00","0","no battery","V","215852","µV","96196","µV"
"08/11/2024","11:50:51","2","default","203499907","Sensor2","35.025","min","232.164","μmol/L","Humid","22.768","deg","94459","µV","18.552","°C","985.000","hPa","35.0","pmil","0","51.462","deg","22.621","°C","100.000","%a.s.","22.257","deg","22.682","°C","985.000","hPa","0.861","-0.02056","0.00035","-0.00011","0","14.7","Humid","28.35","0","65.20","249347.43","SABD0002000014","AAV2.0.0.13","4.0.0.2353","PSt7-10","000000-000","8/7/2024 3:37:09 PM","0000-00","0","no battery","V","215852","µV","96196","µV"
"08/11/2024","11:50:52","2","default","203499907","Sensor2","35.041","min","232.164","μmol/L","Humid","22.768","deg","94460","µV","18.552","°C","985.000","hPa","35.0","pmil","0","51.462","deg","22.621","°C","100.000","%a.s.","22.257","deg","22.682","°C","985.000","hPa","0.861","-0.02056","0.00035","-0.00011","0","14.7","Humid","28.35","0","65.20","249359.77","SABD0002000014","AAV2.0.0.13","4.0.0.2353","PSt7-10","000000-000","8/7/2024 3:37:09 PM","0000-00","0","no battery","V","215852","µV","96196","µV"
"08/11/2024","11:50:53","2","default","203499907","Sensor2","35.058","min","232.060","μmol/L","Humid","22.773","deg","94459","µV","18.552","°C","985.000","hPa","35.0","pmil","0","51.462","deg","22.621","°C","100.000","%a.s.","22.257","deg","22.682","°C","985.000","hPa","0.861","-0.02056","0.00035","-0.00011","0","14.7","Humid","28.35","0","65.20","249348.43","SABD0002000014","AAV2.0.0.13","4.0.0.2353","PSt7-10","000000-000","8/7/2024 3:37:09 PM","0000-00","0","no battery","V","215852","µV","96196","µV"
"08/11/2024","11:50:54","2","default","203499907","Sensor2","35.075","min","232.143","μmol/L","Humid","22.769","deg","94470","µV","18.552","°C","985.000","hPa","35.0","pmil","0","51.462","deg","22.621","°C","100.000","%a.s.","22.257","deg","22.682","°C","985.000","hPa","0.861","-0.02056","0.00035","-0.00011","0","14.7","Humid","28.35","0","65.20","249355.78","SABD0002000014","AAV2.0.0.13","4.0.0.2353","PSt7-10","000000-000","8/7/2024 3:37:09 PM","0000-00","0","no battery","V","215852","µV","96196","µV"
"08/11/2024","11:50:55","2","default","203499907","Sensor2","35.092","min","232.164","μmol/L","Humid","22.768","deg","94466","µV","18.552","°C","985.000","hPa","35.0","pmil","0","51.462","deg","22.621","°C","100.000","%a.s.","22.257","deg","22.682","°C","985.000","hPa","0.861","-0.02056","0.00035","-0.00011","0","14.7","Humid","28.35","0","65.20","249360.41","SABD0002000014","AAV2.0.0.13","4.0.0.2353","PSt7-10","000000-000","8/7/2024 3:37:09 PM","0000-00","0","no battery","V","215852","µV","96196","µV"
"08/11/2024","11:50:56","2","default","203499907","Sensor2","35.108","min","232.164","μmol/L","Humid","22.768","deg","94468","µV","18.552","°C","985.000","hPa","35.0","pmil","0","51.462","deg","22.621","°C","100.000","%a.s.","22.257","deg","22.682","°C","985.000","hPa","0.861","-0.02056","0.00035","-0.00011","0","14.7","Humid","28.35","0","65.20","249344.43","SABD0002000014","AAV2.0.0.13","4.0.0.2353","PSt7-10","000000-000","8/7/2024 3:37:09 PM","0000-00","0","no battery","V","215852","µV","96196","µV"
"08/11/2024","11:50:57","2","default","203499907","Sensor2","35.125","min","232.168","μmol/L","Humid","22.770","deg","94469","µV","18.546","°C","985.000","hPa","35.0","pmil","0","51.462","deg","22.621","°C","100.000","%a.s.","22.257","deg","22.682","°C","985.000","hPa","0.861","-0.02056","0.00035","-0.00011","0","14.7","Humid","28.35","0","65.20","249351.34","SABD0002000014","AAV2.0.0.13","4.0.0.2353","PSt7-10","000000-000","8/7/2024 3:37:09 PM","0000-00","0","no battery","V","215852","µV","96196","µV"
"08/11/2024","11:50:58","2","default","203499907","Sensor2","35.141","min","232.252","μmol/L","Humid","22.766","deg","94475","µV","18.546","°C","985.000","hPa","35.0","pmil","0","51.462","deg","22.621","°C","100.000","%a.s.","22.257","deg","22.682","°C","985.000","hPa","0.861","-0.02056","0.00035","-0.00011","0","14.7","Humid","28.35","0","65.20","249358.73","SABD0002000014","AAV2.0.0.13","4.0.0.2353","PSt7-10","000000-000","8/7/2024 3:37:09 PM","0000-00","0","no battery","V","215852","µV","96196","µV"
"08/11/2024","11:50:59","2","default","203499907","Sensor2","35.158","min","232.085","μmol/L","Humid","22.774","deg","94476","µV","18.546","°C","985.000","hPa","35.0","pmil","0","51.462","deg","22.621","°C","100.000","%a.s.","22.257","deg","22.682","°C","985.000","hPa","0.861","-0.02056","0.00035","-0.00011","0","14.7","Humid","28.35","0","65.20","249366.62","SABD0002000014","AAV2.0.0.13","4.0.0.2353","PSt7-10","000000-000","8/7/2024 3:37:09 PM","0000-00","0","no battery","V","215852","µV","96196","µV"
"08/11/2024","11:51:00","2","default","203499907","Sensor2","35.174","min","232.064","μmol/L","Humid","22.775","deg","94475","µV","18.546","°C","985.000","hPa","35.0","pmil","0","51.462","deg","22.621","°C","100.000","%a.s.","22.257","deg","22.682","°C","985.000","hPa","0.861","-0.02056","0.00035","-0.00011","0","14.7","Humid","28.35","0","65.20","249361.75","SABD0002000014","AAV2.0.0.13","4.0.0.2353","PSt7-10","000000-000","8/7/2024 3:37:09 PM","0000-00","0","no battery","V","215852","µV","96196","µV"
"08/11/2024","11:51:01","2","default","203499907","Sensor2","35.191","min","232.106","μmol/L","Humid","22.773","deg","94478","µV","18.546","°C","985.000","hPa","35.0","pmil","0","51.462","deg","22.621","°C","100.000","%a.s.","22.257","deg","22.682","°C","985.000","hPa","0.861","-0.02056","0.00035","-0.00011","0","14.7","Humid","28.35","0","65.20","249369.44","SABD0002000014","AAV2.0.0.13","4.0.0.2353","PSt7-10","000000-000","8/7/2024 3:37:09 PM","0000-00","0","no battery","V","215852","µV","96196","µV"
"08/11/2024","11:51:02","2","default","203499907","Sensor2","35.208","min","232.039","μmol/L","Humid","22.774","deg","94484","µV","18.552","°C","985.000","hPa","35.0","pmil","0","51.462","deg","22.621","°C","100.000","%a.s.","22.257","deg","22.682","°C","985.000","hPa","0.861","-0.02056","0.00035","-0.00011","0","14.7","Humid","28.35","0","65.20","249364.01","SABD0002000014","AAV2.0.0.13","4.0.0.2353","PSt7-10","000000-000","8/7/2024 3:37:09 PM","0000-00","0","no battery","V","215852","µV","96196","µV"
"08/11/2024","11:51:03","2","default","203499907","Sensor2","35.225","min","232.023","μmol/L","Humid","22.777","deg","94479","µV","18.546","°C","985.000","hPa","35.0","pmil","0","51.462","deg","22.621","°C","100.000","%a.s.","22.257","deg","22.682","°C","985.000","hPa","0.861","-0.02056","0.00035","-0.00011","0","14.7","Humid","28.35","0","65.20","249358.90","SABD0002000014","AAV2.0.0.13","4.0.0.2353","PSt7-10","000000-000","8/7/2024 3:37:09 PM","0000-00","0","no battery","V","215852","µV","96196","µV"
"08/11/2024","11:51:04","2","default","203499907","Sensor2","35.241","min","232.081","μmol/L","Humid","22.772","deg","94484","µV","18.552","°C","985.000","hPa","35.0","pmil","0","51.462","deg","22.621","°C","100.000","%a.s.","22.257","deg","22.682","°C","985.000","hPa","0.861","-0.02056","0.00035","-0.00011","0","14.7","Humid","28.35","0","65.20","249347.99","SABD0002000014","AAV2.0.0.13","4.0.0.2353","PSt7-10","000000-000","8/7/2024 3:37:09 PM","0000-00","0","no battery","V","215852","µV","96196","µV"
"08/11/2024","11:51:05","2","default","203499907","Sensor2","35.258","min","232.060","μmol/L","Humid","22.773","deg","94487","µV","18.552","°C","985.000","hPa","35.0","pmil","0","51.462","deg","22.621","°C","100.000","%a.s.","22.257","deg","22.682","°C","985.000","hPa","0.861","-0.02056","0.00035","-0.00011","0","14.7","Humid","28.35","0","65.20","249352.94","SABD0002000014","AAV2.0.0.13","4.0.0.2353","PSt7-10","000000-000","8/7/2024 3:37:09 PM","0000-00","0","no battery","V","215852","µV","96196","µV"
"08/11/2024","11:51:06","2","default","203499907","Sensor2","35.275","min","232.019","μmol/L","Humid","22.775","deg","94486","µV","18.552","°C","985.000","hPa","35.0","pmil","0","51.462","deg","22.621","°C","100.000","%a.s.","22.257","deg","22.682","°C","985.000","hPa","0.861","-0.02056","0.00035","-0.00011","0","14.7","Humid","28.35","0","65.20","249364.26","SABD0002000014","AAV2.0.0.13","4.0.0.2353","PSt7-10","000000-000","8/7/2024 3:37:09 PM","0000-00","0","no battery","V","215852","µV","96196","µV"
"08/11/2024","11:51:07","2","default","203499907","Sensor2","35.291","min","232.085","μmol/L","Humid","22.774","deg","94486","µV","18.546","°C","985.000","hPa","35.0","pmil","0","51.462","deg","22.621","°C","100.000","%a.s.","22.257","deg","22.682","°C","985.000","hPa","0.861","-0.02056","0.00035","-0.00011","0","14.7","Humid","28.35","0","65.20","249348.71","SABD0002000014","AAV2.0.0.13","4.0.0.2353","PSt7-10","000000-000","8/7/2024 3:37:09 PM","0000-00","0","no battery","V","215852","µV","96196","µV"
"08/11/2024","11:51:08","2","default","203499907","Sensor2","35.308","min","232.039","μmol/L","Humid","22.774","deg","94493","µV","18.552","°C","985.000","hPa","35.0","pmil","0","51.462","deg","22.621","°C","100.000","%a.s.","22.257","deg","22.682","°C","985.000","hPa","0.861","-0.02056","0.00035","-0.00011","0","14.7","Humid","28.35","0","65.20","249368.10","SABD0002000014","AAV2.0.0.13","4.0.0.2353","PSt7-10","000000-000","8/7/2024 3:37:09 PM","0000-00","0","no battery","V","215852","µV","96196","µV"
"08/11/2024","11:51:09","2","default","203499907","Sensor2","35.325","min","232.019","μmol/L","Humid","22.775","deg","94493","µV","18.552","°C","985.000","hPa","35.0","pmil","0","51.462","deg","22.621","°C","100.000","%a.s.","22.257","deg","22.682","°C","985.000","hPa","0.861","-0.02056","0.00035","-0.00011","0","14.7","Humid","28.35","0","65.20","249358.14","SABD0002000014","AAV2.0.0.13","4.0.0.2353","PSt7-10","000000-000","8/7/2024 3:37:09 PM","0000-00","0","no battery","V","215852","µV","96196","µV"
"08/11/2024","11:51:10","2","default","203499907","Sensor2","35.341","min","231.998","μmol/L","Humid","22.776","deg","94489","µV","18.552","°C","985.000","hPa","35.0","pmil","0","51.462","deg","22.621","°C","100.000","%a.s.","22.257","deg","22.682","°C","985.000","hPa","0.861","-0.02056","0.00035","-0.00011","0","14.7","Humid","28.35","0","65.20","249343.47","SABD0002000014","AAV2.0.0.13","4.0.0.2353","PSt7-10","000000-000","8/7/2024 3:37:09 PM","0000-00","0","no battery","V","215852","µV","96196","µV"
"08/11/2024","11:51:11","2","default","203499907","Sensor2","35.358","min","231.998","μmol/L","Humid","22.776","deg","94486","µV","18.552","°C","985.000","hPa","35.0","pmil","0","51.462","deg","22.621","°C","100.000","%a.s.","22.257","deg","22.682","°C","985.000","hPa","0.861","-0.02056","0.00035","-0.00011","0","14.7","Humid","28.35","0","65.20","249349.38","SABD0002000014","AAV2.0.0.13","4.0.0.2353","PSt7-10","000000-000","8/7/2024 3:37:09 PM","0000-00","0","no battery","V","215852","µV","96196","µV"
"08/11/2024","11:51:12","2","default","203499907","Sensor2","35.375","min","231.977","μmol/L","Humid","22.777","deg","94496","µV","18.552","°C","985.000","hPa","35.0","pmil","0","51.462","deg","22.621","°C","100.000","%a.s.","22.257","deg","22.682","°C","985.000","hPa","0.861","-0.02056","0.00035","-0.00011","0","14.7","Humid","28.35","0","65.20","249351.20","SABD0002000014","AAV2.0.0.13","4.0.0.2353","PSt7-10","000000-000","8/7/2024 3:37:09 PM","0000-00","0","no battery","V","215852","µV","96196","µV"
"08/11/2024","11:51:13","2","default","203499907","Sensor2","35.392","min","232.127","μmol/L","Humid","22.772","deg","94498","µV","18.546","°C","985.000","hPa","35.0","pmil","0","51.462","deg","22.621","°C","100.000","%a.s.","22.257","deg","22.682","°C","985.000","hPa","0.861","-0.02056","0.00035","-0.00011","0","14.7","Humid","28.35","0","65.20","249346.02","SABD0002000014","AAV2.0.0.13","4.0.0.2353","PSt7-10","000000-000","8/7/2024 3:37:09 PM","0000-00","0","no battery","V","215852","µV","96196","µV"
"08/11/2024","11:51:14","2","default","203499907","Sensor2","35.408","min","232.039","μmol/L","Humid","22.774","deg","94505","µV","18.552","°C","985.000","hPa","35.0","pmil","0","51.462","deg","22.621","°C","100.000","%a.s.","22.257","deg","22.682","°C","985.000","hPa","0.861","-0.02056","0.00035","-0.00011","0","14.7","Humid","28.35","0","65.20","249358.81","SABD0002000014","AAV2.0.0.13","4.0.0.2353","PSt7-10","000000-000","8/7/2024 3:37:09 PM","0000-00","0","no battery","V","215852","µV","96196","µV"
"08/11/2024","11:51:15","2","default","203499907","Sensor2","35.424","min","232.019","μmol/L","Humid","22.775","deg","94499","µV","18.552","°C","985.000","hPa","35.0","pmil","0","51.462","deg","22.621","°C","100.000","%a.s.","22.257","deg","22.682","°C","985.000","hPa","0.861","-0.02056","0.00035","-0.00011","0","14.7","Humid","28.35","0","65.20","249357.13","SABD0002000014","AAV2.0.0.13","4.0.0.2353","PSt7-10","000000-000","8/7/2024 3:37:09 PM","0000-00","0","no battery","V","215852","µV","96196","µV"
"08/11/2024","11:51:16","2","default","203499907","Sensor2","35.441","min","231.873","μmol/L","Humid","22.782","deg","94503","µV","18.552","°C","985.000","hPa","35.0","pmil","0","51.462","deg","22.621","°C","100.000","%a.s.","22.257","deg","22.682","°C","985.000","hPa","0.861","-0.02056","0.00035","-0.00011","0","14.7","Humid","28.35","0","65.20","249358.45","SABD0002000014","AAV2.0.0.13","4.0.0.2353","PSt7-10","000000-000","8/7/2024 3:37:09 PM","0000-00","0","no battery","V","215852","µV","96196","µV"
"08/11/2024","11:51:17","2","default","203499907","Sensor2","35.458","min","232.023","μmol/L","Humid","22.777","deg","94499","µV","18.546","°C","985.000","hPa","35.0","pmil","0","51.462","deg","22.621","°C","100.000","%a.s.","22.257","deg","22.682","°C","985.000","hPa","0.861","-0.02056","0.00035","-0.00011","0","14.7","Humid","28.35","0","65.20","249353.85","SABD0002000014","AAV2.0.0.13","4.0.0.2353","PSt7-10","000000-000","8/7/2024 3:37:09 PM","0000-00","0","no battery","V","215852","µV","96196","µV"
"08/11/2024","11:51:18","2","default","203499907","Sensor2","35.475","min","231.832","μmol/L","Humid","22.784","deg","94507","µV","18.552","°C","985.000","hPa","35.0","pmil","0","51.462","deg","22.621","°C","100.000","%a.s.","22.257","deg","22.682","°C","985.000","hPa","0.861","-0.02056","0.00035","-0.00011","0","14.7","Humid","28.35","0","65.20","249355.00","SABD0002000014","AAV2.0.0.13","4.0.0.2353","PSt7-10","000000-000","8/7/2024 3:37:09 PM","0000-00","0","no battery","V","215852","µV","96196","µV"
"08/11/2024","11:51:19","2","default","203499907","Sensor2","35.492","min","231.987","μmol/L","Humid","22.779","deg","94504","µV","18.546","°C","986.000","hPa","35.0","pmil","0","51.462","deg","22.621","°C","100.000","%a.s.","22.257","deg","22.682","°C","985.000","hPa","0.861","-0.02056","0.00035","-0.00011","0","14.7","Humid","28.35","0","65.20","249350.20","SABD0002000014","AAV2.0.0.13","4.0.0.2353","PSt7-10","000000-000","8/7/2024 3:37:09 PM","0000-00","0","no battery","V","215852","µV","96196","µV"
"08/11/2024","11:51:20","2","default","203499907","Sensor2","35.508","min","231.982","μmol/L","Humid","22.777","deg","94506","µV","18.552","°C","986.000","hPa","35.0","pmil","0","51.462","deg","22.621","°C","100.000","%a.s.","22.257","deg","22.682","°C","985.000","hPa","0.861","-0.02056","0.00035","-0.00011","0","14.7","Humid","28.35","0","65.20","249342.64","SABD0002000014","AAV2.0.0.13","4.0.0.2353","PSt7-10","000000-000","8/7/2024 3:37:09 PM","0000-00","0","no battery","V","215852","µV","96196","µV"
"08/11/2024","11:51:21","2","default","203499907","Sensor2","35.525","min","231.920","μmol/L","Humid","22.780","deg","94508","µV","18.552","°C","986.000","hPa","35.0","pmil","0","51.462","deg","22.621","°C","100.000","%a.s.","22.257","deg","22.682","°C","985.000","hPa","0.861","-0.02056","0.00035","-0.00011","0","14.7","Humid","28.35","0","65.20","249349.40","SABD0002000014","AAV2.0.0.13","4.0.0.2353","PSt7-10","000000-000","8/7/2024 3:37:09 PM","0000-00","0","no battery","V","215852","µV","96196","µV"
"08/11/2024","11:51:22","2","default","203499907","Sensor2","35.542","min","231.879","μmol/L","Humid","22.782","deg","94512","µV","18.552","°C","986.000","hPa","35.0","pmil","0","51.462","deg","22.621","°C","100.000","%a.s.","22.257","deg","22.682","°C","985.000","hPa","0.861","-0.02056","0.00035","-0.00011","0","14.7","Humid","28.35","0","65.20","249351.79","SABD0002000014","AAV2.0.0.13","4.0.0.2353","PSt7-10","000000-000","8/7/2024 3:37:09 PM","0000-00","0","no battery","V","215852","µV","96196","µV"
"08/11/2024","11:51:23","2","default","203499907","Sensor2","35.558","min","231.750","μmol/L","Humid","22.786","deg","94512","µV","18.558","°C","986.000","hPa","35.0","pmil","0","51.462","deg","22.621","°C","100.000","%a.s.","22.257","deg","22.682","°C","985.000","hPa","0.861","-0.02056","0.00035","-0.00011","0","14.7","Humid","28.35","0","65.20","249343.48","SABD0002000014","AAV2.0.0.13","4.0.0.2353","PSt7-10","000000-000","8/7/2024 3:37:09 PM","0000-00","0","no battery","V","215852","µV","96196","µV"
"08/11/2024","11:51:24","2","default","203499907","Sensor2","35.575","min","231.941","μmol/L","Humid","22.779","deg","94514","µV","18.552","°C","986.000","hPa","35.0","pmil","0","51.462","deg","22.621","°C","100.000","%a.s.","22.257","deg","22.682","°C","985.000","hPa","0.861","-0.02056","0.00035","-0.00011","0","14.7","Humid","28.35","0","65.20","249357.95","SABD0002000014","AAV2.0.0.13","4.0.0.2353","PSt7-10","000000-000","8/7/2024 3:37:09 PM","0000-00","0","no battery","V","215852","µV","96196","µV"
"08/11/2024","11:51:25","2","default","203499907","Sensor2","35.591","min","231.945","μmol/L","Humid","22.781","deg","94521","µV","18.546","°C","986.000","hPa","35.0","pmil","0","51.462","deg","22.621","°C","100.000","%a.s.","22.257","deg","22.682","°C","985.000","hPa","0.861","-0.02056","0.00035","-0.00011","0","14.7","Humid","28.35","0","65.20","249354.35","SABD0002000014","AAV2.0.0.13","4.0.0.2353","PSt7-10","000000-000","8/7/2024 3:37:09 PM","0000-00","0","no battery","V","215852","µV","96196","µV"
"08/11/2024","11:51:26","2","default","203499907","Sensor2","35.608","min","231.924","μmol/L","Humid","22.782","deg","94515","µV","18.546","°C","986.000","hPa","35.0","pmil","0","51.462","deg","22.621","°C","100.000","%a.s.","22.257","deg","22.682","°C","985.000","hPa","0.861","-0.02056","0.00035","-0.00011","0","14.7","Humid","28.35","0","65.20","249344.76","SABD0002000014","AAV2.0.0.13","4.0.0.2353","PSt7-10","000000-000","8/7/2024 3:37:09 PM","0000-00","0","no battery","V","215852","µV","96196","µV"
"08/11/2024","11:51:27","2","default","203499907","Sensor2","35.625","min","231.928","μmol/L","Humid","22.784","deg","94521","µV","18.540","°C","986.000","hPa","35.0","pmil","0","51.462","deg","22.621","°C","100.000","%a.s.","22.257","deg","22.682","°C","985.000","hPa","0.861","-0.02056","0.00035","-0.00011","0","14.7","Humid","28.35","0","65.20","249354.17","SABD0002000014","AAV2.0.0.13","4.0.0.2353","PSt7-10","000000-000","8/7/2024 3:37:09 PM","0000-00","0","no battery","V","215852","µV","96196","µV"
"08/11/2024","11:51:28","2","default","203499907","Sensor2","35.641","min","231.883","μmol/L","Humid","22.784","deg","94522","µV","18.546","°C","986.000","hPa","35.0","pmil","0","51.462","deg","22.621","°C","100.000","%a.s.","22.257","deg","22.682","°C","985.000","hPa","0.861","-0.02056","0.00035","-0.00011","0","14.7","Humid","28.35","0","65.20","249348.92","SABD0002000014","AAV2.0.0.13","4.0.0.2353","PSt7-10","000000-000","8/7/2024 3:37:09 PM","0000-00","0","no battery","V","215852","µV","96196","µV"
"08/11/2024","11:51:29","2","default","203499907","Sensor2","35.658","min","231.899","μmol/L","Humid","22.781","deg","94520","µV","18.552","°C","986.000","hPa","35.0","pmil","0","51.462","deg","22.621","°C","100.000","%a.s.","22.257","deg","22.682","°C","985.000","hPa","0.861","-0.02056","0.00035","-0.00011","0","14.7","Humid","28.35","0","65.20","249361.13","SABD0002000014","AAV2.0.0.13","4.0.0.2353","PSt7-10","000000-000","8/7/2024 3:37:09 PM","0000-00","0","no battery","V","215852","µV","96196","µV"
"08/11/2024","11:51:30","2","default","203499907","Sensor2","35.675","min","231.858","μmol/L","Humid","22.783","deg","94523","µV","18.552","°C","986.000","hPa","35.0","pmil","0","51.462","deg","22.621","°C","100.000","%a.s.","22.257","deg","22.682","°C","985.000","hPa","0.861","-0.02056","0.00035","-0.00011","0","14.7","Humid","28.35","0","65.20","249353.05","SABD0002000014","AAV2.0.0.13","4.0.0.2353","PSt7-10","000000-000","8/7/2024 3:37:09 PM","0000-00","0","no battery","V","215852","µV","96196","µV"
"08/11/2024","11:51:31","2","default","203499907","Sensor2","35.692","min","231.795","μmol/L","Humid","22.786","deg","94532","µV","18.552","°C","986.000","hPa","35.0","pmil","0","51.462","deg","22.621","°C","100.000","%a.s.","22.257","deg","22.682","°C","985.000","hPa","0.861","-0.02056","0.00035","-0.00011","0","14.7","Humid","28.35","0","65.20","249349.15","SABD0002000014","AAV2.0.0.13","4.0.0.2353","PSt7-10","000000-000","8/7/2024 3:37:09 PM","0000-00","0","no battery","V","215852","µV","96196","µV"
"08/11/2024","11:51:32","2","default","203499907","Sensor2","35.708","min","231.800","μmol/L","Humid","22.788","deg","94521","µV","18.546","°C","986.000","hPa","35.0","pmil","0","51.462","deg","22.621","°C","100.000","%a.s.","22.257","deg","22.682","°C","985.000","hPa","0.861","-0.02056","0.00035","-0.00011","0","14.7","Humid","28.35","0","65.20","249337.84","SABD0002000014","AAV2.0.0.13","4.0.0.2353","PSt7-10","000000-000","8/7/2024 3:37:09 PM","0000-00","0","no battery","V","215852","µV","96196","µV"
"08/11/2024","11:51:33","2","default","203499907","Sensor2","35.724","min","231.858","μmol/L","Humid","22.783","deg","94529","µV","18.552","°C","986.000","hPa","35.0","pmil","0","51.462","deg","22.621","°C","100.000","%a.s.","22.257","deg","22.682","°C","985.000","hPa","0.861","-0.02056","0.00035","-0.00011","0","14.7","Humid","28.35","0","65.20","249351.41","SABD0002000014","AAV2.0.0.13","4.0.0.2353","PSt7-10","000000-000","8/7/2024 3:37:09 PM","0000-00","0","no battery","V","215852","µV","96196","µV"
"08/11/2024","11:51:34","2","default","203499907","Sensor2","35.741","min","231.811","μmol/L","Humid","22.785","deg","94532","µV","18.552","°C","985.000","hPa","35.0","pmil","0","51.462","deg","22.621","°C","100.000","%a.s.","22.257","deg","22.682","°C","985.000","hPa","0.861","-0.02056","0.00035","-0.00011","0","14.7","Humid","28.35","0","65.20","249340.56","SABD0002000014","AAV2.0.0.13","4.0.0.2353","PSt7-10","000000-000","8/7/2024 3:37:09 PM","0000-00","0","no battery","V","215852","µV","96196","µV"
"08/11/2024","11:51:35","2","default","203499907","Sensor2","35.758","min","231.724","μmol/L","Humid","22.787","deg","94527","µV","18.558","°C","985.000","hPa","35.0","pmil","0","51.462","deg","22.621","°C","100.000","%a.s.","22.257","deg","22.682","°C","985.000","hPa","0.861","-0.02056","0.00035","-0.00011","0","14.7","Humid","28.35","0","65.20","249347.80","SABD0002000014","AAV2.0.0.13","4.0.0.2353","PSt7-10","000000-000","8/7/2024 3:37:09 PM","0000-00","0","no battery","V","215852","µV","96196","µV"
"08/11/2024","11:51:36","2","default","203499907","Sensor2","35.774","min","231.770","μmol/L","Humid","22.787","deg","94535","µV","18.552","°C","985.000","hPa","35.0","pmil","0","51.462","deg","22.621","°C","100.000","%a.s.","22.257","deg","22.682","°C","985.000","hPa","0.861","-0.02056","0.00035","-0.00011","0","14.7","Humid","28.35","0","65.20","249344.17","SABD0002000014","AAV2.0.0.13","4.0.0.2353","PSt7-10","000000-000","8/7/2024 3:37:09 PM","0000-00","0","no battery","V","215852","µV","96196","µV"
"08/11/2024","11:51:37","2","default","203499907","Sensor2","35.791","min","231.832","μmol/L","Humid","22.784","deg","94536","µV","18.552","°C","985.000","hPa","35.0","pmil","0","51.462","deg","22.621","°C","100.000","%a.s.","22.257","deg","22.682","°C","985.000","hPa","0.861","-0.02056","0.00035","-0.00011","0","14.7","Humid","28.35","0","65.20","249335.17","SABD0002000014","AAV2.0.0.13","4.0.0.2353","PSt7-10","000000-000","8/7/2024 3:37:09 PM","0000-00","0","no battery","V","215852","µV","96196","µV"
"08/11/2024","11:51:38","2","default","203499907","Sensor2","35.808","min","231.666","μmol/L","Humid","22.792","deg","94535","µV","18.552","°C","985.000","hPa","35.0","pmil","0","51.462","deg","22.621","°C","100.000","%a.s.","22.257","deg","22.682","°C","985.000","hPa","0.861","-0.02056","0.00035","-0.00011","0","14.7","Humid","28.35","0","65.20","249334.00","SABD0002000014","AAV2.0.0.13","4.0.0.2353","PSt7-10","000000-000","8/7/2024 3:37:09 PM","0000-00","0","no battery","V","215852","µV","96196","µV"
"08/11/2024","11:51:39","2","default","203499907","Sensor2","35.825","min","231.753","μmol/L","Humid","22.790","deg","94536","µV","18.546","°C","985.000","hPa","35.0","pmil","0","51.462","deg","22.621","°C","100.000","%a.s.","22.257","deg","22.682","°C","985.000","hPa","0.861","-0.02056","0.00035","-0.00011","0","14.7","Humid","28.35","0","65.20","249349.96","SABD0002000014","AAV2.0.0.13","4.0.0.2353","PSt7-10","000000-000","8/7/2024 3:37:09 PM","0000-00","0","no battery","V","215852","µV","96196","µV"
"08/11/2024","11:51:40","2","default","203499907","Sensor2","35.841","min","231.790","μmol/L","Humid","22.786","deg","94533","µV","18.552","°C","985.000","hPa","35.0","pmil","0","51.462","deg","22.621","°C","100.000","%a.s.","22.257","deg","22.682","°C","985.000","hPa","0.861","-0.02056","0.00035","-0.00011","0","14.7","Humid","28.35","0","65.20","249339.52","SABD0002000014","AAV2.0.0.13","4.0.0.2353","PSt7-10","000000-000","8/7/2024 3:37:09 PM","0000-00","0","no battery","V","215852","µV","96196","µV"
"08/11/2024","11:51:41","2","default","203499907","Sensor2","35.858","min","231.666","μmol/L","Humid","22.792","deg","94541","µV","18.552","°C","985.000","hPa","35.0","pmil","0","51.462","deg","22.621","°C","100.000","%a.s.","22.257","deg","22.682","°C","985.000","hPa","0.861","-0.02056","0.00035","-0.00011","0","14.7","Humid","28.35","0","65.20","249340.48","SABD0002000014","AAV2.0.0.13","4.0.0.2353","PSt7-10","000000-000","8/7/2024 3:37:09 PM","0000-00","0","no battery","V","215852","µV","96196","µV"
"08/11/2024","11:51:42","2","default","203499907","Sensor2","35.875","min","231.732","μmol/L","Humid","22.791","deg","94546","µV","18.546","°C","985.000","hPa","35.0","pmil","0","51.462","deg","22.621","°C","100.000","%a.s.","22.257","deg","22.682","°C","985.000","hPa","0.861","-0.02056","0.00035","-0.00011","0","14.7","Humid","28.35","0","65.20","249353.03","SABD0002000014","AAV2.0.0.13","4.0.0.2353","PSt7-10","000000-000","8/7/2024 3:37:09 PM","0000-00","0","no battery","V","215852","µV","96196","µV"
"08/11/2024","11:51:43","2","default","203499907","Sensor2","35.892","min","231.836","μmol/L","Humid","22.786","deg","94551","µV","18.546","°C","985.000","hPa","35.0","pmil","0","51.462","deg","22.621","°C","100.000","%a.s.","22.257","deg","22.682","°C","985.000","hPa","0.861","-0.02056","0.00035","-0.00011","0","14.7","Humid","28.35","0","65.20","249349.74","SABD0002000014","AAV2.0.0.13","4.0.0.2353","PSt7-10","000000-000","8/7/2024 3:37:09 PM","0000-00","0","no battery","V","215852","µV","96196","µV"
"08/11/2024","11:51:44","2","default","203499907","Sensor2","35.908","min","231.774","μmol/L","Humid","22.789","deg","94549","µV","18.546","°C","985.000","hPa","35.0","pmil","0","51.462","deg","22.621","°C","100.000","%a.s.","22.257","deg","22.682","°C","985.000","hPa","0.861","-0.02056","0.00035","-0.00011","0","14.7","Humid","28.35","0","65.20","249343.39","SABD0002000014","AAV2.0.0.13","4.0.0.2353","PSt7-10","000000-000","8/7/2024 3:37:09 PM","0000-00","0","no battery","V","215852","µV","96196","µV"
"08/11/2024","11:51:45","2","default","203499907","Sensor2","35.925","min","231.836","μmol/L","Humid","22.786","deg","94544","µV","18.546","°C","985.000","hPa","35.0","pmil","0","51.462","deg","22.621","°C","100.000","%a.s.","22.257","deg","22.682","°C","985.000","hPa","0.861","-0.02056","0.00035","-0.00011","0","14.7","Humid","28.35","0","65.20","249338.57","SABD0002000014","AAV2.0.0.13","4.0.0.2353","PSt7-10","000000-000","8/7/2024 3:37:09 PM","0000-00","0","no battery","V","215852","µV","96196","µV"
"08/11/2024","11:51:46","2","default","203499907","Sensor2","35.941","min","231.799","μmol/L","Humid","22.790","deg","94560","µV","18.540","°C","985.000","hPa","35.0","pmil","0","51.462","deg","22.621","°C","100.000","%a.s.","22.257","deg","22.682","°C","985.000","hPa","0.861","-0.02056","0.00035","-0.00011","0","14.7","Humid","28.35","0","65.20","249346.29","SABD0002000014","AAV2.0.0.13","4.0.0.2353","PSt7-10","000000-000","8/7/2024 3:37:09 PM","0000-00","0","no battery","V","215852","µV","96196","µV"
"08/11/2024","11:51:47","2","default","203499907","Sensor2","35.958","min","231.774","μmol/L","Humid","22.789","deg","94546","µV","18.546","°C","985.000","hPa","35.0","pmil","0","51.462","deg","22.621","°C","100.000","%a.s.","22.257","deg","22.682","°C","985.000","hPa","0.861","-0.02056","0.00035","-0.00011","0","14.7","Humid","28.35","0","65.20","249338.77","SABD0002000014","AAV2.0.0.13","4.0.0.2353","PSt7-10","000000-000","8/7/2024 3:37:09 PM","0000-00","0","no battery","V","215852","µV","96196","µV"
"08/11/2024","11:51:48","2","default","203499907","Sensor2","35.974","min","231.707","μmol/L","Humid","22.790","deg","94542","µV","18.552","°C","985.000","hPa","35.0","pmil","0","51.462","deg","22.621","°C","100.000","%a.s.","22.257","deg","22.682","°C","985.000","hPa","0.861","-0.02056","0.00035","-0.00011","0","14.7","Humid","28.35","0","65.20","249337.77","SABD0002000014","AAV2.0.0.13","4.0.0.2353","PSt7-10","000000-000","8/7/2024 3:37:09 PM","0000-00","0","no battery","V","215852","µV","96196","µV"
"08/11/2024","11:51:49","2","default","203499907","Sensor2","35.991","min","231.794","μmol/L","Humid","22.788","deg","94550","µV","18.546","°C","985.000","hPa","35.0","pmil","0","51.462","deg","22.621","°C","100.000","%a.s.","22.257","deg","22.682","°C","985.000","hPa","0.861","-0.02056","0.00035","-0.00011","0","14.7","Humid","28.35","0","65.20","249334.51","SABD0002000014","AAV2.0.0.13","4.0.0.2353","PSt7-10","000000-000","8/7/2024 3:37:09 PM","0000-00","0","no battery","V","215852","µV","96196","µV"
"08/11/2024","11:51:50","2","default","203499907","Sensor2","36.008","min","231.691","μmol/L","Humid","22.793","deg","94554","µV","18.546","°C","985.000","hPa","35.0","pmil","0","51.462","deg","22.621","°C","100.000","%a.s.","22.257","deg","22.682","°C","985.000","hPa","0.861","-0.02056","0.00035","-0.00011","0","14.7","Humid","28.35","0","65.20","249348.37","SABD0002000014","AAV2.0.0.13","4.0.0.2353","PSt7-10","000000-000","8/7/2024 3:37:09 PM","0000-00","0","no battery","V","215852","µV","96196","µV"
"08/11/2024","11:51:51","2","default","203499907","Sensor2","36.025","min","231.732","μmol/L","Humid","22.791","deg","94564","µV","18.546","°C","985.000","hPa","35.0","pmil","0","51.462","deg","22.621","°C","100.000","%a.s.","22.257","deg","22.682","°C","985.000","hPa","0.861","-0.02056","0.00035","-0.00011","0","14.7","Humid","28.35","0","65.20","249353.96","SABD0002000014","AAV2.0.0.13","4.0.0.2353","PSt7-10","000000-000","8/7/2024 3:37:09 PM","0000-00","0","no battery","V","215852","µV","96196","µV"
"08/11/2024","11:51:52","2","default","203499907","Sensor2","36.041","min","231.711","μmol/L","Humid","22.792","deg","94561","µV","18.546","°C","985.000","hPa","35.0","pmil","0","51.462","deg","22.621","°C","100.000","%a.s.","22.257","deg","22.682","°C","985.000","hPa","0.861","-0.02056","0.00035","-0.00011","0","14.7","Humid","28.35","0","65.20","249333.40","SABD0002000014","AAV2.0.0.13","4.0.0.2353","PSt7-10","000000-000","8/7/2024 3:37:09 PM","0000-00","0","no battery","V","215852","µV","96196","µV"
"08/11/2024","11:51:53","2","default","203499907","Sensor2","36.058","min","231.562","μmol/L","Humid","22.797","deg","94562","µV","18.552","°C","985.000","hPa","35.0","pmil","0","51.462","deg","22.621","°C","100.000","%a.s.","22.257","deg","22.682","°C","985.000","hPa","0.861","-0.02056","0.00035","-0.00011","0","14.7","Humid","28.35","0","65.20","249339.43","SABD0002000014","AAV2.0.0.13","4.0.0.2353","PSt7-10","000000-000","8/7/2024 3:37:09 PM","0000-00","0","no battery","V","215852","µV","96196","µV"
"08/11/2024","11:51:54","2","default","203499907","Sensor2","36.075","min","231.711","μmol/L","Humid","22.792","deg","94566","µV","18.546","°C","985.000","hPa","35.0","pmil","0","51.462","deg","22.621","°C","100.000","%a.s.","22.257","deg","22.682","°C","985.000","hPa","0.861","-0.02056","0.00035","-0.00011","0","14.7","Humid","28.35","0","65.20","249339.06","SABD0002000014","AAV2.0.0.13","4.0.0.2353","PSt7-10","000000-000","8/7/2024 3:37:09 PM","0000-00","0","no battery","V","215852","µV","96196","µV"
"08/11/2024","11:51:55","2","default","203499907","Sensor2","36.092","min","231.687","μmol/L","Humid","22.791","deg","94565","µV","18.552","°C","985.000","hPa","35.0","pmil","0","51.462","deg","22.621","°C","100.000","%a.s.","22.257","deg","22.682","°C","985.000","hPa","0.861","-0.02056","0.00035","-0.00011","0","14.7","Humid","28.35","0","65.20","249350.20","SABD0002000014","AAV2.0.0.13","4.0.0.2353","PSt7-10","000000-000","8/7/2024 3:37:09 PM","0000-00","0","no battery","V","215852","µV","96196","µV"
"08/11/2024","11:51:56","2","default","203499907","Sensor2","36.108","min","231.732","μmol/L","Humid","22.791","deg","94557","µV","18.546","°C","985.000","hPa","35.0","pmil","0","51.462","deg","22.621","°C","100.000","%a.s.","22.257","deg","22.682","°C","985.000","hPa","0.861","-0.02056","0.00035","-0.00011","0","14.7","Humid","28.35","0","65.20","249342.18","SABD0002000014","AAV2.0.0.13","4.0.0.2353","PSt7-10","000000-000","8/7/2024 3:37:09 PM","0000-00","0","no battery","V","215852","µV","96196","µV"
"08/11/2024","11:51:57","2","default","203499907","Sensor2","36.125","min","231.516","μmol/L","Humid","22.797","deg","94575","µV","18.558","°C","985.000","hPa","35.0","pmil","0","51.462","deg","22.621","°C","100.000","%a.s.","22.257","deg","22.682","°C","985.000","hPa","0.861","-0.02056","0.00035","-0.00011","0","14.7","Humid","28.35","0","65.20","249351.95","SABD0002000014","AAV2.0.0.13","4.0.0.2353","PSt7-10","000000-000","8/7/2024 3:37:09 PM","0000-00","0","no battery","V","215852","µV","96196","µV"
"08/11/2024","11:51:58","2","default","203499907","Sensor2","36.141","min","231.624","μmol/L","Humid","22.794","deg","94570","µV","18.552","°C","985.000","hPa","35.0","pmil","0","51.462","deg","22.621","°C","100.000","%a.s.","22.257","deg","22.682","°C","985.000","hPa","0.861","-0.02056","0.00035","-0.00011","0","14.7","Humid","28.35","0","65.20","249343.45","SABD0002000014","AAV2.0.0.13","4.0.0.2353","PSt7-10","000000-000","8/7/2024 3:37:09 PM","0000-00","0","no battery","V","215852","µV","96196","µV"
"08/11/2024","11:51:59","2","default","203499907","Sensor2","36.158","min","231.649","μmol/L","Humid","22.795","deg","94581","µV","18.546","°C","985.000","hPa","35.0","pmil","0","51.462","deg","22.621","°C","100.000","%a.s.","22.257","deg","22.682","°C","985.000","hPa","0.861","-0.02056","0.00035","-0.00011","0","14.7","Humid","28.35","0","65.20","249347.21","SABD0002000014","AAV2.0.0.13","4.0.0.2353","PSt7-10","000000-000","8/7/2024 3:37:09 PM","0000-00","0","no battery","V","215852","µV","96196","µV"
"08/11/2024","11:52:00","2","default","203499907","Sensor2","36.174","min","231.782","μmol/L","Humid","22.793","deg","94576","µV","18.534","°C","985.000","hPa","35.0","pmil","0","51.462","deg","22.621","°C","100.000","%a.s.","22.257","deg","22.682","°C","985.000","hPa","0.861","-0.02056","0.00035","-0.00011","0","14.7","Humid","28.35","0","65.20","249341.66","SABD0002000014","AAV2.0.0.13","4.0.0.2353","PSt7-10","000000-000","8/7/2024 3:37:09 PM","0000-00","0","no battery","V","215852","µV","96196","µV"
"08/11/2024","11:52:01","2","default","203499907","Sensor2","36.191","min","231.649","μmol/L","Humid","22.795","deg","94575","µV","18.546","°C","985.000","hPa","35.0","pmil","0","51.462","deg","22.621","°C","100.000","%a.s.","22.257","deg","22.682","°C","985.000","hPa","0.861","-0.02056","0.00035","-0.00011","0","14.7","Humid","28.35","0","65.20","249343.92","SABD0002000014","AAV2.0.0.13","4.0.0.2353","PSt7-10","000000-000","8/7/2024 3:37:09 PM","0000-00","0","no battery","V","215852","µV","96196","µV"
"08/11/2024","11:52:02","2","default","203499907","Sensor2","36.208","min","231.674","μmol/L","Humid","22.796","deg","94583","µV","18.540","°C","985.000","hPa","35.0","pmil","0","51.462","deg","22.621","°C","100.000","%a.s.","22.257","deg","22.682","°C","985.000","hPa","0.861","-0.02056","0.00035","-0.00011","0","14.7","Humid","28.35","0","65.20","249349.58","SABD0002000014","AAV2.0.0.13","4.0.0.2353","PSt7-10","000000-000","8/7/2024 3:37:09 PM","0000-00","0","no battery","V","215852","µV","96196","µV"
"08/11/2024","11:52:03","2","default","203499907","Sensor2","36.225","min","231.649","μmol/L","Humid","22.795","deg","94585","µV","18.546","°C","985.000","hPa","35.0","pmil","0","51.462","deg","22.621","°C","100.000","%a.s.","22.257","deg","22.682","°C","985.000","hPa","0.861","-0.02056","0.00035","-0.00011","0","14.7","Humid","28.35","0","65.20","249351.41","SABD0002000014","AAV2.0.0.13","4.0.0.2353","PSt7-10","000000-000","8/7/2024 3:37:09 PM","0000-00","0","no battery","V","215852","µV","96196","µV"
"08/11/2024","11:52:04","2","default","203499907","Sensor2","36.241","min","231.711","μmol/L","Humid","22.792","deg","94581","µV","18.546","°C","985.000","hPa","35.0","pmil","0","51.462","deg","22.621","°C","100.000","%a.s.","22.257","deg","22.682","°C","985.000","hPa","0.861","-0.02056","0.00035","-0.00011","0","14.7","Humid","28.35","0","65.20","249339.59","SABD0002000014","AAV2.0.0.13","4.0.0.2353","PSt7-10","000000-000","8/7/2024 3:37:09 PM","0000-00","0","no battery","V","215852","µV","96196","µV"
"08/11/2024","11:52:05","2","default","203499907","Sensor2","36.258","min","231.583","μmol/L","Humid","22.796","deg","94581","µV","18.552","°C","985.000","hPa","35.0","pmil","0","51.462","deg","22.621","°C","100.000","%a.s.","22.257","deg","22.682","°C","985.000","hPa","0.861","-0.02056","0.00035","-0.00011","0","14.7","Humid","28.35","0","65.20","249345.05","SABD0002000014","AAV2.0.0.13","4.0.0.2353","PSt7-10","000000-000","8/7/2024 3:37:09 PM","0000-00","0","no battery","V","215852","µV","96196","µV"
"08/11/2024","11:52:06","2","default","203499907","Sensor2","36.275","min","231.521","μmol/L","Humid","22.799","deg","94582","µV","18.552","°C","985.000","hPa","35.0","pmil","0","51.462","deg","22.621","°C","100.000","%a.s.","22.257","deg","22.682","°C","985.000","hPa","0.861","-0.02056","0.00035","-0.00011","0","14.7","Humid","28.35","0","65.20","249340.11","SABD0002000014","AAV2.0.0.13","4.0.0.2353","PSt7-10","000000-000","8/7/2024 3:37:09 PM","0000-00","0","no battery","V","215852","µV","96196","µV"
"08/11/2024","11:52:07","2","default","203499907","Sensor2","36.292","min","231.562","μmol/L","Humid","22.797","deg","94585","µV","18.552","°C","985.000","hPa","35.0","pmil","0","51.462","deg","22.621","°C","100.000","%a.s.","22.257","deg","22.682","°C","985.000","hPa","0.861","-0.02056","0.00035","-0.00011","0","14.7","Humid","28.35","0","65.20","249345.09","SABD0002000014","AAV2.0.0.13","4.0.0.2353","PSt7-10","000000-000","8/7/2024 3:37:09 PM","0000-00","0","no battery","V","215852","µV","96196","µV"
"08/11/2024","11:52:08","2","default","203499907","Sensor2","36.308","min","231.587","μmol/L","Humid","22.798","deg","94585","µV","18.546","°C","985.000","hPa","35.0","pmil","0","51.462","deg","22.621","°C","100.000","%a.s.","22.257","deg","22.682","°C","985.000","hPa","0.861","-0.02056","0.00035","-0.00011","0","14.7","Humid","28.35","0","65.20","249342.73","SABD0002000014","AAV2.0.0.13","4.0.0.2353","PSt7-10","000000-000","8/7/2024 3:37:09 PM","0000-00","0","no battery","V","215852","µV","96196","µV"
"08/11/2024","11:52:09","2","default","203499907","Sensor2","36.325","min","231.500","μmol/L","Humid","22.800","deg","94595","µV","18.552","°C","985.000","hPa","35.0","pmil","0","51.462","deg","22.621","°C","100.000","%a.s.","22.257","deg","22.682","°C","985.000","hPa","0.861","-0.02056","0.00035","-0.00011","0","14.7","Humid","28.35","0","65.20","249353.33","SABD0002000014","AAV2.0.0.13","4.0.0.2353","PSt7-10","000000-000","8/7/2024 3:37:09 PM","0000-00","0","no battery","V","215852","µV","96196","µV"
"08/11/2024","11:52:10","2","default","203499907","Sensor2","36.342","min","231.583","μmol/L","Humid","22.796","deg","94591","µV","18.552","°C","985.000","hPa","35.0","pmil","0","51.462","deg","22.621","°C","100.000","%a.s.","22.257","deg","22.682","°C","985.000","hPa","0.861","-0.02056","0.00035","-0.00011","0","14.7","Humid","28.35","0","65.20","249347.50","SABD0002000014","AAV2.0.0.13","4.0.0.2353","PSt7-10","000000-000","8/7/2024 3:37:09 PM","0000-00","0","no battery","V","215852","µV","96196","µV"
"08/11/2024","11:52:11","2","default","203499907","Sensor2","36.358","min","231.608","μmol/L","Humid","22.797","deg","94589","µV","18.546","°C","985.000","hPa","35.0","pmil","0","51.462","deg","22.621","°C","100.000","%a.s.","22.257","deg","22.682","°C","985.000","hPa","0.861","-0.02056","0.00035","-0.00011","0","14.7","Humid","28.35","0","65.20","249339.05","SABD0002000014","AAV2.0.0.13","4.0.0.2353","PSt7-10","000000-000","8/7/2024 3:37:09 PM","0000-00","0","no battery","V","215852","µV","96196","µV"
"08/11/2024","11:52:12","2","default","203499907","Sensor2","36.375","min","231.608","μmol/L","Humid","22.797","deg","94601","µV","18.546","°C","985.000","hPa","35.0","pmil","0","51.462","deg","22.621","°C","100.000","%a.s.","22.257","deg","22.682","°C","985.000","hPa","0.861","-0.02056","0.00035","-0.00011","0","14.7","Humid","28.35","0","65.20","249347.04","SABD0002000014","AAV2.0.0.13","4.0.0.2353","PSt7-10","000000-000","8/7/2024 3:37:09 PM","0000-00","0","no battery","V","215852","µV","96196","µV"
"08/11/2024","11:52:13","2","default","203499907","Sensor2","36.392","min","231.525","μmol/L","Humid","22.801","deg","94590","µV","18.546","°C","985.000","hPa","35.0","pmil","0","51.462","deg","22.621","°C","100.000","%a.s.","22.257","deg","22.682","°C","985.000","hPa","0.861","-0.02056","0.00035","-0.00011","0","14.7","Humid","28.35","0","65.20","249352.67","SABD0002000014","AAV2.0.0.13","4.0.0.2353","PSt7-10","000000-000","8/7/2024 3:37:09 PM","0000-00","0","no battery","V","215852","µV","96196","µV"
"08/11/2024","11:52:14","2","default","203499907","Sensor2","36.408","min","231.546","μmol/L","Humid","22.800","deg","94590","µV","18.546","°C","985.000","hPa","35.0","pmil","0","51.462","deg","22.621","°C","100.000","%a.s.","22.257","deg","22.682","°C","985.000","hPa","0.861","-0.02056","0.00035","-0.00011","0","14.7","Humid","28.35","0","65.20","249346.30","SABD0002000014","AAV2.0.0.13","4.0.0.2353","PSt7-10","000000-000","8/7/2024 3:37:09 PM","0000-00","0","no battery","V","215852","µV","96196","µV"
"08/11/2024","11:52:15","2","default","203499907","Sensor2","36.424","min","231.417","μmol/L","Humid","22.804","deg","94598","µV","18.552","°C","985.000","hPa","35.0","pmil","0","51.462","deg","22.621","°C","100.000","%a.s.","22.257","deg","22.682","°C","985.000","hPa","0.861","-0.02056","0.00035","-0.00011","0","14.7","Humid","28.35","0","65.20","249346.57","SABD0002000014","AAV2.0.0.13","4.0.0.2353","PSt7-10","000000-000","8/7/2024 3:37:09 PM","0000-00","0","no battery","V","215852","µV","96196","µV"
"08/11/2024","11:52:16","2","default","203499907","Sensor2","36.441","min","231.463","μmol/L","Humid","22.804","deg","94599","µV","18.546","°C","985.000","hPa","35.0","pmil","0","51.462","deg","22.621","°C","100.000","%a.s.","22.257","deg","22.682","°C","985.000","hPa","0.861","-0.02056","0.00035","-0.00011","0","14.7","Humid","28.35","0","65.20","249348.38","SABD0002000014","AAV2.0.0.13","4.0.0.2353","PSt7-10","000000-000","8/7/2024 3:37:09 PM","0000-00","0","no battery","V","215852","µV","96196","µV"
"08/11/2024","11:52:17","2","default","203499907","Sensor2","36.458","min","231.587","μmol/L","Humid","22.798","deg","94598","µV","18.546","°C","985.000","hPa","35.0","pmil","0","51.462","deg","22.621","°C","100.000","%a.s.","22.257","deg","22.682","°C","985.000","hPa","0.861","-0.02056","0.00035","-0.00011","0","14.7","Humid","28.35","0","65.20","249341.86","SABD0002000014","AAV2.0.0.13","4.0.0.2353","PSt7-10","000000-000","8/7/2024 3:37:09 PM","0000-00","0","no battery","V","215852","µV","96196","µV"
"08/11/2024","11:52:18","2","default","203499907","Sensor2","36.475","min","231.546","μmol/L","Humid","22.800","deg","94601","µV","18.546","°C","985.000","hPa","35.0","pmil","0","51.462","deg","22.621","°C","100.000","%a.s.","22.257","deg","22.682","°C","985.000","hPa","0.861","-0.02056","0.00035","-0.00011","0","14.7","Humid","28.35","0","65.20","249345.88","SABD0002000014","AAV2.0.0.13","4.0.0.2353","PSt7-10","000000-000","8/7/2024 3:37:09 PM","0000-00","0","no battery","V","215852","µV","96196","µV"
"08/11/2024","11:52:19","2","default","203499907","Sensor2","36.491","min","231.479","μmol/L","Humid","22.801","deg","94600","µV","18.552","°C","985.000","hPa","35.0","pmil","0","51.462","deg","22.621","°C","100.000","%a.s.","22.257","deg","22.682","°C","985.000","hPa","0.861","-0.02056","0.00035","-0.00011","0","14.7","Humid","28.35","0","65.20","249342.41","SABD0002000014","AAV2.0.0.13","4.0.0.2353","PSt7-10","000000-000","8/7/2024 3:37:09 PM","0000-00","0","no battery","V","215852","µV","96196","µV"
"08/11/2024","11:52:20","2","default","203499907","Sensor2","36.508","min","231.442","μmol/L","Humid","22.805","deg","94605","µV","18.546","°C","985.000","hPa","35.0","pmil","0","51.462","deg","22.621","°C","100.000","%a.s.","22.257","deg","22.682","°C","985.000","hPa","0.861","-0.02056","0.00035","-0.00011","0","14.7","Humid","28.35","0","65.20","249344.68","SABD0002000014","AAV2.0.0.13","4.0.0.2353","PSt7-10","000000-000","8/7/2024 3:37:09 PM","0000-00","0","no battery","V","215852","µV","96196","µV"
"08/11/2024","11:52:21","2","default","203499907","Sensor2","36.525","min","231.488","μmol/L","Humid","22.805","deg","94615","µV","18.540","°C","985.000","hPa","35.0","pmil","0","51.462","deg","22.621","°C","100.000","%a.s.","22.257","deg","22.682","°C","985.000","hPa","0.861","-0.02056","0.00035","-0.00011","0","14.7","Humid","28.35","0","65.20","249348.12","SABD0002000014","AAV2.0.0.13","4.0.0.2353","PSt7-10","000000-000","8/7/2024 3:37:09 PM","0000-00","0","no battery","V","215852","µV","96196","µV"
"08/11/2024","11:52:22","2","default","203499907","Sensor2","36.542","min","231.463","μmol/L","Humid","22.804","deg","94609","µV","18.546","°C","985.000","hPa","35.0","pmil","0","51.462","deg","22.621","°C","100.000","%a.s.","22.257","deg","22.682","°C","985.000","hPa","0.861","-0.02056","0.00035","-0.00011","0","14.7","Humid","28.35","0","65.20","249345.39","SABD0002000014","AAV2.0.0.13","4.0.0.2353","PSt7-10","000000-000","8/7/2024 3:37:09 PM","0000-00","0","no battery","V","215852","µV","96196","µV"
"08/11/2024","11:52:23","2","default","203499907","Sensor2","36.558","min","231.417","μmol/L","Humid","22.804","deg","94599","µV","18.552","°C","985.000","hPa","35.0","pmil","0","51.462","deg","22.621","°C","100.000","%a.s.","22.257","deg","22.682","°C","985.000","hPa","0.861","-0.02056","0.00035","-0.00011","0","14.7","Humid","28.35","0","65.20","249338.63","SABD0002000014","AAV2.0.0.13","4.0.0.2353","PSt7-10","000000-000","8/7/2024 3:37:09 PM","0000-00","0","no battery","V","215852","µV","96196","µV"
"08/11/2024","11:52:24","2","default","203499907","Sensor2","36.574","min","231.401","μmol/L","Humid","22.807","deg","94602","µV","18.546","°C","985.000","hPa","35.0","pmil","0","51.462","deg","22.621","°C","100.000","%a.s.","22.257","deg","22.682","°C","985.000","hPa","0.861","-0.02056","0.00035","-0.00011","0","14.7","Humid","28.35","0","65.20","249342.03","SABD0002000014","AAV2.0.0.13","4.0.0.2353","PSt7-10","000000-000","8/7/2024 3:37:09 PM","0000-00","0","no battery","V","215852","µV","96196","µV"
"08/11/2024","11:52:25","2","default","203499907","Sensor2","36.591","min","231.483","μmol/L","Humid","22.803","deg","94615","µV","18.546","°C","985.000","hPa","35.0","pmil","0","51.462","deg","22.621","°C","100.000","%a.s.","22.257","deg","22.682","°C","985.000","hPa","0.861","-0.02056","0.00035","-0.00011","0","14.7","Humid","28.35","0","65.20","249341.25","SABD0002000014","AAV2.0.0.13","4.0.0.2353","PSt7-10","000000-000","8/7/2024 3:37:09 PM","0000-00","0","no battery","V","215852","µV","96196","µV"
"08/11/2024","11:52:26","2","default","203499907","Sensor2","36.608","min","231.401","μmol/L","Humid","22.807","deg","94620","µV","18.546","°C","985.000","hPa","35.0","pmil","0","51.462","deg","22.621","°C","100.000","%a.s.","22.257","deg","22.682","°C","985.000","hPa","0.861","-0.02056","0.00035","-0.00011","0","14.7","Humid","28.35","0","65.20","249343.21","SABD0002000014","AAV2.0.0.13","4.0.0.2353","PSt7-10","000000-000","8/7/2024 3:37:09 PM","0000-00","0","no battery","V","215852","µV","96196","µV"
"08/11/2024","11:52:27","2","default","203499907","Sensor2","36.625","min","231.463","μmol/L","Humid","22.804","deg","94617","µV","18.546","°C","985.000","hPa","35.0","pmil","0","51.462","deg","22.621","°C","100.000","%a.s.","22.257","deg","22.682","°C","985.000","hPa","0.861","-0.02056","0.00035","-0.00011","0","14.7","Humid","28.35","0","65.20","249349.82","SABD0002000014","AAV2.0.0.13","4.0.0.2353","PSt7-10","000000-000","8/7/2024 3:37:09 PM","0000-00","0","no battery","V","215852","µV","96196","µV"
"08/11/2024","11:52:28","2","default","203499907","Sensor2","36.641","min","231.438","μmol/L","Humid","22.803","deg","94617","µV","18.552","°C","985.000","hPa","35.0","pmil","0","51.462","deg","22.621","°C","100.000","%a.s.","22.257","deg","22.682","°C","985.000","hPa","0.861","-0.02056","0.00035","-0.00011","0","14.7","Humid","28.35","0","65.20","249341.54","SABD0002000014","AAV2.0.0.13","4.0.0.2353","PSt7-10","000000-000","8/7/2024 3:37:09 PM","0000-00","0","no battery","V","215852","µV","96196","µV"
"08/11/2024","11:52:29","2","default","203499907","Sensor2","36.658","min","231.417","μmol/L","Humid","22.804","deg","94620","µV","18.552","°C","985.000","hPa","35.0","pmil","0","51.462","deg","22.621","°C","100.000","%a.s.","22.257","deg","22.682","°C","985.000","hPa","0.861","-0.02056","0.00035","-0.00011","0","14.7","Humid","28.35","0","65.20","249344.06","SABD0002000014","AAV2.0.0.13","4.0.0.2353","PSt7-10","000000-000","8/7/2024 3:37:09 PM","0000-00","0","no battery","V","215852","µV","96196","µV"
"08/11/2024","11:52:30","2","default","203499907","Sensor2","36.675","min","231.376","μmol/L","Humid","22.806","deg","94620","µV","18.552","°C","985.000","hPa","35.0","pmil","0","51.462","deg","22.621","°C","100.000","%a.s.","22.257","deg","22.682","°C","985.000","hPa","0.861","-0.02056","0.00035","-0.00011","0","14.7","Humid","28.35","0","65.20","249355.95","SABD0002000014","AAV2.0.0.13","4.0.0.2353","PSt7-10","000000-000","8/7/2024 3:37:09 PM","0000-00","0","no battery","V","215852","µV","96196","µV"
"08/11/2024","11:52:31","2","default","203499907","Sensor2","36.692","min","231.384","μmol/L","Humid","22.810","deg","94618","µV","18.540","°C","985.000","hPa","35.0","pmil","0","51.462","deg","22.621","°C","100.000","%a.s.","22.257","deg","22.682","°C","985.000","hPa","0.861","-0.02056","0.00035","-0.00011","0","14.7","Humid","28.35","0","65.20","249340.68","SABD0002000014","AAV2.0.0.13","4.0.0.2353","PSt7-10","000000-000","8/7/2024 3:37:09 PM","0000-00","0","no battery","V","215852","µV","96196","µV"
"08/11/2024","11:52:32","2","default","203499907","Sensor2","36.708","min","231.401","μmol/L","Humid","22.807","deg","94627","µV","18.546","°C","985.000","hPa","35.0","pmil","0","51.462","deg","22.621","°C","100.000","%a.s.","22.257","deg","22.682","°C","985.000","hPa","0.861","-0.02056","0.00035","-0.00011","0","14.7","Humid","28.35","0","65.20","249335.77","SABD0002000014","AAV2.0.0.13","4.0.0.2353","PSt7-10","000000-000","8/7/2024 3:37:09 PM","0000-00","0","no battery","V","215852","µV","96196","µV"
"08/11/2024","11:52:33","2","default","203499907","Sensor2","36.725","min","231.355","μmol/L","Humid","22.807","deg","94626","µV","18.552","°C","985.000","hPa","35.0","pmil","0","51.462","deg","22.621","°C","100.000","%a.s.","22.257","deg","22.682","°C","985.000","hPa","0.861","-0.02056","0.00035","-0.00011","0","14.7","Humid","28.35","0","65.20","249348.04","SABD0002000014","AAV2.0.0.13","4.0.0.2353","PSt7-10","000000-000","8/7/2024 3:37:09 PM","0000-00","0","no battery","V","215852","µV","96196","µV"
"08/11/2024","11:52:34","2","default","203499907","Sensor2","36.742","min","231.363","μmol/L","Humid","22.811","deg","94624","µV","18.540","°C","985.000","hPa","35.0","pmil","0","51.462","deg","22.621","°C","100.000","%a.s.","22.257","deg","22.682","°C","985.000","hPa","0.861","-0.02056","0.00035","-0.00011","0","14.7","Humid","28.35","0","65.20","249329.52","SABD0002000014","AAV2.0.0.13","4.0.0.2353","PSt7-10","000000-000","8/7/2024 3:37:09 PM","0000-00","0","no battery","V","215852","µV","96196","µV"
"08/11/2024","11:52:35","2","default","203499907","Sensor2","36.758","min","231.384","μmol/L","Humid","22.810","deg","94632","µV","18.540","°C","985.000","hPa","35.0","pmil","0","51.462","deg","22.621","°C","100.000","%a.s.","22.257","deg","22.682","°C","985.000","hPa","0.861","-0.02056","0.00035","-0.00011","0","14.7","Humid","28.35","0","65.20","249352.94","SABD0002000014","AAV2.0.0.13","4.0.0.2353","PSt7-10","000000-000","8/7/2024 3:37:09 PM","0000-00","0","no battery","V","215852","µV","96196","µV"
"08/11/2024","11:52:36","2","default","203499907","Sensor2","36.774","min","231.293","μmol/L","Humid","22.810","deg","94630","µV","18.552","°C","985.000","hPa","35.0","pmil","0","51.462","deg","22.621","°C","100.000","%a.s.","22.257","deg","22.682","°C","985.000","hPa","0.861","-0.02056","0.00035","-0.00011","0","14.7","Humid","28.35","0","65.20","249345.83","SABD0002000014","AAV2.0.0.13","4.0.0.2353","PSt7-10","000000-000","8/7/2024 3:37:09 PM","0000-00","0","no battery","V","215852","µV","96196","µV"
"08/11/2024","11:52:37","2","default","203499907","Sensor2","36.791","min","231.380","μmol/L","Humid","22.808","deg","94620","µV","18.546","°C","985.000","hPa","35.0","pmil","0","51.462","deg","22.621","°C","100.000","%a.s.","22.257","deg","22.682","°C","985.000","hPa","0.861","-0.02056","0.00035","-0.00011","0","14.7","Humid","28.35","0","65.20","249331.75","SABD0002000014","AAV2.0.0.13","4.0.0.2353","PSt7-10","000000-000","8/7/2024 3:37:09 PM","0000-00","0","no battery","V","215852","µV","96196","µV"
"08/11/2024","11:52:38","2","default","203499907","Sensor2","36.808","min","231.380","μmol/L","Humid","22.808","deg","94630","µV","18.546","°C","985.000","hPa","35.0","pmil","0","51.462","deg","22.621","°C","100.000","%a.s.","22.257","deg","22.682","°C","985.000","hPa","0.861","-0.02056","0.00035","-0.00011","0","14.7","Humid","28.35","0","65.20","249336.57","SABD0002000014","AAV2.0.0.13","4.0.0.2353","PSt7-10","000000-000","8/7/2024 3:37:09 PM","0000-00","0","no battery","V","215852","µV","96196","µV"
"08/11/2024","11:52:39","2","default","203499907","Sensor2","36.825","min","231.338","μmol/L","Humid","22.810","deg","94635","µV","18.546","°C","985.000","hPa","35.0","pmil","0","51.462","deg","22.621","°C","100.000","%a.s.","22.257","deg","22.682","°C","985.000","hPa","0.861","-0.02056","0.00035","-0.00011","0","14.7","Humid","28.35","0","65.20","249340.94","SABD0002000014","AAV2.0.0.13","4.0.0.2353","PSt7-10","000000-000","8/7/2024 3:37:09 PM","0000-00","0","no battery","V","215852","µV","96196","µV"
"08/11/2024","11:52:40","2","default","203499907","Sensor2","36.841","min","231.297","μmol/L","Humid","22.812","deg","94628","µV","18.546","°C","985.000","hPa","35.0","pmil","0","51.462","deg","22.621","°C","100.000","%a.s.","22.257","deg","22.682","°C","985.000","hPa","0.861","-0.02056","0.00035","-0.00011","0","14.7","Humid","28.35","0","65.20","249325.02","SABD0002000014","AAV2.0.0.13","4.0.0.2353","PSt7-10","000000-000","8/7/2024 3:37:09 PM","0000-00","0","no battery","V","215852","µV","96196","µV"
"08/11/2024","11:52:41","2","default","203499907","Sensor2","36.858","min","231.363","μmol/L","Humid","22.811","deg","94633","µV","18.540","°C","985.000","hPa","35.0","pmil","0","51.462","deg","22.621","°C","100.000","%a.s.","22.257","deg","22.682","°C","985.000","hPa","0.861","-0.02056","0.00035","-0.00011","0","14.7","Humid","28.35","0","65.20","249341.56","SABD0002000014","AAV2.0.0.13","4.0.0.2353","PSt7-10","000000-000","8/7/2024 3:37:09 PM","0000-00","0","no battery","V","215852","µV","96196","µV"
"08/11/2024","11:52:42","2","default","203499907","Sensor2","36.875","min","231.148","μmol/L","Humid","22.817","deg","94639","µV","18.552","°C","985.000","hPa","35.0","pmil","0","51.462","deg","22.621","°C","100.000","%a.s.","22.257","deg","22.682","°C","985.000","hPa","0.861","-0.02056","0.00035","-0.00011","0","14.7","Humid","28.35","0","65.20","249333.25","SABD0002000014","AAV2.0.0.13","4.0.0.2353","PSt7-10","000000-000","8/7/2024 3:37:09 PM","0000-00","0","no battery","V","215852","µV","96196","µV"
"08/11/2024","11:52:43","2","default","203499907","Sensor2","36.892","min","231.297","μmol/L","Humid","22.812","deg","94634","µV","18.546","°C","985.000","hPa","35.0","pmil","0","51.462","deg","22.621","°C","100.000","%a.s.","22.257","deg","22.682","°C","985.000","hPa","0.861","-0.02056","0.00035","-0.00011","0","14.7","Humid","28.35","0","65.20","249335.43","SABD0002000014","AAV2.0.0.13","4.0.0.2353","PSt7-10","000000-000","8/7/2024 3:37:09 PM","0000-00","0","no battery","V","215852","µV","96196","µV"
"08/11/2024","11:52:44","2","default","203499907","Sensor2","36.908","min","231.401","μmol/L","Humid","22.807","deg","94641","µV","18.546","°C","985.000","hPa","35.0","pmil","0","51.462","deg","22.621","°C","100.000","%a.s.","22.257","deg","22.682","°C","985.000","hPa","0.861","-0.02056","0.00035","-0.00011","0","14.7","Humid","28.35","0","65.20","249347.49","SABD0002000014","AAV2.0.0.13","4.0.0.2353","PSt7-10","000000-000","8/7/2024 3:37:09 PM","0000-00","0","no battery","V","215852","µV","96196","µV"
"08/11/2024","11:52:45","2","default","203499907","Sensor2","36.925","min","231.297","μmol/L","Humid","22.812","deg","94638","µV","18.546","°C","985.000","hPa","35.0","pmil","0","51.462","deg","22.621","°C","100.000","%a.s.","22.257","deg","22.682","°C","985.000","hPa","0.861","-0.02056","0.00035","-0.00011","0","14.7","Humid","28.35","0","65.20","249329.42","SABD0002000014","AAV2.0.0.13","4.0.0.2353","PSt7-10","000000-000","8/7/2024 3:37:09 PM","0000-00","0","no battery","V","215852","µV","96196","µV"
"08/11/2024","11:52:46","2","default","203499907","Sensor2","36.942","min","231.251","μmol/L","Humid","22.812","deg","94643","µV","18.552","°C","985.000","hPa","35.0","pmil","0","51.462","deg","22.621","°C","100.000","%a.s.","22.257","deg","22.682","°C","985.000","hPa","0.861","-0.02056","0.00035","-0.00011","0","14.7","Humid","28.35","0","65.20","249318.81","SABD0002000014","AAV2.0.0.13","4.0.0.2353","PSt7-10","000000-000","8/7/2024 3:37:09 PM","0000-00","0","no battery","V","215852","µV","96196","µV"
"08/11/2024","11:52:47","2","default","203499907","Sensor2","36.958","min","231.251","μmol/L","Humid","22.812","deg","94642","µV","18.552","°C","985.000","hPa","35.0","pmil","0","51.462","deg","22.621","°C","100.000","%a.s.","22.257","deg","22.682","°C","985.000","hPa","0.861","-0.02056","0.00035","-0.00011","0","14.7","Humid","28.35","0","65.20","249330.23","SABD0002000014","AAV2.0.0.13","4.0.0.2353","PSt7-10","000000-000","8/7/2024 3:37:09 PM","0000-00","0","no battery","V","215852","µV","96196","µV"
"08/11/2024","11:52:48","2","default","203499907","Sensor2","36.975","min","231.272","μmol/L","Humid","22.811","deg","94649","µV","18.552","°C","985.000","hPa","35.0","pmil","0","51.462","deg","22.621","°C","100.000","%a.s.","22.257","deg","22.682","°C","985.000","hPa","0.861","-0.02056","0.00035","-0.00011","0","14.7","Humid","28.35","0","65.20","249345.84","SABD0002000014","AAV2.0.0.13","4.0.0.2353","PSt7-10","000000-000","8/7/2024 3:37:09 PM","0000-00","0","no battery","V","215852","µV","96196","µV"
"08/11/2024","11:52:49","2","default","203499907","Sensor2","36.991","min","231.235","μmol/L","Humid","22.815","deg","94648","µV","18.546","°C","985.000","hPa","35.0","pmil","0","51.462","deg","22.621","°C","100.000","%a.s.","22.257","deg","22.682","°C","985.000","hPa","0.861","-0.02056","0.00035","-0.00011","0","14.7","Humid","28.35","0","65.20","249327.63","SABD0002000014","AAV2.0.0.13","4.0.0.2353","PSt7-10","000000-000","8/7/2024 3:37:09 PM","0000-00","0","no battery","V","215852","µV","96196","µV"
"08/11/2024","11:52:50","2","default","203499907","Sensor2","37.008","min","231.194","μmol/L","Humid","22.817","deg","94651","µV","18.546","°C","985.000","hPa","35.0","pmil","0","51.462","deg","22.621","°C","100.000","%a.s.","22.257","deg","22.682","°C","985.000","hPa","0.861","-0.02056","0.00035","-0.00011","0","14.7","Humid","28.35","0","65.20","249336.42","SABD0002000014","AAV2.0.0.13","4.0.0.2353","PSt7-10","000000-000","8/7/2024 3:37:09 PM","0000-00","0","no battery","V","215852","µV","96196","µV"
"08/11/2024","11:52:51","2","default","203499907","Sensor2","37.024","min","231.173","μmol/L","Humid","22.818","deg","94651","µV","18.546","°C","985.000","hPa","35.0","pmil","0","51.462","deg","22.621","°C","100.000","%a.s.","22.257","deg","22.682","°C","985.000","hPa","0.861","-0.02056","0.00035","-0.00011","0","14.7","Humid","28.35","0","65.20","249324.95","SABD0002000014","AAV2.0.0.13","4.0.0.2353","PSt7-10","000000-000","8/7/2024 3:37:09 PM","0000-00","0","no battery","V","215852","µV","96196","µV"
"08/11/2024","11:52:52","2","default","203499907","Sensor2","37.041","min","231.256","μmol/L","Humid","22.814","deg","94650","µV","18.546","°C","985.000","hPa","35.0","pmil","0","51.462","deg","22.621","°C","100.000","%a.s.","22.257","deg","22.682","°C","985.000","hPa","0.861","-0.02056","0.00035","-0.00011","0","14.7","Humid","28.35","0","65.20","249329.98","SABD0002000014","AAV2.0.0.13","4.0.0.2353","PSt7-10","000000-000","8/7/2024 3:37:09 PM","0000-00","0","no battery","V","215852","µV","96196","µV"
"08/11/2024","11:52:53","2","default","203499907","Sensor2","37.058","min","231.214","μmol/L","Humid","22.816","deg","94652","µV","18.546","°C","985.000","hPa","35.0","pmil","0","51.462","deg","22.621","°C","100.000","%a.s.","22.257","deg","22.682","°C","985.000","hPa","0.861","-0.02056","0.00035","-0.00011","0","14.7","Humid","28.35","0","65.20","249334.57","SABD0002000014","AAV2.0.0.13","4.0.0.2353","PSt7-10","000000-000","8/7/2024 3:37:09 PM","0000-00","0","no battery","V","215852","µV","96196","µV"
"08/11/2024","11:52:54","2","default","203499907","Sensor2","37.075","min","231.218","μmol/L","Humid","22.818","deg","94656","µV","18.540","°C","985.000","hPa","35.0","pmil","0","51.462","deg","22.621","°C","100.000","%a.s.","22.257","deg","22.682","°C","985.000","hPa","0.861","-0.02056","0.00035","-0.00011","0","14.7","Humid","28.35","0","65.20","249339.04","SABD0002000014","AAV2.0.0.13","4.0.0.2353","PSt7-10","000000-000","8/7/2024 3:37:09 PM","0000-00","0","no battery","V","215852","µV","96196","µV"
"08/11/2024","11:52:55","2","default","203499907","Sensor2","37.091","min","231.194","μmol/L","Humid","22.817","deg","94658","µV","18.546","°C","985.000","hPa","35.0","pmil","0","51.462","deg","22.621","°C","100.000","%a.s.","22.257","deg","22.682","°C","985.000","hPa","0.861","-0.02056","0.00035","-0.00011","0","14.7","Humid","28.35","0","65.20","249334.15","SABD0002000014","AAV2.0.0.13","4.0.0.2353","PSt7-10","000000-000","8/7/2024 3:37:09 PM","0000-00","0","no battery","V","215852","µV","96196","µV"
"08/11/2024","11:52:56","2","default","203499907","Sensor2","37.108","min","231.132","μmol/L","Humid","22.820","deg","94662","µV","18.546","°C","985.000","hPa","35.0","pmil","0","51.462","deg","22.621","°C","100.000","%a.s.","22.257","deg","22.682","°C","985.000","hPa","0.861","-0.02056","0.00035","-0.00011","0","14.7","Humid","28.35","0","65.20","249339.27","SABD0002000014","AAV2.0.0.13","4.0.0.2353","PSt7-10","000000-000","8/7/2024 3:37:09 PM","0000-00","0","no battery","V","215852","µV","96196","µV"
"08/11/2024","11:52:57","2","default","203499907","Sensor2","37.125","min","231.235","μmol/L","Humid","22.815","deg","94662","µV","18.546","°C","985.000","hPa","35.0","pmil","0","51.462","deg","22.621","°C","100.000","%a.s.","22.257","deg","22.682","°C","985.000","hPa","0.861","-0.02056","0.00035","-0.00011","0","14.7","Humid","28.35","0","65.20","249329.69","SABD0002000014","AAV2.0.0.13","4.0.0.2353","PSt7-10","000000-000","8/7/2024 3:37:09 PM","0000-00","0","no battery","V","215852","µV","96196","µV"
"08/11/2024","11:52:58","2","default","203499907","Sensor2","37.141","min","231.173","μmol/L","Humid","22.818","deg","94660","µV","18.546","°C","985.000","hPa","35.0","pmil","0","51.462","deg","22.621","°C","100.000","%a.s.","22.257","deg","22.682","°C","985.000","hPa","0.861","-0.02056","0.00035","-0.00011","0","14.7","Humid","28.35","0","65.20","249334.48","SABD0002000014","AAV2.0.0.13","4.0.0.2353","PSt7-10","000000-000","8/7/2024 3:37:09 PM","0000-00","0","no battery","V","215852","µV","96196","µV"
"08/11/2024","11:52:59","2","default","203499907","Sensor2","37.158","min","231.107","μmol/L","Humid","22.819","deg","94664","µV","18.552","°C","985.000","hPa","35.0","pmil","0","51.462","deg","22.621","°C","100.000","%a.s.","22.257","deg","22.682","°C","985.000","hPa","0.861","-0.02056","0.00035","-0.00011","0","14.7","Humid","28.35","0","65.20","249341.38","SABD0002000014","AAV2.0.0.13","4.0.0.2353","PSt7-10","000000-000","8/7/2024 3:37:09 PM","0000-00","0","no battery","V","215852","µV","96196","µV"
"08/11/2024","11:53:00","2","default","203499907","Sensor2","37.175","min","231.107","μmol/L","Humid","22.819","deg","94665","µV","18.552","°C","985.000","hPa","35.0","pmil","0","51.462","deg","22.621","°C","100.000","%a.s.","22.257","deg","22.682","°C","985.000","hPa","0.861","-0.02056","0.00035","-0.00011","0","14.7","Humid","28.35","0","65.20","249335.93","SABD0002000014","AAV2.0.0.13","4.0.0.2353","PSt7-10","000000-000","8/7/2024 3:37:09 PM","0000-00","0","no battery","V","215852","µV","96196","µV"
"08/11/2024","11:53:01","2","default","203499907","Sensor2","37.192","min","231.177","μmol/L","Humid","22.820","deg","94669","µV","18.540","°C","985.000","hPa","35.0","pmil","0","51.462","deg","22.621","°C","100.000","%a.s.","22.257","deg","22.682","°C","985.000","hPa","0.861","-0.02056","0.00035","-0.00011","0","14.7","Humid","28.35","0","65.20","249336.14","SABD0002000014","AAV2.0.0.13","4.0.0.2353","PSt7-10","000000-000","8/7/2024 3:37:09 PM","0000-00","0","no battery","V","215852","µV","96196","µV"
"08/11/2024","11:53:02","2","default","203499907","Sensor2","37.208","min","231.194","μmol/L","Humid","22.817","deg","94664","µV","18.546","°C","985.000","hPa","35.0","pmil","0","51.462","deg","22.621","°C","100.000","%a.s.","22.257","deg","22.682","°C","985.000","hPa","0.861","-0.02056","0.00035","-0.00011","0","14.7","Humid","28.35","0","65.20","249337.16","SABD0002000014","AAV2.0.0.13","4.0.0.2353","PSt7-10","000000-000","8/7/2024 3:37:09 PM","0000-00","0","no battery","V","215852","µV","96196","µV"
"08/11/2024","11:53:03","2","default","203499907","Sensor2","37.224","min","231.152","μmol/L","Humid","22.819","deg","94658","µV","18.546","°C","985.000","hPa","35.0","pmil","0","51.462","deg","22.621","°C","100.000","%a.s.","22.257","deg","22.682","°C","985.000","hPa","0.861","-0.02056","0.00035","-0.00011","0","14.7","Humid","28.35","0","65.20","249325.85","SABD0002000014","AAV2.0.0.13","4.0.0.2353","PSt7-10","000000-000","8/7/2024 3:37:09 PM","0000-00","0","no battery","V","215852","µV","96196","µV"
"08/11/2024","11:53:04","2","default","203499907","Sensor2","37.241","min","231.198","μmol/L","Humid","22.819","deg","94667","µV","18.540","°C","985.000","hPa","35.0","pmil","0","51.462","deg","22.621","°C","100.000","%a.s.","22.257","deg","22.682","°C","985.000","hPa","0.861","-0.02056","0.00035","-0.00011","0","14.7","Humid","28.35","0","65.20","249331.04","SABD0002000014","AAV2.0.0.13","4.0.0.2353","PSt7-10","000000-000","8/7/2024 3:37:09 PM","0000-00","0","no battery","V","215852","µV","96196","µV"
"08/11/2024","11:53:05","2","default","203499907","Sensor2","37.258","min","231.069","μmol/L","Humid","22.823","deg","94670","µV","18.546","°C","985.000","hPa","35.0","pmil","0","51.462","deg","22.621","°C","100.000","%a.s.","22.257","deg","22.682","°C","985.000","hPa","0.861","-0.02056","0.00035","-0.00011","0","14.7","Humid","28.35","0","65.20","249329.38","SABD0002000014","AAV2.0.0.13","4.0.0.2353","PSt7-10","000000-000","8/7/2024 3:37:09 PM","0000-00","0","no battery","V","215852","µV","96196","µV"
"08/11/2024","11:53:06","2","default","203499907","Sensor2","37.275","min","231.194","μmol/L","Humid","22.817","deg","94678","µV","18.546","°C","985.000","hPa","35.0","pmil","0","51.462","deg","22.621","°C","100.000","%a.s.","22.257","deg","22.682","°C","985.000","hPa","0.861","-0.02056","0.00035","-0.00011","0","14.7","Humid","28.35","0","65.20","249329.92","SABD0002000014","AAV2.0.0.13","4.0.0.2353","PSt7-10","000000-000","8/7/2024 3:37:09 PM","0000-00","0","no battery","V","215852","µV","96196","µV"
"08/11/2024","11:53:07","2","default","203499907","Sensor2","37.291","min","231.111","μmol/L","Humid","22.821","deg","94675","µV","18.546","°C","985.000","hPa","35.0","pmil","0","51.462","deg","22.621","°C","100.000","%a.s.","22.257","deg","22.682","°C","985.000","hPa","0.861","-0.02056","0.00035","-0.00011","0","14.7","Humid","28.35","0","65.20","249335.11","SABD0002000014","AAV2.0.0.13","4.0.0.2353","PSt7-10","000000-000","8/7/2024 3:37:09 PM","0000-00","0","no battery","V","215852","µV","96196","µV"
"08/11/2024","11:53:08","2","default","203499907","Sensor2","37.308","min","231.173","μmol/L","Humid","22.818","deg","94680","µV","18.546","°C","985.000","hPa","35.0","pmil","0","51.462","deg","22.621","°C","100.000","%a.s.","22.257","deg","22.682","°C","985.000","hPa","0.861","-0.02056","0.00035","-0.00011","0","14.7","Humid","28.35","0","65.20","249330.63","SABD0002000014","AAV2.0.0.13","4.0.0.2353","PSt7-10","000000-000","8/7/2024 3:37:09 PM","0000-00","0","no battery","V","215852","µV","96196","µV"
"08/11/2024","11:53:09","2","default","203499907","Sensor2","37.325","min","231.156","μmol/L","Humid","22.821","deg","94682","µV","18.540","°C","985.000","hPa","35.0","pmil","0","51.462","deg","22.621","°C","100.000","%a.s.","22.257","deg","22.682","°C","985.000","hPa","0.861","-0.02056","0.00035","-0.00011","0","14.7","Humid","28.35","0","65.20","249338.41","SABD0002000014","AAV2.0.0.13","4.0.0.2353","PSt7-10","000000-000","8/7/2024 3:37:09 PM","0000-00","0","no battery","V","215852","µV","96196","µV"
"08/11/2024","11:53:10","2","default","203499907","Sensor2","37.342","min","231.090","μmol/L","Humid","22.822","deg","94682","µV","18.546","°C","985.000","hPa","35.0","pmil","0","51.462","deg","22.621","°C","100.000","%a.s.","22.257","deg","22.682","°C","985.000","hPa","0.861","-0.02056","0.00035","-0.00011","0","14.7","Humid","28.35","0","65.20","249332.07","SABD0002000014","AAV2.0.0.13","4.0.0.2353","PSt7-10","000000-000","8/7/2024 3:37:09 PM","0000-00","0","no battery","V","215852","µV","96196","µV"
"08/11/2024","11:53:11","2","default","203499907","Sensor2","37.358","min","231.198","μmol/L","Humid","22.819","deg","94679","µV","18.540","°C","985.000","hPa","35.0","pmil","0","51.462","deg","22.621","°C","100.000","%a.s.","22.257","deg","22.682","°C","985.000","hPa","0.861","-0.02056","0.00035","-0.00011","0","14.7","Humid","28.35","0","65.20","249329.86","SABD0002000014","AAV2.0.0.13","4.0.0.2353","PSt7-10","000000-000","8/7/2024 3:37:09 PM","0000-00","0","no battery","V","215852","µV","96196","µV"
"08/11/2024","11:53:12","2","default","203499907","Sensor2","37.375","min","230.962","μmol/L","Humid","22.826","deg","94686","µV","18.552","°C","985.000","hPa","35.0","pmil","0","51.462","deg","22.621","°C","100.000","%a.s.","22.257","deg","22.682","°C","985.000","hPa","0.861","-0.02056","0.00035","-0.00011","0","14.7","Humid","28.35","0","65.20","249346.67","SABD0002000014","AAV2.0.0.13","4.0.0.2353","PSt7-10","000000-000","8/7/2024 3:37:09 PM","0000-00","0","no battery","V","215852","µV","96196","µV"
"08/11/2024","11:53:13","2","default","203499907","Sensor2","37.391","min","231.049","μmol/L","Humid","22.824","deg","94692","µV","18.546","°C","985.000","hPa","35.0","pmil","0","51.462","deg","22.621","°C","100.000","%a.s.","22.257","deg","22.682","°C","985.000","hPa","0.861","-0.02056","0.00035","-0.00011","0","14.7","Humid","28.35","0","65.20","249342.10","SABD0002000014","AAV2.0.0.13","4.0.0.2353","PSt7-10","000000-000","8/7/2024 3:37:09 PM","0000-00","0","no battery","V","215852","µV","96196","µV"
"08/11/2024","11:53:14","2","default","203499907","Sensor2","37.408","min","231.003","μmol/L","Humid","22.824","deg","94682","µV","18.552","°C","985.000","hPa","35.0","pmil","0","51.462","deg","22.621","°C","100.000","%a.s.","22.257","deg","22.682","°C","985.000","hPa","0.861","-0.02056","0.00035","-0.00011","0","14.7","Humid","28.35","0","65.20","249331.76","SABD0002000014","AAV2.0.0.13","4.0.0.2353","PSt7-10","000000-000","8/7/2024 3:37:09 PM","0000-00","0","no battery","V","215852","µV","96196","µV"
"08/11/2024","11:53:15","2","default","203499907","Sensor2","37.424","min","231.094","μmol/L","Humid","22.824","deg","94688","µV","18.540","°C","985.000","hPa","35.0","pmil","0","51.462","deg","22.621","°C","100.000","%a.s.","22.257","deg","22.682","°C","985.000","hPa","0.861","-0.02056","0.00035","-0.00011","0","14.7","Humid","28.35","0","65.20","249349.22","SABD0002000014","AAV2.0.0.13","4.0.0.2353","PSt7-10","000000-000","8/7/2024 3:37:09 PM","0000-00","0","no battery","V","215852","µV","96196","µV"
"08/11/2024","11:53:16","2","default","203499907","Sensor2","37.441","min","231.173","μmol/L","Humid","22.818","deg","94691","µV","18.546","°C","985.000","hPa","35.0","pmil","0","51.462","deg","22.621","°C","100.000","%a.s.","22.257","deg","22.682","°C","985.000","hPa","0.861","-0.02056","0.00035","-0.00011","0","14.7","Humid","28.35","0","65.20","249340.70","SABD0002000014","AAV2.0.0.13","4.0.0.2353","PSt7-10","000000-000","8/7/2024 3:37:09 PM","0000-00","0","no battery","V","215852","µV","96196","µV"
"08/11/2024","11:53:17","2","default","203499907","Sensor2","37.458","min","231.069","μmol/L","Humid","22.823","deg","94696","µV","18.546","°C","985.000","hPa","35.0","pmil","0","51.462","deg","22.621","°C","100.000","%a.s.","22.257","deg","22.682","°C","985.000","hPa","0.861","-0.02056","0.00035","-0.00011","0","14.7","Humid","28.35","0","65.20","249336.98","SABD0002000014","AAV2.0.0.13","4.0.0.2353","PSt7-10","000000-000","8/7/2024 3:37:09 PM","0000-00","0","no battery","V","215852","µV","96196","µV"
"08/11/2024","11:53:18","2","default","203499907","Sensor2","37.475","min","231.069","μmol/L","Humid","22.823","deg","94697","µV","18.546","°C","985.000","hPa","35.0","pmil","0","51.462","deg","22.621","°C","100.000","%a.s.","22.257","deg","22.682","°C","985.000","hPa","0.861","-0.02056","0.00035","-0.00011","0","14.7","Humid","28.35","0","65.20","249338.29","SABD0002000014","AAV2.0.0.13","4.0.0.2353","PSt7-10","000000-000","8/7/2024 3:37:09 PM","0000-00","0","no battery","V","215852","µV","96196","µV"
"08/11/2024","11:53:19","2","default","203499907","Sensor2","37.491","min","231.028","μmol/L","Humid","22.825","deg","94698","µV","18.546","°C","985.000","hPa","35.0","pmil","0","51.462","deg","22.621","°C","100.000","%a.s.","22.257","deg","22.682","°C","985.000","hPa","0.861","-0.02056","0.00035","-0.00011","0","14.7","Humid","28.35","0","65.20","249328.40","SABD0002000014","AAV2.0.0.13","4.0.0.2353","PSt7-10","000000-000","8/7/2024 3:37:09 PM","0000-00","0","no battery","V","215852","µV","96196","µV"
"08/11/2024","11:53:20","2","default","203499907","Sensor2","37.508","min","230.945","μmol/L","Humid","22.829","deg","94695","µV","18.546","°C","985.000","hPa","35.0","pmil","0","51.462","deg","22.621","°C","100.000","%a.s.","22.257","deg","22.682","°C","985.000","hPa","0.861","-0.02056","0.00035","-0.00011","0","14.7","Humid","28.35","0","65.20","249325.41","SABD0002000014","AAV2.0.0.13","4.0.0.2353","PSt7-10","000000-000","8/7/2024 3:37:09 PM","0000-00","0","no battery","V","215852","µV","96196","µV"
"08/11/2024","11:53:21","2","default","203499907","Sensor2","37.525","min","231.028","μmol/L","Humid","22.825","deg","94698","µV","18.546","°C","985.000","hPa","35.0","pmil","0","51.462","deg","22.621","°C","100.000","%a.s.","22.257","deg","22.682","°C","985.000","hPa","0.861","-0.02056","0.00035","-0.00011","0","14.7","Humid","28.35","0","65.20","249334.84","SABD0002000014","AAV2.0.0.13","4.0.0.2353","PSt7-10","000000-000","8/7/2024 3:37:09 PM","0000-00","0","no battery","V","215852","µV","96196","µV"
"08/11/2024","11:53:22","2","default","203499907","Sensor2","37.542","min","230.904","μmol/L","Humid","22.831","deg","94707","µV","18.546","°C","985.000","hPa","35.0","pmil","0","51.462","deg","22.621","°C","100.000","%a.s.","22.257","deg","22.682","°C","985.000","hPa","0.861","-0.02056","0.00035","-0.00011","0","14.7","Humid","28.35","0","65.20","249341.20","SABD0002000014","AAV2.0.0.13","4.0.0.2353","PSt7-10","000000-000","8/7/2024 3:37:09 PM","0000-00","0","no battery","V","215852","µV","96196","µV"
"08/11/2024","11:53:23","2","default","203499907","Sensor2","37.558","min","231.069","μmol/L","Humid","22.823","deg","94699","µV","18.546","°C","985.000","hPa","35.0","pmil","0","51.462","deg","22.621","°C","100.000","%a.s.","22.257","deg","22.682","°C","985.000","hPa","0.861","-0.02056","0.00035","-0.00011","0","14.7","Humid","28.35","0","65.20","249336.29","SABD0002000014","AAV2.0.0.13","4.0.0.2353","PSt7-10","000000-000","8/7/2024 3:37:09 PM","0000-00","0","no battery","V","215852","µV","96196","µV"
"08/11/2024","11:53:24","2","default","203499907","Sensor2","37.575","min","230.925","μmol/L","Humid","22.830","deg","94702","µV","18.546","°C","985.000","hPa","35.0","pmil","0","51.462","deg","22.621","°C","100.000","%a.s.","22.257","deg","22.682","°C","985.000","hPa","0.861","-0.02056","0.00035","-0.00011","0","14.7","Humid","28.35","0","65.20","249329.94","SABD0002000014","AAV2.0.0.13","4.0.0.2353","PSt7-10","000000-000","8/7/2024 3:37:09 PM","0000-00","0","no battery","V","215852","µV","96196","µV"
"08/11/2024","11:53:25","2","default","203499907","Sensor2","37.592","min","231.115","μmol/L","Humid","22.823","deg","94707","µV","18.540","°C","985.000","hPa","35.0","pmil","0","51.462","deg","22.621","°C","100.000","%a.s.","22.257","deg","22.682","°C","985.000","hPa","0.861","-0.02056","0.00035","-0.00011","0","14.7","Humid","28.35","0","65.20","249334.04","SABD0002000014","AAV2.0.0.13","4.0.0.2353","PSt7-10","000000-000","8/7/2024 3:37:09 PM","0000-00","0","no battery","V","215852","µV","96196","µV"
"08/11/2024","11:53:26","2","default","203499907","Sensor2","37.608","min","231.053","μmol/L","Humid","22.826","deg","94708","µV","18.540","°C","985.000","hPa","35.0","pmil","0","51.462","deg","22.621","°C","100.000","%a.s.","22.257","deg","22.682","°C","985.000","hPa","0.861","-0.02056","0.00035","-0.00011","0","14.7","Humid","28.35","0","65.20","249330.10","SABD0002000014","AAV2.0.0.13","4.0.0.2353","PSt7-10","000000-000","8/7/2024 3:37:09 PM","0000-00","0","no battery","V","215852","µV","96196","µV"
"08/11/2024","11:53:27","2","default","203499907","Sensor2","37.624","min","231.053","μmol/L","Humid","22.826","deg","94708","µV","18.540","°C","985.000","hPa","35.0","pmil","0","51.462","deg","22.621","°C","100.000","%a.s.","22.257","deg","22.682","°C","985.000","hPa","0.861","-0.02056","0.00035","-0.00011","0","14.7","Humid","28.35","0","65.20","249330.20","SABD0002000014","AAV2.0.0.13","4.0.0.2353","PSt7-10","000000-000","8/7/2024 3:37:09 PM","0000-00","0","no battery","V","215852","µV","96196","µV"
"08/11/2024","11:53:28","2","default","203499907","Sensor2","37.641","min","231.053","μmol/L","Humid","22.826","deg","94704","µV","18.540","°C","985.000","hPa","35.0","pmil","0","51.462","deg","22.621","°C","100.000","%a.s.","22.257","deg","22.682","°C","985.000","hPa","0.861","-0.02056","0.00035","-0.00011","0","14.7","Humid","28.35","0","65.20","249336.15","SABD0002000014","AAV2.0.0.13","4.0.0.2353","PSt7-10","000000-000","8/7/2024 3:37:09 PM","0000-00","0","no battery","V","215852","µV","96196","µV"
"08/11/2024","11:53:29","2","default","203499907","Sensor2","37.658","min","230.970","μmol/L","Humid","22.830","deg","94709","µV","18.540","°C","985.000","hPa","35.0","pmil","0","51.462","deg","22.621","°C","100.000","%a.s.","22.257","deg","22.682","°C","985.000","hPa","0.861","-0.02056","0.00035","-0.00011","0","14.7","Humid","28.35","0","65.20","249332.39","SABD0002000014","AAV2.0.0.13","4.0.0.2353","PSt7-10","000000-000","8/7/2024 3:37:09 PM","0000-00","0","no battery","V","215852","µV","96196","µV"
"08/11/2024","11:53:30","2","default","203499907","Sensor2","37.675","min","230.863","μmol/L","Humid","22.833","deg","94709","µV","18.546","°C","985.000","hPa","35.0","pmil","0","51.462","deg","22.621","°C","100.000","%a.s.","22.257","deg","22.682","°C","985.000","hPa","0.861","-0.02056","0.00035","-0.00011","0","14.7","Humid","28.35","0","65.20","249329.03","SABD0002000014","AAV2.0.0.13","4.0.0.2353","PSt7-10","000000-000","8/7/2024 3:37:09 PM","0000-00","0","no battery","V","215852","µV","96196","µV"
"08/11/2024","11:53:31","2","default","203499907","Sensor2","37.691","min","230.884","μmol/L","Humid","22.832","deg","94706","µV","18.546","°C","985.000","hPa","35.0","pmil","0","51.462","deg","22.621","°C","100.000","%a.s.","22.257","deg","22.682","°C","985.000","hPa","0.861","-0.02056","0.00035","-0.00011","0","14.7","Humid","28.35","0","65.20","249325.73","SABD0002000014","AAV2.0.0.13","4.0.0.2353","PSt7-10","000000-000","8/7/2024 3:37:09 PM","0000-00","0","no battery","V","215852","µV","96196","µV"
"08/11/2024","11:53:32","2","default","203499907","Sensor2","37.708","min","230.904","μmol/L","Humid","22.831","deg","94711","µV","18.546","°C","985.000","hPa","35.0","pmil","0","51.462","deg","22.621","°C","100.000","%a.s.","22.257","deg","22.682","°C","985.000","hPa","0.861","-0.02056","0.00035","-0.00011","0","14.7","Humid","28.35","0","65.20","249324.77","SABD0002000014","AAV2.0.0.13","4.0.0.2353","PSt7-10","000000-000","8/7/2024 3:37:09 PM","0000-00","0","no battery","V","215852","µV","96196","µV"
"08/11/2024","11:53:33","2","default","203499907","Sensor2","37.725","min","230.945","μmol/L","Humid","22.829","deg","94717","µV","18.546","°C","985.000","hPa","35.0","pmil","0","51.462","deg","22.621","°C","100.000","%a.s.","22.257","deg","22.682","°C","985.000","hPa","0.861","-0.02056","0.00035","-0.00011","0","14.7","Humid","28.35","0","65.20","249333.49","SABD0002000014","AAV2.0.0.13","4.0.0.2353","PSt7-10","000000-000","8/7/2024 3:37:09 PM","0000-00","0","no battery","V","215852","µV","96196","µV"
"08/11/2024","11:53:34","2","default","203499907","Sensor2","37.741","min","230.884","μmol/L","Humid","22.832","deg","94709","µV","18.546","°C","985.000","hPa","35.0","pmil","0","51.462","deg","22.621","°C","100.000","%a.s.","22.257","deg","22.682","°C","985.000","hPa","0.861","-0.02056","0.00035","-0.00011","0","14.7","Humid","28.35","0","65.20","249321.92","SABD0002000014","AAV2.0.0.13","4.0.0.2353","PSt7-10","000000-000","8/7/2024 3:37:09 PM","0000-00","0","no battery","V","215852","µV","96196","µV"
"08/11/2024","11:53:35","2","default","203499907","Sensor2","37.758","min","230.867","μmol/L","Humid","22.835","deg","94718","µV","18.540","°C","985.000","hPa","35.0","pmil","0","51.462","deg","22.621","°C","100.000","%a.s.","22.257","deg","22.682","°C","985.000","hPa","0.861","-0.02056","0.00035","-0.00011","0","14.7","Humid","28.35","0","65.20","249329.60","SABD0002000014","AAV2.0.0.13","4.0.0.2353","PSt7-10","000000-000","8/7/2024 3:37:09 PM","0000-00","0","no battery","V","215852","µV","96196","µV"
"08/11/2024","11:53:36","2","default","203499907","Sensor2","37.775","min","230.884","μmol/L","Humid","22.832","deg","94716","µV","18.546","°C","985.000","hPa","35.0","pmil","0","51.462","deg","22.621","°C","100.000","%a.s.","22.257","deg","22.682","°C","985.000","hPa","0.861","-0.02056","0.00035","-0.00011","0","14.7","Humid","28.35","0","65.20","249324.13","SABD0002000014","AAV2.0.0.13","4.0.0.2353","PSt7-10","000000-000","8/7/2024 3:37:09 PM","0000-00","0","no battery","V","215852","µV","96196","µV"
"08/11/2024","11:53:37","2","default","203499907","Sensor2","37.792","min","230.908","μmol/L","Humid","22.833","deg","94720","µV","18.540","°C","985.000","hPa","35.0","pmil","0","51.462","deg","22.621","°C","100.000","%a.s.","22.257","deg","22.682","°C","985.000","hPa","0.861","-0.02056","0.00035","-0.00011","0","14.7","Humid","28.35","0","65.20","249326.96","SABD0002000014","AAV2.0.0.13","4.0.0.2353","PSt7-10","000000-000","8/7/2024 3:37:09 PM","0000-00","0","no battery","V","215852","µV","96196","µV"
"08/11/2024","11:53:38","2","default","203499907","Sensor2","37.808","min","230.929","μmol/L","Humid","22.832","deg","94714","µV","18.540","°C","985.000","hPa","35.0","pmil","0","51.462","deg","22.621","°C","100.000","%a.s.","22.257","deg","22.682","°C","985.000","hPa","0.861","-0.02056","0.00035","-0.00011","0","14.7","Humid","28.35","0","65.20","249322.61","SABD0002000014","AAV2.0.0.13","4.0.0.2353","PSt7-10","000000-000","8/7/2024 3:37:09 PM","0000-00","0","no battery","V","215852","µV","96196","µV"
"08/11/2024","11:53:39","2","default","203499907","Sensor2","37.824","min","230.863","μmol/L","Humid","22.833","deg","94714","µV","18.546","°C","985.000","hPa","35.0","pmil","0","51.462","deg","22.621","°C","100.000","%a.s.","22.257","deg","22.682","°C","985.000","hPa","0.861","-0.02056","0.00035","-0.00011","0","14.7","Humid","28.35","0","65.20","249310.34","SABD0002000014","AAV2.0.0.13","4.0.0.2353","PSt7-10","000000-000","8/7/2024 3:37:09 PM","0000-00","0","no battery","V","215852","µV","96196","µV"
"08/11/2024","11:53:40","2","default","203499907","Sensor2","37.841","min","230.908","μmol/L","Humid","22.833","deg","94719","µV","18.540","°C","985.000","hPa","35.0","pmil","0","51.462","deg","22.621","°C","100.000","%a.s.","22.257","deg","22.682","°C","985.000","hPa","0.861","-0.02056","0.00035","-0.00011","0","14.7","Humid","28.35","0","65.20","249327.52","SABD0002000014","AAV2.0.0.13","4.0.0.2353","PSt7-10","000000-000","8/7/2024 3:37:09 PM","0000-00","0","no battery","V","215852","µV","96196","µV"
"08/11/2024","11:53:41","2","default","203499907","Sensor2","37.858","min","230.908","μmol/L","Humid","22.833","deg","94725","µV","18.540","°C","985.000","hPa","35.0","pmil","0","51.462","deg","22.621","°C","100.000","%a.s.","22.257","deg","22.682","°C","985.000","hPa","0.861","-0.02056","0.00035","-0.00011","0","14.7","Humid","28.35","0","65.20","249328.21","SABD0002000014","AAV2.0.0.13","4.0.0.2353","PSt7-10","000000-000","8/7/2024 3:37:09 PM","0000-00","0","no battery","V","215852","µV","96196","µV"
"08/11/2024","11:53:42","2","default","203499907","Sensor2","37.875","min","230.760","μmol/L","Humid","22.838","deg","94727","µV","18.546","°C","985.000","hPa","35.0","pmil","0","51.462","deg","22.621","°C","100.000","%a.s.","22.257","deg","22.682","°C","985.000","hPa","0.861","-0.02056","0.00035","-0.00011","0","14.7","Humid","28.35","0","65.20","249329.83","SABD0002000014","AAV2.0.0.13","4.0.0.2353","PSt7-10","000000-000","8/7/2024 3:37:09 PM","0000-00","0","no battery","V","215852","µV","96196","µV"
"08/11/2024","11:53:43","2","default","203499907","Sensor2","37.891","min","230.842","μmol/L","Humid","22.834","deg","94721","µV","18.546","°C","985.000","hPa","35.0","pmil","0","51.462","deg","22.621","°C","100.000","%a.s.","22.257","deg","22.682","°C","985.000","hPa","0.861","-0.02056","0.00035","-0.00011","0","14.7","Humid","28.35","0","65.20","249322.08","SABD0002000014","AAV2.0.0.13","4.0.0.2353","PSt7-10","000000-000","8/7/2024 3:37:09 PM","0000-00","0","no battery","V","215852","µV","96196","µV"
"08/11/2024","11:53:44","2","default","203499907","Sensor2","37.908","min","230.867","μmol/L","Humid","22.835","deg","94731","µV","18.540","°C","985.000","hPa","35.0","pmil","0","51.462","deg","22.621","°C","100.000","%a.s.","22.257","deg","22.682","°C","985.000","hPa","0.861","-0.02056","0.00035","-0.00011","0","14.7","Humid","28.35","0","65.20","249328.53","SABD0002000014","AAV2.0.0.13","4.0.0.2353","PSt7-10","000000-000","8/7/2024 3:37:09 PM","0000-00","0","no battery","V","215852","µV","96196","µV"
"08/11/2024","11:53:45","2","default","203499907","Sensor2","37.925","min","230.817","μmol/L","Humid","22.833","deg","94727","µV","18.552","°C","985.000","hPa","35.0","pmil","0","51.462","deg","22.621","°C","100.000","%a.s.","22.257","deg","22.682","°C","985.000","hPa","0.861","-0.02056","0.00035","-0.00011","0","14.7","Humid","28.35","0","65.20","249324.10","SABD0002000014","AAV2.0.0.13","4.0.0.2353","PSt7-10","000000-000","8/7/2024 3:37:09 PM","0000-00","0","no battery","V","215852","µV","96196","µV"
"08/11/2024","11:53:46","2","default","203499907","Sensor2","37.942","min","230.760","μmol/L","Humid","22.838","deg","94729","µV","18.546","°C","985.000","hPa","35.0","pmil","0","51.462","deg","22.621","°C","100.000","%a.s.","22.257","deg","22.682","°C","985.000","hPa","0.861","-0.02056","0.00035","-0.00011","0","14.7","Humid","28.35","0","65.20","249328.75","SABD0002000014","AAV2.0.0.13","4.0.0.2353","PSt7-10","000000-000","8/7/2024 3:37:09 PM","0000-00","0","no battery","V","215852","µV","96196","µV"
"08/11/2024","11:53:47","2","default","203499907","Sensor2","37.958","min","230.884","μmol/L","Humid","22.832","deg","94731","µV","18.546","°C","985.000","hPa","35.0","pmil","0","51.462","deg","22.621","°C","100.000","%a.s.","22.257","deg","22.682","°C","985.000","hPa","0.861","-0.02056","0.00035","-0.00011","0","14.7","Humid","28.35","0","65.20","249321.83","SABD0002000014","AAV2.0.0.13","4.0.0.2353","PSt7-10","000000-000","8/7/2024 3:37:09 PM","0000-00","0","no battery","V","215852","µV","96196","µV"
"08/11/2024","11:53:48","2","default","203499907","Sensor2","37.975","min","230.846","μmol/L","Humid","22.836","deg","94722","µV","18.540","°C","985.000","hPa","35.0","pmil","0","51.462","deg","22.621","°C","100.000","%a.s.","22.257","deg","22.682","°C","985.000","hPa","0.861","-0.02056","0.00035","-0.00011","0","14.7","Humid","28.35","0","65.20","249321.94","SABD0002000014","AAV2.0.0.13","4.0.0.2353","PSt7-10","000000-000","8/7/2024 3:37:09 PM","0000-00","0","no battery","V","215852","µV","96196","µV"
"08/11/2024","11:53:49","2","default","203499907","Sensor2","37.991","min","230.842","μmol/L","Humid","22.834","deg","94732","µV","18.546","°C","985.000","hPa","35.0","pmil","0","51.462","deg","22.621","°C","100.000","%a.s.","22.257","deg","22.682","°C","985.000","hPa","0.861","-0.02056","0.00035","-0.00011","0","14.7","Humid","28.35","0","65.20","249327.84","SABD0002000014","AAV2.0.0.13","4.0.0.2353","PSt7-10","000000-000","8/7/2024 3:37:09 PM","0000-00","0","no battery","V","215852","µV","96196","µV"
"08/11/2024","11:53:50","2","default","203499907","Sensor2","38.008","min","230.764","μmol/L","Humid","22.840","deg","94735","µV","18.540","°C","985.000","hPa","35.0","pmil","0","51.462","deg","22.621","°C","100.000","%a.s.","22.257","deg","22.682","°C","985.000","hPa","0.861","-0.02056","0.00035","-0.00011","0","14.7","Humid","28.35","0","65.20","249327.88","SABD0002000014","AAV2.0.0.13","4.0.0.2353","PSt7-10","000000-000","8/7/2024 3:37:09 PM","0000-00","0","no battery","V","215852","µV","96196","µV"
"08/11/2024","11:53:51","2","default","203499907","Sensor2","38.025","min","230.780","μmol/L","Humid","22.837","deg","94728","µV","18.546","°C","985.000","hPa","35.0","pmil","0","51.462","deg","22.621","°C","100.000","%a.s.","22.257","deg","22.682","°C","985.000","hPa","0.861","-0.02056","0.00035","-0.00011","0","14.7","Humid","28.35","0","65.20","249320.51","SABD0002000014","AAV2.0.0.13","4.0.0.2353","PSt7-10","000000-000","8/7/2024 3:37:09 PM","0000-00","0","no battery","V","215852","µV","96196","µV"
"08/11/2024","11:53:52","2","default","203499907","Sensor2","38.041","min","230.809","μmol/L","Humid","22.840","deg","94726","µV","18.534","°C","985.000","hPa","35.0","pmil","0","51.462","deg","22.621","°C","100.000","%a.s.","22.257","deg","22.682","°C","985.000","hPa","0.861","-0.02056","0.00035","-0.00011","0","14.7","Humid","28.35","0","65.20","249322.40","SABD0002000014","AAV2.0.0.13","4.0.0.2353","PSt7-10","000000-000","8/7/2024 3:37:09 PM","0000-00","0","no battery","V","215852","µV","96196","µV"
"08/11/2024","11:53:53","2","default","203499907","Sensor2","38.058","min","230.842","μmol/L","Humid","22.834","deg","94734","µV","18.546","°C","985.000","hPa","35.0","pmil","0","51.462","deg","22.621","°C","100.000","%a.s.","22.257","deg","22.682","°C","985.000","hPa","0.861","-0.02056","0.00035","-0.00011","0","14.7","Humid","28.35","0","65.20","249325.80","SABD0002000014","AAV2.0.0.13","4.0.0.2353","PSt7-10","000000-000","8/7/2024 3:37:09 PM","0000-00","0","no battery","V","215852","µV","96196","µV"
"08/11/2024","11:53:54","2","default","203499907","Sensor2","38.075","min","230.780","μmol/L","Humid","22.837","deg","94736","µV","18.546","°C","985.000","hPa","35.0","pmil","0","51.462","deg","22.621","°C","100.000","%a.s.","22.257","deg","22.682","°C","985.000","hPa","0.861","-0.02056","0.00035","-0.00011","0","14.7","Humid","28.35","0","65.20","249320.16","SABD0002000014","AAV2.0.0.13","4.0.0.2353","PSt7-10","000000-000","8/7/2024 3:37:09 PM","0000-00","0","no battery","V","215852","µV","96196","µV"
"08/11/2024","11:53:55","2","default","203499907","Sensor2","38.092","min","230.822","μmol/L","Humid","22.835","deg","94738","µV","18.546","°C","985.000","hPa","35.0","pmil","0","51.462","deg","22.621","°C","100.000","%a.s.","22.257","deg","22.682","°C","985.000","hPa","0.861","-0.02056","0.00035","-0.00011","0","14.7","Humid","28.35","0","65.20","249319.37","SABD0002000014","AAV2.0.0.13","4.0.0.2353","PSt7-10","000000-000","8/7/2024 3:37:09 PM","0000-00","0","no battery","V","215852","µV","96196","µV"
"08/11/2024","11:53:56","2","default","203499907","Sensor2","38.108","min","230.805","μmol/L","Humid","22.838","deg","94734","µV","18.540","°C","985.000","hPa","35.0","pmil","0","51.462","deg","22.621","°C","100.000","%a.s.","22.257","deg","22.682","°C","985.000","hPa","0.861","-0.02056","0.00035","-0.00011","0","14.7","Humid","28.35","0","65.20","249317.35","SABD0002000014","AAV2.0.0.13","4.0.0.2353","PSt7-10","000000-000","8/7/2024 3:37:09 PM","0000-00","0","no battery","V","215852","µV","96196","µV"
"08/11/2024","11:53:57","2","default","203499907","Sensor2","38.125","min","230.826","μmol/L","Humid","22.837","deg","94738","µV","18.540","°C","985.000","hPa","35.0","pmil","0","51.462","deg","22.621","°C","100.000","%a.s.","22.257","deg","22.682","°C","985.000","hPa","0.861","-0.02056","0.00035","-0.00011","0","14.7","Humid","28.35","0","65.20","249316.22","SABD0002000014","AAV2.0.0.13","4.0.0.2353","PSt7-10","000000-000","8/7/2024 3:37:09 PM","0000-00","0","no battery","V","215852","µV","96196","µV"
"08/11/2024","11:53:58","2","default","203499907","Sensor2","38.141","min","230.801","μmol/L","Humid","22.836","deg","94734","µV","18.546","°C","985.000","hPa","35.0","pmil","0","51.462","deg","22.621","°C","100.000","%a.s.","22.257","deg","22.682","°C","985.000","hPa","0.861","-0.02056","0.00035","-0.00011","0","14.7","Humid","28.35","0","65.20","249322.41","SABD0002000014","AAV2.0.0.13","4.0.0.2353","PSt7-10","000000-000","8/7/2024 3:37:09 PM","0000-00","0","no battery","V","215852","µV","96196","µV"
"08/11/2024","11:53:59","2","default","203499907","Sensor2","38.158","min","230.780","μmol/L","Humid","22.837","deg","94737","µV","18.546","°C","985.000","hPa","35.0","pmil","0","51.462","deg","22.621","°C","100.000","%a.s.","22.257","deg","22.682","°C","985.000","hPa","0.861","-0.02056","0.00035","-0.00011","0","14.7","Humid","28.35","0","65.20","249327.04","SABD0002000014","AAV2.0.0.13","4.0.0.2353","PSt7-10","000000-000","8/7/2024 3:37:09 PM","0000-00","0","no battery","V","215852","µV","96196","µV"
"08/11/2024","11:54:00","2","default","203499907","Sensor2","38.174","min","230.739","μmol/L","Humid","22.839","deg","94739","µV","18.546","°C","985.000","hPa","35.0","pmil","0","51.462","deg","22.621","°C","100.000","%a.s.","22.257","deg","22.682","°C","985.000","hPa","0.861","-0.02056","0.00035","-0.00011","0","14.7","Humid","28.35","0","65.20","249306.47","SABD0002000014","AAV2.0.0.13","4.0.0.2353","PSt7-10","000000-000","8/7/2024 3:37:09 PM","0000-00","0","no battery","V","215852","µV","96196","µV"
"08/11/2024","11:54:01","2","default","203499907","Sensor2","38.191","min","230.698","μmol/L","Humid","22.841","deg","94736","µV","18.546","°C","985.000","hPa","35.0","pmil","0","51.462","deg","22.621","°C","100.000","%a.s.","22.257","deg","22.682","°C","985.000","hPa","0.861","-0.02056","0.00035","-0.00011","0","14.7","Humid","28.35","0","65.20","249319.90","SABD0002000014","AAV2.0.0.13","4.0.0.2353","PSt7-10","000000-000","8/7/2024 3:37:09 PM","0000-00","0","no battery","V","215852","µV","96196","µV"
"08/11/2024","11:54:02","2","default","203499907","Sensor2","38.208","min","230.867","μmol/L","Humid","22.835","deg","94743","µV","18.540","°C","985.000","hPa","35.0","pmil","0","51.462","deg","22.621","°C","100.000","%a.s.","22.257","deg","22.682","°C","985.000","hPa","0.861","-0.02056","0.00035","-0.00011","0","14.7","Humid","28.35","0","65.20","249324.63","SABD0002000014","AAV2.0.0.13","4.0.0.2353","PSt7-10","000000-000","8/7/2024 3:37:09 PM","0000-00","0","no battery","V","215852","µV","96196","µV"
"08/11/2024","11:54:03","2","default","203499907","Sensor2","38.224","min","230.846","μmol/L","Humid","22.836","deg","94731","µV","18.540","°C","985.000","hPa","35.0","pmil","0","51.462","deg","22.621","°C","100.000","%a.s.","22.257","deg","22.682","°C","985.000","hPa","0.861","-0.02056","0.00035","-0.00011","0","14.7","Humid","28.35","0","65.20","249313.73","SABD0002000014","AAV2.0.0.13","4.0.0.2353","PSt7-10","000000-000","8/7/2024 3:37:09 PM","0000-00","0","no battery","V","215852","µV","96196","µV"
"08/11/2024","11:54:04","2","default","203499907","Sensor2","38.241","min","230.789","μmol/L","Humid","22.841","deg","94744","µV","18.534","°C","985.000","hPa","35.0","pmil","0","51.462","deg","22.621","°C","100.000","%a.s.","22.257","deg","22.682","°C","985.000","hPa","0.861","-0.02056","0.00035","-0.00011","0","14.7","Humid","28.35","0","65.20","249328.71","SABD0002000014","AAV2.0.0.13","4.0.0.2353","PSt7-10","000000-000","8/7/2024 3:37:09 PM","0000-00","0","no battery","V","215852","µV","96196","µV"
"08/11/2024","11:54:05","2","default","203499907","Sensor2","38.258","min","230.718","μmol/L","Humid","22.840","deg","94749","µV","18.546","°C","985.000","hPa","35.0","pmil","0","51.462","deg","22.621","°C","100.000","%a.s.","22.257","deg","22.682","°C","985.000","hPa","0.861","-0.02056","0.00035","-0.00011","0","14.7","Humid","28.35","0","65.20","249326.31","SABD0002000014","AAV2.0.0.13","4.0.0.2353","PSt7-10","000000-000","8/7/2024 3:37:09 PM","0000-00","0","no battery","V","215852","µV","96196","µV"
"08/11/2024","11:54:06","2","default","203499907","Sensor2","38.275","min","230.743","μmol/L","Humid","22.841","deg","94749","µV","18.540","°C","985.000","hPa","35.0","pmil","0","51.462","deg","22.621","°C","100.000","%a.s.","22.257","deg","22.682","°C","985.000","hPa","0.861","-0.02056","0.00035","-0.00011","0","14.7","Humid","28.35","0","65.20","249320.04","SABD0002000014","AAV2.0.0.13","4.0.0.2353","PSt7-10","000000-000","8/7/2024 3:37:09 PM","0000-00","0","no battery","V","215852","µV","96196","µV"
"08/11/2024","11:54:07","2","default","203499907","Sensor2","38.291","min","230.743","μmol/L","Humid","22.841","deg","94740","µV","18.540","°C","985.000","hPa","35.0","pmil","0","51.462","deg","22.621","°C","100.000","%a.s.","22.257","deg","22.682","°C","985.000","hPa","0.861","-0.02056","0.00035","-0.00011","0","14.7","Humid","28.35","0","65.20","249304.55","SABD0002000014","AAV2.0.0.13","4.0.0.2353","PSt7-10","000000-000","8/7/2024 3:37:09 PM","0000-00","0","no battery","V","215852","µV","96196","µV"
"08/11/2024","11:54:08","2","default","203499907","Sensor2","38.308","min","230.764","μmol/L","Humid","22.840","deg","94745","µV","18.540","°C","985.000","hPa","35.0","pmil","0","51.462","deg","22.621","°C","100.000","%a.s.","22.257","deg","22.682","°C","985.000","hPa","0.861","-0.02056","0.00035","-0.00011","0","14.7","Humid","28.35","0","65.20","249317.50","SABD0002000014","AAV2.0.0.13","4.0.0.2353","PSt7-10","000000-000","8/7/2024 3:37:09 PM","0000-00","0","no battery","V","215852","µV","96196","µV"
"08/11/2024","11:54:09","2","default","203499907","Sensor2","38.325","min","230.698","μmol/L","Humid","22.841","deg","94744","µV","18.546","°C","985.000","hPa","35.0","pmil","0","51.462","deg","22.621","°C","100.000","%a.s.","22.257","deg","22.682","°C","985.000","hPa","0.861","-0.02056","0.00035","-0.00011","0","14.7","Humid","28.35","0","65.20","249322.42","SABD0002000014","AAV2.0.0.13","4.0.0.2353","PSt7-10","000000-000","8/7/2024 3:37:09 PM","0000-00","0","no battery","V","215852","µV","96196","µV"
"08/11/2024","11:54:10","2","default","203499907","Sensor2","38.342","min","230.826","μmol/L","Humid","22.837","deg","94756","µV","18.540","°C","985.000","hPa","35.0","pmil","0","51.462","deg","22.621","°C","100.000","%a.s.","22.257","deg","22.682","°C","985.000","hPa","0.861","-0.02056","0.00035","-0.00011","0","14.7","Humid","28.35","0","65.20","249321.49","SABD0002000014","AAV2.0.0.13","4.0.0.2353","PSt7-10","000000-000","8/7/2024 3:37:09 PM","0000-00","0","no battery","V","215852","µV","96196","µV"
"08/11/2024","11:54:11","2","default","203499907","Sensor2","38.358","min","230.698","μmol/L","Humid","22.841","deg","94752","µV","18.546","°C","985.000","hPa","35.0","pmil","0","51.462","deg","22.621","°C","100.000","%a.s.","22.257","deg","22.682","°C","985.000","hPa","0.861","-0.02056","0.00035","-0.00011","0","14.7","Humid","28.35","0","65.20","249307.53","SABD0002000014","AAV2.0.0.13","4.0.0.2353","PSt7-10","000000-000","8/7/2024 3:37:09 PM","0000-00","0","no battery","V","215852","µV","96196","µV"
"08/11/2024","11:54:12","2","default","203499907","Sensor2","38.374","min","230.718","μmol/L","Humid","22.840","deg","94752","µV","18.546","°C","985.000","hPa","35.0","pmil","0","51.462","deg","22.621","°C","100.000","%a.s.","22.257","deg","22.682","°C","985.000","hPa","0.861","-0.02056","0.00035","-0.00011","0","14.7","Humid","28.35","0","65.20","249317.77","SABD0002000014","AAV2.0.0.13","4.0.0.2353","PSt7-10","000000-000","8/7/2024 3:37:09 PM","0000-00","0","no battery","V","215852","µV","96196","µV"
"08/11/2024","11:54:13","2","default","203499907","Sensor2","38.391","min","230.702","μmol/L","Humid","22.843","deg","94756","µV","18.540","°C","985.000","hPa","35.0","pmil","0","51.462","deg","22.621","°C","100.000","%a.s.","22.257","deg","22.682","°C","985.000","hPa","0.861","-0.02056","0.00035","-0.00011","0","14.7","Humid","28.35","0","65.20","249318.20","SABD0002000014","AAV2.0.0.13","4.0.0.2353","PSt7-10","000000-000","8/7/2024 3:37:09 PM","0000-00","0","no battery","V","215852","µV","96196","µV"
"08/11/2024","11:54:14","2","default","203499907","Sensor2","38.408","min","230.764","μmol/L","Humid","22.840","deg","94749","µV","18.540","°C","985.000","hPa","35.0","pmil","0","51.462","deg","22.621","°C","100.000","%a.s.","22.257","deg","22.682","°C","985.000","hPa","0.861","-0.02056","0.00035","-0.00011","0","14.7","Humid","28.35","0","65.20","249302.88","SABD0002000014","AAV2.0.0.13","4.0.0.2353","PSt7-10","000000-000","8/7/2024 3:37:09 PM","0000-00","0","no battery","V","215852","µV","96196","µV"
"08/11/2024","11:54:15","2","default","203499907","Sensor2","38.425","min","230.723","μmol/L","Humid","22.842","deg","94758","µV","18.540","°C","985.000","hPa","35.0","pmil","0","51.462","deg","22.621","°C","100.000","%a.s.","22.257","deg","22.682","°C","985.000","hPa","0.861","-0.02056","0.00035","-0.00011","0","14.7","Humid","28.35","0","65.20","249318.19","SABD0002000014","AAV2.0.0.13","4.0.0.2353","PSt7-10","000000-000","8/7/2024 3:37:09 PM","0000-00","0","no battery","V","215852","µV","96196","µV"
"08/11/2024","11:54:16","2","default","203499907","Sensor2","38.441","min","230.723","μmol/L","Humid","22.842","deg","94761","µV","18.540","°C","985.000","hPa","35.0","pmil","0","51.462","deg","22.621","°C","100.000","%a.s.","22.257","deg","22.682","°C","985.000","hPa","0.861","-0.02056","0.00035","-0.00011","0","14.7","Humid","28.35","0","65.20","249313.37","SABD0002000014","AAV2.0.0.13","4.0.0.2353","PSt7-10","000000-000","8/7/2024 3:37:09 PM","0000-00","0","no battery","V","215852","µV","96196","µV"
"08/11/2024","11:54:17","2","default","203499907","Sensor2","38.458","min","230.656","μmol/L","Humid","22.843","deg","94761","µV","18.546","°C","985.000","hPa","35.0","pmil","0","51.462","deg","22.621","°C","100.000","%a.s.","22.257","deg","22.682","°C","985.000","hPa","0.861","-0.02056","0.00035","-0.00011","0","14.7","Humid","28.35","0","65.20","249331.78","SABD0002000014","AAV2.0.0.13","4.0.0.2353","PSt7-10","000000-000","8/7/2024 3:37:09 PM","0000-00","0","no battery","V","215852","µV","96196","µV"
"08/11/2024","11:54:18","2","default","203499907","Sensor2","38.475","min","230.661","μmol/L","Humid","22.845","deg","94761","µV","18.540","°C","985.000","hPa","35.0","pmil","0","51.462","deg","22.621","°C","100.000","%a.s.","22.257","deg","22.682","°C","985.000","hPa","0.861","-0.02056","0.00035","-0.00011","0","14.7","Humid","28.35","0","65.20","249323.38","SABD0002000014","AAV2.0.0.13","4.0.0.2353","PSt7-10","000000-000","8/7/2024 3:37:09 PM","0000-00","0","no battery","V","215852","µV","96196","µV"
"08/11/2024","11:54:19","2","default","203499907","Sensor2","38.492","min","230.619","μmol/L","Humid","22.847","deg","94767","µV","18.540","°C","985.000","hPa","35.0","pmil","0","51.462","deg","22.621","°C","100.000","%a.s.","22.257","deg","22.682","°C","985.000","hPa","0.861","-0.02056","0.00035","-0.00011","0","14.7","Humid","28.35","0","65.20","249330.34","SABD0002000014","AAV2.0.0.13","4.0.0.2353","PSt7-10","000000-000","8/7/2024 3:37:09 PM","0000-00","0","no battery","V","215852","µV","96196","µV"
"08/11/2024","11:54:20","2","default","203499907","Sensor2","38.508","min","230.574","μmol/L","Humid","22.847","deg","94764","µV","18.546","°C","985.000","hPa","35.0","pmil","0","51.462","deg","22.621","°C","100.000","%a.s.","22.257","deg","22.682","°C","985.000","hPa","0.861","-0.02056","0.00035","-0.00011","0","14.7","Humid","28.35","0","65.20","249319.43","SABD0002000014","AAV2.0.0.13","4.0.0.2353","PSt7-10","000000-000","8/7/2024 3:37:09 PM","0000-00","0","no battery","V","215852","µV","96196","µV"
"08/11/2024","11:54:21","2","default","203499907","Sensor2","38.525","min","230.698","μmol/L","Humid","22.841","deg","94767","µV","18.546","°C","985.000","hPa","35.0","pmil","0","51.462","deg","22.621","°C","100.000","%a.s.","22.257","deg","22.682","°C","985.000","hPa","0.861","-0.02056","0.00035","-0.00011","0","14.7","Humid","28.35","0","65.20","249316.68","SABD0002000014","AAV2.0.0.13","4.0.0.2353","PSt7-10","000000-000","8/7/2024 3:37:09 PM","0000-00","0","no battery","V","215852","µV","96196","µV"
"08/11/2024","11:54:22","2","default","203499907","Sensor2","38.542","min","230.743","μmol/L","Humid","22.841","deg","94768","µV","18.540","°C","985.000","hPa","35.0","pmil","0","51.462","deg","22.621","°C","100.000","%a.s.","22.257","deg","22.682","°C","985.000","hPa","0.861","-0.02056","0.00035","-0.00011","0","14.7","Humid","28.35","0","65.20","249317.13","SABD0002000014","AAV2.0.0.13","4.0.0.2353","PSt7-10","000000-000","8/7/2024 3:37:09 PM","0000-00","0","no battery","V","215852","µV","96196","µV"
"08/11/2024","11:54:23","2","default","203499907","Sensor2","38.558","min","230.599","μmol/L","Humid","22.848","deg","94767","µV","18.540","°C","985.000","hPa","35.0","pmil","0","51.462","deg","22.621","°C","100.000","%a.s.","22.257","deg","22.682","°C","985.000","hPa","0.861","-0.02056","0.00035","-0.00011","0","14.7","Humid","28.35","0","65.20","249317.01","SABD0002000014","AAV2.0.0.13","4.0.0.2353","PSt7-10","000000-000","8/7/2024 3:37:09 PM","0000-00","0","no battery","V","215852","µV","96196","µV"
"08/11/2024","11:54:24","2","default","203499907","Sensor2","38.574","min","230.665","μmol/L","Humid","22.847","deg","94771","µV","18.534","°C","985.000","hPa","35.0","pmil","0","51.462","deg","22.621","°C","100.000","%a.s.","22.257","deg","22.682","°C","985.000","hPa","0.861","-0.02056","0.00035","-0.00011","0","14.7","Humid","28.35","0","65.20","249309.19","SABD0002000014","AAV2.0.0.13","4.0.0.2353","PSt7-10","000000-000","8/7/2024 3:37:09 PM","0000-00","0","no battery","V","215852","µV","96196","µV"
"08/11/2024","11:54:25","2","default","203499907","Sensor2","38.591","min","230.723","μmol/L","Humid","22.842","deg","94772","µV","18.540","°C","985.000","hPa","35.0","pmil","0","51.462","deg","22.621","°C","100.000","%a.s.","22.257","deg","22.682","°C","985.000","hPa","0.861","-0.02056","0.00035","-0.00011","0","14.7","Humid","28.35","0","65.20","249314.78","SABD0002000014","AAV2.0.0.13","4.0.0.2353","PSt7-10","000000-000","8/7/2024 3:37:09 PM","0000-00","0","no battery","V","215852","µV","96196","µV"
"08/11/2024","11:54:26","2","default","203499907","Sensor2","38.608","min","230.599","μmol/L","Humid","22.848","deg","94770","µV","18.540","°C","985.000","hPa","35.0","pmil","0","51.462","deg","22.621","°C","100.000","%a.s.","22.257","deg","22.682","°C","985.000","hPa","0.861","-0.02056","0.00035","-0.00011","0","14.7","Humid","28.35","0","65.20","249311.85","SABD0002000014","AAV2.0.0.13","4.0.0.2353","PSt7-10","000000-000","8/7/2024 3:37:09 PM","0000-00","0","no battery","V","215852","µV","96196","µV"
"08/11/2024","11:54:27","2","default","203499907","Sensor2","38.625","min","230.681","μmol/L","Humid","22.844","deg","94774","µV","18.540","°C","985.000","hPa","35.0","pmil","0","51.462","deg","22.621","°C","100.000","%a.s.","22.257","deg","22.682","°C","985.000","hPa","0.861","-0.02056","0.00035","-0.00011","0","14.7","Humid","28.35","0","65.20","249321.30","SABD0002000014","AAV2.0.0.13","4.0.0.2353","PSt7-10","000000-000","8/7/2024 3:37:09 PM","0000-00","0","no battery","V","215852","µV","96196","µV"
"08/11/2024","11:54:28","2","default","203499907","Sensor2","38.641","min","230.615","μmol/L","Humid","22.845","deg","94773","µV","18.546","°C","985.000","hPa","35.0","pmil","0","51.462","deg","22.621","°C","100.000","%a.s.","22.257","deg","22.682","°C","985.000","hPa","0.861","-0.02056","0.00035","-0.00011","0","14.7","Humid","28.35","0","65.20","249314.20","SABD0002000014","AAV2.0.0.13","4.0.0.2353","PSt7-10","000000-000","8/7/2024 3:37:09 PM","0000-00","0","no battery","V","215852","µV","96196","µV"
"08/11/2024","11:54:29","2","default","203499907","Sensor2","38.658","min","230.640","μmol/L","Humid","22.846","deg","94768","µV","18.540","°C","985.000","hPa","35.0","pmil","0","51.462","deg","22.621","°C","100.000","%a.s.","22.257","deg","22.682","°C","985.000","hPa","0.861","-0.02056","0.00035","-0.00011","0","14.7","Humid","28.35","0","65.20","249313.14","SABD0002000014","AAV2.0.0.13","4.0.0.2353","PSt7-10","000000-000","8/7/2024 3:37:09 PM","0000-00","0","no battery","V","215852","µV","96196","µV"
"08/11/2024","11:54:30","2","default","203499907","Sensor2","38.675","min","230.661","μmol/L","Humid","22.845","deg","94774","µV","18.540","°C","985.000","hPa","35.0","pmil","0","51.462","deg","22.621","°C","100.000","%a.s.","22.257","deg","22.682","°C","985.000","hPa","0.861","-0.02056","0.00035","-0.00011","0","14.7","Humid","28.35","0","65.20","249311.81","SABD0002000014","AAV2.0.0.13","4.0.0.2353","PSt7-10","000000-000","8/7/2024 3:37:09 PM","0000-00","0","no battery","V","215852","µV","96196","µV"
"08/11/2024","11:54:31","2","default","203499907","Sensor2","38.691","min","230.599","μmol/L","Humid","22.848","deg","94776","µV","18.540","°C","985.000","hPa","35.0","pmil","0","51.462","deg","22.621","°C","100.000","%a.s.","22.257","deg","22.682","°C","985.000","hPa","0.861","-0.02056","0.00035","-0.00011","0","14.7","Humid","28.35","0","65.20","249328.61","SABD0002000014","AAV2.0.0.13","4.0.0.2353","PSt7-10","000000-000","8/7/2024 3:37:09 PM","0000-00","0","no battery","V","215852","µV","96196","µV"
"08/11/2024","11:54:32","2","default","203499907","Sensor2","38.708","min","230.665","μmol/L","Humid","22.847","deg","94788","µV","18.534","°C","985.000","hPa","35.0","pmil","0","51.462","deg","22.621","°C","100.000","%a.s.","22.257","deg","22.682","°C","985.000","hPa","0.861","-0.02056","0.00035","-0.00011","0","14.7","Humid","28.35","0","65.20","249328.39","SABD0002000014","AAV2.0.0.13","4.0.0.2353","PSt7-10","000000-000","8/7/2024 3:37:09 PM","0000-00","0","no battery","V","215852","µV","96196","µV"
"08/11/2024","11:54:33","2","default","203499907","Sensor2","38.725","min","230.558","μmol/L","Humid","22.850","deg","94779","µV","18.540","°C","985.000","hPa","35.0","pmil","0","51.462","deg","22.621","°C","100.000","%a.s.","22.257","deg","22.682","°C","985.000","hPa","0.861","-0.02056","0.00035","-0.00011","0","14.7","Humid","28.35","0","65.20","249319.02","SABD0002000014","AAV2.0.0.13","4.0.0.2353","PSt7-10","000000-000","8/7/2024 3:37:09 PM","0000-00","0","no battery","V","215852","µV","96196","µV"
"08/11/2024","11:54:34","2","default","203499907","Sensor2","38.742","min","230.686","μmol/L","Humid","22.846","deg","94779","µV","18.534","°C","985.000","hPa","35.0","pmil","0","51.462","deg","22.621","°C","100.000","%a.s.","22.257","deg","22.682","°C","985.000","hPa","0.861","-0.02056","0.00035","-0.00011","0","14.7","Humid","28.35","0","65.20","249316.39","SABD0002000014","AAV2.0.0.13","4.0.0.2353","PSt7-10","000000-000","8/7/2024 3:37:09 PM","0000-00","0","no battery","V","215852","µV","96196","µV"
"08/11/2024","11:54:35","2","default","203499907","Sensor2","38.758","min","230.516","μmol/L","Humid","22.852","deg","94786","µV","18.540","°C","985.000","hPa","35.0","pmil","0","51.462","deg","22.621","°C","100.000","%a.s.","22.257","deg","22.682","°C","985.000","hPa","0.861","-0.02056","0.00035","-0.00011","0","14.7","Humid","28.35","0","65.20","249310.82","SABD0002000014","AAV2.0.0.13","4.0.0.2353","PSt7-10","000000-000","8/7/2024 3:37:09 PM","0000-00","0","no battery","V","215852","µV","96196","µV"
"08/11/2024","11:54:36","2","default","203499907","Sensor2","38.775","min","230.537","μmol/L","Humid","22.851","deg","94792","µV","18.540","°C","985.000","hPa","35.0","pmil","0","51.462","deg","22.621","°C","100.000","%a.s.","22.257","deg","22.682","°C","985.000","hPa","0.861","-0.02056","0.00035","-0.00011","0","14.7","Humid","28.35","0","65.20","249317.03","SABD0002000014","AAV2.0.0.13","4.0.0.2353","PSt7-10","000000-000","8/7/2024 3:37:09 PM","0000-00","0","no battery","V","215852","µV","96196","µV"
"08/11/2024","11:54:37","2","default","203499907","Sensor2","38.791","min","230.496","μmol/L","Humid","22.853","deg","94784","µV","18.540","°C","985.000","hPa","35.0","pmil","0","51.462","deg","22.621","°C","100.000","%a.s.","22.257","deg","22.682","°C","985.000","hPa","0.861","-0.02056","0.00035","-0.00011","0","14.7","Humid","28.35","0","65.20","249320.94","SABD0002000014","AAV2.0.0.13","4.0.0.2353","PSt7-10","000000-000","8/7/2024 3:37:09 PM","0000-00","0","no battery","V","215852","µV","96196","µV"
"08/11/2024","11:54:38","2","default","203499907","Sensor2","38.808","min","230.475","μmol/L","Humid","22.854","deg","94797","µV","18.540","°C","985.000","hPa","35.0","pmil","0","51.462","deg","22.621","°C","100.000","%a.s.","22.257","deg","22.682","°C","985.000","hPa","0.861","-0.02056","0.00035","-0.00011","0","14.7","Humid","28.35","0","65.20","249313.80","SABD0002000014","AAV2.0.0.13","4.0.0.2353","PSt7-10","000000-000","8/7/2024 3:37:09 PM","0000-00","0","no battery","V","215852","µV","96196","µV"
"08/11/2024","11:54:39","2","default","203499907","Sensor2","38.824","min","230.471","μmol/L","Humid","22.852","deg","94793","µV","18.546","°C","985.000","hPa","35.0","pmil","0","51.462","deg","22.621","°C","100.000","%a.s.","22.257","deg","22.682","°C","985.000","hPa","0.861","-0.02056","0.00035","-0.00011","0","14.7","Humid","28.35","0","65.20","249317.44","SABD0002000014","AAV2.0.0.13","4.0.0.2353","PSt7-10","000000-000","8/7/2024 3:37:09 PM","0000-00","0","no battery","V","215852","µV","96196","µV"
"08/11/2024","11:54:40","2","default","203499907","Sensor2","38.841","min","230.475","μmol/L","Humid","22.854","deg","94793","µV","18.540","°C","985.000","hPa","35.0","pmil","0","51.462","deg","22.621","°C","100.000","%a.s.","22.257","deg","22.682","°C","985.000","hPa","0.861","-0.02056","0.00035","-0.00011","0","14.7","Humid","28.35","0","65.20","249324.25","SABD0002000014","AAV2.0.0.13","4.0.0.2353","PSt7-10","000000-000","8/7/2024 3:37:09 PM","0000-00","0","no battery","V","215852","µV","96196","µV"
"08/11/2024","11:54:41","2","default","203499907","Sensor2","38.858","min","230.384","μmol/L","Humid","22.854","deg","94791","µV","18.552","°C","985.000","hPa","35.0","pmil","0","51.462","deg","22.621","°C","100.000","%a.s.","22.257","deg","22.682","°C","985.000","hPa","0.861","-0.02056","0.00035","-0.00011","0","14.7","Humid","28.35","0","65.20","249311.76","SABD0002000014","AAV2.0.0.13","4.0.0.2353","PSt7-10","000000-000","8/7/2024 3:37:09 PM","0000-00","0","no battery","V","215852","µV","96196","µV"
"08/11/2024","11:54:42","2","default","203499907","Sensor2","38.874","min","230.475","μmol/L","Humid","22.854","deg","94788","µV","18.540","°C","985.000","hPa","35.0","pmil","0","51.462","deg","22.621","°C","100.000","%a.s.","22.257","deg","22.682","°C","985.000","hPa","0.861","-0.02056","0.00035","-0.00011","0","14.7","Humid","28.35","0","65.20","249312.17","SABD0002000014","AAV2.0.0.13","4.0.0.2353","PSt7-10","000000-000","8/7/2024 3:37:09 PM","0000-00","0","no battery","V","215852","µV","96196","µV"
"08/11/2024","11:54:43","2","default","203499907","Sensor2","38.891","min","230.537","μmol/L","Humid","22.851","deg","94805","µV","18.540","°C","985.000","hPa","35.0","pmil","0","51.462","deg","22.621","°C","100.000","%a.s.","22.257","deg","22.682","°C","985.000","hPa","0.861","-0.02056","0.00035","-0.00011","0","14.7","Humid","28.35","0","65.20","249320.32","SABD0002000014","AAV2.0.0.13","4.0.0.2353","PSt7-10","000000-000","8/7/2024 3:37:09 PM","0000-00","0","no battery","V","215852","µV","96196","µV"
"08/11/2024","11:54:44","2","default","203499907","Sensor2","38.908","min","230.393","μmol/L","Humid","22.858","deg","94801","µV","18.540","°C","985.000","hPa","35.0","pmil","0","51.462","deg","22.621","°C","100.000","%a.s.","22.257","deg","22.682","°C","985.000","hPa","0.861","-0.02056","0.00035","-0.00011","0","14.7","Humid","28.35","0","65.20","249325.07","SABD0002000014","AAV2.0.0.13","4.0.0.2353","PSt7-10","000000-000","8/7/2024 3:37:09 PM","0000-00","0","no battery","V","215852","µV","96196","µV"
"08/11/2024","11:54:45","2","default","203499907","Sensor2","38.925","min","230.409","μmol/L","Humid","22.855","deg","94806","µV","18.546","°C","985.000","hPa","35.0","pmil","0","51.462","deg","22.621","°C","100.000","%a.s.","22.257","deg","22.682","°C","985.000","hPa","0.861","-0.02056","0.00035","-0.00011","0","14.7","Humid","28.35","0","65.20","249314.65","SABD0002000014","AAV2.0.0.13","4.0.0.2353","PSt7-10","000000-000","8/7/2024 3:37:09 PM","0000-00","0","no battery","V","215852","µV","96196","µV"
"08/11/2024","11:54:46","2","default","203499907","Sensor2","38.941","min","230.516","μmol/L","Humid","22.852","deg","94800","µV","18.540","°C","985.000","hPa","35.0","pmil","0","51.462","deg","22.621","°C","100.000","%a.s.","22.257","deg","22.682","°C","985.000","hPa","0.861","-0.02056","0.00035","-0.00011","0","14.7","Humid","28.35","0","65.20","249307.52","SABD0002000014","AAV2.0.0.13","4.0.0.2353","PSt7-10","000000-000","8/7/2024 3:37:09 PM","0000-00","0","no battery","V","215852","µV","96196","µV"
"08/11/2024","11:54:47","2","default","203499907","Sensor2","38.958","min","230.454","μmol/L","Humid","22.855","deg","94808","µV","18.540","°C","985.000","hPa","35.0","pmil","0","51.462","deg","22.621","°C","100.000","%a.s.","22.257","deg","22.682","°C","985.000","hPa","0.861","-0.02056","0.00035","-0.00011","0","14.7","Humid","28.35","0","65.20","249318.45","SABD0002000014","AAV2.0.0.13","4.0.0.2353","PSt7-10","000000-000","8/7/2024 3:37:09 PM","0000-00","0","no battery","V","215852","µV","96196","µV"
"08/11/2024","11:54:48","2","default","203499907","Sensor2","38.975","min","230.450","μmol/L","Humid","22.853","deg","94807","µV","18.546","°C","985.000","hPa","35.0","pmil","0","51.462","deg","22.621","°C","100.000","%a.s.","22.257","deg","22.682","°C","985.000","hPa","0.861","-0.02056","0.00035","-0.00011","0","14.7","Humid","28.35","0","65.20","249302.95","SABD0002000014","AAV2.0.0.13","4.0.0.2353","PSt7-10","000000-000","8/7/2024 3:37:09 PM","0000-00","0","no battery","V","215852","µV","96196","µV"
"08/11/2024","11:54:49","2","default","203499907","Sensor2","38.991","min","230.430","μmol/L","Humid","22.854","deg","94808","µV","18.546","°C","985.000","hPa","35.0","pmil","0","51.462","deg","22.621","°C","100.000","%a.s.","22.257","deg","22.682","°C","985.000","hPa","0.861","-0.02056","0.00035","-0.00011","0","14.7","Humid","28.35","0","65.20","249309.27","SABD0002000014","AAV2.0.0.13","4.0.0.2353","PSt7-10","000000-000","8/7/2024 3:37:09 PM","0000-00","0","no battery","V","215852","µV","96196","µV"
"08/11/2024","11:54:50","2","default","203499907","Sensor2","39.008","min","230.393","μmol/L","Humid","22.858","deg","94808","µV","18.540","°C","985.000","hPa","35.0","pmil","0","51.462","deg","22.621","°C","100.000","%a.s.","22.257","deg","22.682","°C","985.000","hPa","0.861","-0.02056","0.00035","-0.00011","0","14.7","Humid","28.35","0","65.20","249311.65","SABD0002000014","AAV2.0.0.13","4.0.0.2353","PSt7-10","000000-000","8/7/2024 3:37:09 PM","0000-00","0","no battery","V","215852","µV","96196","µV"
"08/11/2024","11:54:51","2","default","203499907","Sensor2","39.024","min","230.327","μmol/L","Humid","22.859","deg","94807","µV","18.546","°C","985.000","hPa","35.0","pmil","0","51.462","deg","22.621","°C","100.000","%a.s.","22.257","deg","22.682","°C","985.000","hPa","0.861","-0.02056","0.00035","-0.00011","0","14.7","Humid","28.35","0","65.20","249308.23","SABD0002000014","AAV2.0.0.13","4.0.0.2353","PSt7-10","000000-000","8/7/2024 3:37:09 PM","0000-00","0","no battery","V","215852","µV","96196","µV"
"08/11/2024","11:54:52","2","default","203499907","Sensor2","39.041","min","230.393","μmol/L","Humid","22.858","deg","94809","µV","18.540","°C","985.000","hPa","35.0","pmil","0","51.462","deg","22.621","°C","100.000","%a.s.","22.257","deg","22.682","°C","985.000","hPa","0.861","-0.02056","0.00035","-0.00011","0","14.7","Humid","28.35","0","65.20","249316.72","SABD0002000014","AAV2.0.0.13","4.0.0.2353","PSt7-10","000000-000","8/7/2024 3:37:09 PM","0000-00","0","no battery","V","215852","µV","96196","µV"
"08/11/2024","11:54:53","2","default","203499907","Sensor2","39.058","min","230.388","μmol/L","Humid","22.856","deg","94817","µV","18.546","°C","985.000","hPa","35.0","pmil","0","51.462","deg","22.621","°C","100.000","%a.s.","22.257","deg","22.682","°C","985.000","hPa","0.861","-0.02056","0.00035","-0.00011","0","14.7","Humid","28.35","0","65.20","249315.92","SABD0002000014","AAV2.0.0.13","4.0.0.2353","PSt7-10","000000-000","8/7/2024 3:37:09 PM","0000-00","0","no battery","V","215852","µV","96196","µV"
"08/11/2024","11:54:54","2","default","203499907","Sensor2","39.075","min","230.454","μmol/L","Humid","22.855","deg","94816","µV","18.540","°C","985.000","hPa","35.0","pmil","0","51.462","deg","22.621","°C","100.000","%a.s.","22.257","deg","22.682","°C","985.000","hPa","0.861","-0.02056","0.00035","-0.00011","0","14.7","Humid","28.35","0","65.20","249314.28","SABD0002000014","AAV2.0.0.13","4.0.0.2353","PSt7-10","000000-000","8/7/2024 3:37:09 PM","0000-00","0","no battery","V","215852","µV","96196","µV"
"08/11/2024","11:54:55","2","default","203499907","Sensor2","39.091","min","230.409","μmol/L","Humid","22.855","deg","94814","µV","18.546","°C","985.000","hPa","35.0","pmil","0","51.462","deg","22.621","°C","100.000","%a.s.","22.257","deg","22.682","°C","985.000","hPa","0.861","-0.02056","0.00035","-0.00011","0","14.7","Humid","28.35","0","65.20","249302.30","SABD0002000014","AAV2.0.0.13","4.0.0.2353","PSt7-10","000000-000","8/7/2024 3:37:09 PM","0000-00","0","no battery","V","215852","µV","96196","µV"
"08/11/2024","11:54:56","2","default","203499907","Sensor2","39.108","min","230.306","μmol/L","Humid","22.860","deg","94816","µV","18.546","°C","985.000","hPa","35.0","pmil","0","51.462","deg","22.621","°C","100.000","%a.s.","22.257","deg","22.682","°C","985.000","hPa","0.861","-0.02056","0.00035","-0.00011","0","14.7","Humid","28.35","0","65.20","249324.00","SABD0002000014","AAV2.0.0.13","4.0.0.2353","PSt7-10","000000-000","8/7/2024 3:37:09 PM","0000-00","0","no battery","V","215852","µV","96196","µV"
"08/11/2024","11:54:57","2","default","203499907","Sensor2","39.125","min","230.285","μmol/L","Humid","22.861","deg","94822","µV","18.546","°C","985.000","hPa","35.0","pmil","0","51.462","deg","22.621","°C","100.000","%a.s.","22.257","deg","22.682","°C","985.000","hPa","0.861","-0.02056","0.00035","-0.00011","0","14.7","Humid","28.35","0","65.20","249318.14","SABD0002000014","AAV2.0.0.13","4.0.0.2353","PSt7-10","000000-000","8/7/2024 3:37:09 PM","0000-00","0","no battery","V","215852","µV","96196","µV"
"08/11/2024","11:54:58","2","default","203499907","Sensor2","39.142","min","230.310","μmol/L","Humid","22.862","deg","94822","µV","18.540","°C","985.000","hPa","35.0","pmil","0","51.462","deg","22.621","°C","100.000","%a.s.","22.257","deg","22.682","°C","985.000","hPa","0.861","-0.02056","0.00035","-0.00011","0","14.7","Humid","28.35","0","65.20","249310.41","SABD0002000014","AAV2.0.0.13","4.0.0.2353","PSt7-10","000000-000","8/7/2024 3:37:09 PM","0000-00","0","no battery","V","215852","µV","96196","µV"
"08/11/2024","11:54:59","2","default","203499907","Sensor2","39.158","min","230.372","μmol/L","Humid","22.859","deg","94817","µV","18.540","°C","985.000","hPa","35.0","pmil","0","51.462","deg","22.621","°C","100.000","%a.s.","22.257","deg","22.682","°C","985.000","hPa","0.861","-0.02056","0.00035","-0.00011","0","14.7","Humid","28.35","0","65.20","249297.45","SABD0002000014","AAV2.0.0.13","4.0.0.2353","PSt7-10","000000-000","8/7/2024 3:37:09 PM","0000-00","0","no battery","V","215852","µV","96196","µV"
"08/11/2024","11:55:00","2","default","203499907","Sensor2","39.175","min","230.393","μmol/L","Humid","22.858","deg","94832","µV","18.540","°C","985.000","hPa","35.0","pmil","0","51.462","deg","22.621","°C","100.000","%a.s.","22.257","deg","22.682","°C","985.000","hPa","0.861","-0.02056","0.00035","-0.00011","0","14.7","Humid","28.35","0","65.20","249320.91","SABD0002000014","AAV2.0.0.13","4.0.0.2353","PSt7-10","000000-000","8/7/2024 3:37:09 PM","0000-00","0","no battery","V","215852","µV","96196","µV"
"08/11/2024","11:55:01","2","default","203499907","Sensor2","39.191","min","230.356","μmol/L","Humid","22.862","deg","94825","µV","18.534","°C","985.000","hPa","35.0","pmil","0","51.462","deg","22.621","°C","100.000","%a.s.","22.257","deg","22.682","°C","985.000","hPa","0.861","-0.02056","0.00035","-0.00011","0","14.7","Humid","28.35","0","65.20","249320.02","SABD0002000014","AAV2.0.0.13","4.0.0.2353","PSt7-10","000000-000","8/7/2024 3:37:09 PM","0000-00","0","no battery","V","215852","µV","96196","µV"
"08/11/2024","11:55:02","2","default","203499907","Sensor2","39.208","min","230.269","μmol/L","Humid","22.864","deg","94829","µV","18.540","°C","985.000","hPa","35.0","pmil","0","51.462","deg","22.621","°C","100.000","%a.s.","22.257","deg","22.682","°C","985.000","hPa","0.861","-0.02056","0.00035","-0.00011","0","14.7","Humid","28.35","0","65.20","249319.80","SABD0002000014","AAV2.0.0.13","4.0.0.2353","PSt7-10","000000-000","8/7/2024 3:37:09 PM","0000-00","0","no battery","V","215852","µV","96196","µV"
"08/11/2024","11:55:03","2","default","203499907","Sensor2","39.224","min","230.306","μmol/L","Humid","22.860","deg","94830","µV","18.546","°C","985.000","hPa","35.0","pmil","0","51.462","deg","22.621","°C","100.000","%a.s.","22.257","deg","22.682","°C","985.000","hPa","0.861","-0.02056","0.00035","-0.00011","0","14.7","Humid","28.35","0","65.20","249309.94","SABD0002000014","AAV2.0.0.13","4.0.0.2353","PSt7-10","000000-000","8/7/2024 3:37:09 PM","0000-00","0","no battery","V","215852","µV","96196","µV"
"08/11/2024","11:55:04","2","default","203499907","Sensor2","39.241","min","230.244","μmol/L","Humid","22.863","deg","94826","µV","18.546","°C","985.000","hPa","35.0","pmil","0","51.462","deg","22.621","°C","100.000","%a.s.","22.257","deg","22.682","°C","985.000","hPa","0.861","-0.02056","0.00035","-0.00011","0","14.7","Humid","28.35","0","65.20","249307.39","SABD0002000014","AAV2.0.0.13","4.0.0.2353","PSt7-10","000000-000","8/7/2024 3:37:09 PM","0000-00","0","no battery","V","215852","µV","96196","µV"
"08/11/2024","11:55:05","2","default","203499907","Sensor2","39.258","min","230.265","μmol/L","Humid","22.862","deg","94830","µV","18.546","°C","985.000","hPa","35.0","pmil","0","51.462","deg","22.621","°C","100.000","%a.s.","22.257","deg","22.682","°C","985.000","hPa","0.861","-0.02056","0.00035","-0.00011","0","14.7","Humid","28.35","0","65.20","249302.49","SABD0002000014","AAV2.0.0.13","4.0.0.2353","PSt7-10","000000-000","8/7/2024 3:37:09 PM","0000-00","0","no battery","V","215852","µV","96196","µV"
"08/11/2024","11:55:06","2","default","203499907","Sensor2","39.275","min","230.244","μmol/L","Humid","22.863","deg","94829","µV","18.546","°C","985.000","hPa","35.0","pmil","0","51.462","deg","22.621","°C","100.000","%a.s.","22.257","deg","22.682","°C","985.000","hPa","0.861","-0.02056","0.00035","-0.00011","0","14.7","Humid","28.35","0","65.20","249302.14","SABD0002000014","AAV2.0.0.13","4.0.0.2353","PSt7-10","000000-000","8/7/2024 3:37:09 PM","0000-00","0","no battery","V","215852","µV","96196","µV"
"08/11/2024","11:55:07","2","default","203499907","Sensor2","39.291","min","230.265","μmol/L","Humid","22.862","deg","94826","µV","18.546","°C","985.000","hPa","35.0","pmil","0","51.462","deg","22.621","°C","100.000","%a.s.","22.257","deg","22.682","°C","985.000","hPa","0.861","-0.02056","0.00035","-0.00011","0","14.7","Humid","28.35","0","65.20","249293.87","SABD0002000014","AAV2.0.0.13","4.0.0.2353","PSt7-10","000000-000","8/7/2024 3:37:09 PM","0000-00","0","no battery","V","215852","µV","96196","µV"
"08/11/2024","11:55:08","2","default","203499907","Sensor2","39.308","min","230.285","μmol/L","Humid","22.861","deg","94842","µV","18.546","°C","985.000","hPa","35.0","pmil","0","51.462","deg","22.621","°C","100.000","%a.s.","22.257","deg","22.682","°C","985.000","hPa","0.861","-0.02056","0.00035","-0.00011","0","14.7","Humid","28.35","0","65.20","249306.88","SABD0002000014","AAV2.0.0.13","4.0.0.2353","PSt7-10","000000-000","8/7/2024 3:37:09 PM","0000-00","0","no battery","V","215852","µV","96196","µV"
"08/11/2024","11:55:09","2","default","203499907","Sensor2","39.325","min","230.290","μmol/L","Humid","22.863","deg","94842","µV","18.540","°C","985.000","hPa","35.0","pmil","0","51.462","deg","22.621","°C","100.000","%a.s.","22.257","deg","22.682","°C","985.000","hPa","0.861","-0.02056","0.00035","-0.00011","0","14.7","Humid","28.35","0","65.20","249307.64","SABD0002000014","AAV2.0.0.13","4.0.0.2353","PSt7-10","000000-000","8/7/2024 3:37:09 PM","0000-00","0","no battery","V","215852","µV","96196","µV"
"08/11/2024","11:55:10","2","default","203499907","Sensor2","39.342","min","230.269","μmol/L","Humid","22.864","deg","94841","µV","18.540","°C","985.000","hPa","35.0","pmil","0","51.462","deg","22.621","°C","100.000","%a.s.","22.257","deg","22.682","°C","985.000","hPa","0.861","-0.02056","0.00035","-0.00011","0","14.7","Humid","28.35","0","65.20","249305.64","SABD0002000014","AAV2.0.0.13","4.0.0.2353","PSt7-10","000000-000","8/7/2024 3:37:09 PM","0000-00","0","no battery","V","215852","µV","96196","µV"
"08/11/2024","11:55:11","2","default","203499907","Sensor2","39.358","min","230.294","μmol/L","Humid","22.865","deg","94837","µV","18.534","°C","985.000","hPa","35.0","pmil","0","51.462","deg","22.621","°C","100.000","%a.s.","22.257","deg","22.682","°C","985.000","hPa","0.861","-0.02056","0.00035","-0.00011","0","14.7","Humid","28.35","0","65.20","249301.99","SABD0002000014","AAV2.0.0.13","4.0.0.2353","PSt7-10","000000-000","8/7/2024 3:37:09 PM","0000-00","0","no battery","V","215852","µV","96196","µV"
"08/11/2024","11:55:12","2","default","203499907","Sensor2","39.375","min","230.121","μmol/L","Humid","22.869","deg","94832","µV","18.546","°C","985.000","hPa","35.0","pmil","0","51.462","deg","22.621","°C","100.000","%a.s.","22.257","deg","22.682","°C","985.000","hPa","0.861","-0.02056","0.00035","-0.00011","0","14.7","Humid","28.35","0","65.20","249302.20","SABD0002000014","AAV2.0.0.13","4.0.0.2353","PSt7-10","000000-000","8/7/2024 3:37:09 PM","0000-00","0","no battery","V","215852","µV","96196","µV"
"08/11/2024","11:55:13","2","default","203499907","Sensor2","39.392","min","230.335","μmol/L","Humid","22.863","deg","94839","µV","18.534","°C","985.000","hPa","35.0","pmil","0","51.462","deg","22.621","°C","100.000","%a.s.","22.257","deg","22.682","°C","985.000","hPa","0.861","-0.02056","0.00035","-0.00011","0","14.7","Humid","28.35","0","65.20","249315.26","SABD0002000014","AAV2.0.0.13","4.0.0.2353","PSt7-10","000000-000","8/7/2024 3:37:09 PM","0000-00","0","no battery","V","215852","µV","96196","µV"
"08/11/2024","11:55:14","2","default","203499907","Sensor2","39.408","min","230.203","μmol/L","Humid","22.865","deg","94841","µV","18.546","°C","985.000","hPa","35.0","pmil","0","51.462","deg","22.621","°C","100.000","%a.s.","22.257","deg","22.682","°C","985.000","hPa","0.861","-0.02056","0.00035","-0.00011","0","14.7","Humid","28.35","0","65.20","249302.47","SABD0002000014","AAV2.0.0.13","4.0.0.2353","PSt7-10","000000-000","8/7/2024 3:37:09 PM","0000-00","0","no battery","V","215852","µV","96196","µV"
"08/11/2024","11:55:15","2","default","203499907","Sensor2","39.425","min","230.253","μmol/L","Humid","22.867","deg","94848","µV","18.534","°C","985.000","hPa","35.0","pmil","0","51.462","deg","22.621","°C","100.000","%a.s.","22.257","deg","22.682","°C","985.000","hPa","0.861","-0.02056","0.00035","-0.00011","0","14.7","Humid","28.35","0","65.20","249303.81","SABD0002000014","AAV2.0.0.13","4.0.0.2353","PSt7-10","000000-000","8/7/2024 3:37:09 PM","0000-00","0","no battery","V","215852","µV","96196","µV"
"08/11/2024","11:55:16","2","default","203499907","Sensor2","39.441","min","230.100","μmol/L","Humid","22.870","deg","94841","µV","18.546","°C","985.000","hPa","35.0","pmil","0","51.462","deg","22.621","°C","100.000","%a.s.","22.257","deg","22.682","°C","985.000","hPa","0.861","-0.02056","0.00035","-0.00011","0","14.7","Humid","28.35","0","65.20","249312.84","SABD0002000014","AAV2.0.0.13","4.0.0.2353","PSt7-10","000000-000","8/7/2024 3:37:09 PM","0000-00","0","no battery","V","215852","µV","96196","µV"
"08/11/2024","11:55:17","2","default","203499907","Sensor2","39.458","min","230.315","μmol/L","Humid","22.864","deg","94855","µV","18.534","°C","985.000","hPa","35.0","pmil","0","51.462","deg","22.621","°C","100.000","%a.s.","22.257","deg","22.682","°C","985.000","hPa","0.861","-0.02056","0.00035","-0.00011","0","14.7","Humid","28.35","0","65.20","249306.00","SABD0002000014","AAV2.0.0.13","4.0.0.2353","PSt7-10","000000-000","8/7/2024 3:37:09 PM","0000-00","0","no battery","V","215852","µV","96196","µV"
"08/11/2024","11:55:18","2","default","203499907","Sensor2","39.474","min","230.249","μmol/L","Humid","22.865","deg","94855","µV","18.540","°C","985.000","hPa","35.0","pmil","0","51.462","deg","22.621","°C","100.000","%a.s.","22.257","deg","22.682","°C","985.000","hPa","0.861","-0.02056","0.00035","-0.00011","0","14.7","Humid","28.35","0","65.20","249303.15","SABD0002000014","AAV2.0.0.13","4.0.0.2353","PSt7-10","000000-000","8/7/2024 3:37:09 PM","0000-00","0","no battery","V","215852","µV","96196","µV"
"08/11/2024","11:55:19","2","default","203499907","Sensor2","39.491","min","230.096","μmol/L","Humid","22.868","deg","94855","µV","18.552","°C","985.000","hPa","35.0","pmil","0","51.462","deg","22.621","°C","100.000","%a.s.","22.257","deg","22.682","°C","985.000","hPa","0.861","-0.02056","0.00035","-0.00011","0","14.7","Humid","28.35","0","65.20","249319.71","SABD0002000014","AAV2.0.0.13","4.0.0.2353","PSt7-10","000000-000","8/7/2024 3:37:09 PM","0000-00","0","no battery","V","215852","µV","96196","µV"
"08/11/2024","11:55:20","2","default","203499907","Sensor2","39.508","min","230.080","μmol/L","Humid","22.871","deg","94856","µV","18.546","°C","985.000","hPa","35.0","pmil","0","51.462","deg","22.621","°C","100.000","%a.s.","22.257","deg","22.682","°C","985.000","hPa","0.861","-0.02056","0.00035","-0.00011","0","14.7","Humid","28.35","0","65.20","249306.91","SABD0002000014","AAV2.0.0.13","4.0.0.2353","PSt7-10","000000-000","8/7/2024 3:37:09 PM","0000-00","0","no battery","V","215852","µV","96196","µV"
"08/11/2024","11:55:21","2","default","203499907","Sensor2","39.525","min","230.080","μmol/L","Humid","22.871","deg","94863","µV","18.546","°C","985.000","hPa","35.0","pmil","0","51.462","deg","22.621","°C","100.000","%a.s.","22.257","deg","22.682","°C","985.000","hPa","0.861","-0.02056","0.00035","-0.00011","0","14.7","Humid","28.35","0","65.20","249310.87","SABD0002000014","AAV2.0.0.13","4.0.0.2353","PSt7-10","000000-000","8/7/2024 3:37:09 PM","0000-00","0","no battery","V","215852","µV","96196","µV"
"08/11/2024","11:55:22","2","default","203499907","Sensor2","39.541","min","230.166","μmol/L","Humid","22.869","deg","94859","µV","18.540","°C","985.000","hPa","35.0","pmil","0","51.462","deg","22.621","°C","100.000","%a.s.","22.257","deg","22.682","°C","985.000","hPa","0.861","-0.02056","0.00035","-0.00011","0","14.7","Humid","28.35","0","65.20","249310.99","SABD0002000014","AAV2.0.0.13","4.0.0.2353","PSt7-10","000000-000","8/7/2024 3:37:09 PM","0000-00","0","no battery","V","215852","µV","96196","µV"
"08/11/2024","11:55:23","2","default","203499907","Sensor2","39.558","min","230.253","μmol/L","Humid","22.867","deg","94858","µV","18.534","°C","985.000","hPa","35.0","pmil","0","51.462","deg","22.621","°C","100.000","%a.s.","22.257","deg","22.682","°C","985.000","hPa","0.861","-0.02056","0.00035","-0.00011","0","14.7","Humid","28.35","0","65.20","249304.29","SABD0002000014","AAV2.0.0.13","4.0.0.2353","PSt7-10","000000-000","8/7/2024 3:37:09 PM","0000-00","0","no battery","V","215852","µV","96196","µV"
"08/11/2024","11:55:24","2","default","203499907","Sensor2","39.575","min","230.121","μmol/L","Humid","22.869","deg","94865","µV","18.546","°C","985.000","hPa","35.0","pmil","0","51.462","deg","22.621","°C","100.000","%a.s.","22.257","deg","22.682","°C","985.000","hPa","0.861","-0.02056","0.00035","-0.00011","0","14.7","Humid","28.35","0","65.20","249303.17","SABD0002000014","AAV2.0.0.13","4.0.0.2353","PSt7-10","000000-000","8/7/2024 3:37:09 PM","0000-00","0","no battery","V","215852","µV","96196","µV"
"08/11/2024","11:55:25","2","default","203499907","Sensor2","39.592","min","230.166","μmol/L","Humid","22.869","deg","94862","µV","18.540","°C","985.000","hPa","35.0","pmil","0","51.462","deg","22.621","°C","100.000","%a.s.","22.257","deg","22.682","°C","985.000","hPa","0.861","-0.02056","0.00035","-0.00011","0","14.7","Humid","28.35","0","65.20","249301.64","SABD0002000014","AAV2.0.0.13","4.0.0.2353","PSt7-10","000000-000","8/7/2024 3:37:09 PM","0000-00","0","no battery","V","215852","µV","96196","µV"
"08/11/2024","11:55:26","2","default","203499907","Sensor2","39.608","min","230.059","μmol/L","Humid","22.872","deg","94860","µV","18.546","°C","985.000","hPa","35.0","pmil","0","51.462","deg","22.621","°C","100.000","%a.s.","22.257","deg","22.682","°C","985.000","hPa","0.861","-0.02056","0.00035","-0.00011","0","14.7","Humid","28.35","0","65.20","249293.64","SABD0002000014","AAV2.0.0.13","4.0.0.2353","PSt7-10","000000-000","8/7/2024 3:37:09 PM","0000-00","0","no battery","V","215852","µV","96196","µV"
"08/11/2024","11:55:27","2","default","203499907","Sensor2","39.625","min","230.207","μmol/L","Humid","22.867","deg","94871","µV","18.540","°C","985.000","hPa","35.0","pmil","0","51.462","deg","22.621","°C","100.000","%a.s.","22.257","deg","22.682","°C","985.000","hPa","0.861","-0.02056","0.00035","-0.00011","0","14.7","Humid","28.35","0","65.20","249312.05","SABD0002000014","AAV2.0.0.13","4.0.0.2353","PSt7-10","000000-000","8/7/2024 3:37:09 PM","0000-00","0","no battery","V","215852","µV","96196","µV"
"08/11/2024","11:55:28","2","default","203499907","Sensor2","39.641","min","230.104","μmol/L","Humid","22.872","deg","94862","µV","18.540","°C","985.000","hPa","35.0","pmil","0","51.462","deg","22.621","°C","100.000","%a.s.","22.257","deg","22.682","°C","985.000","hPa","0.861","-0.02056","0.00035","-0.00011","0","14.7","Humid","28.35","0","65.20","249307.66","SABD0002000014","AAV2.0.0.13","4.0.0.2353","PSt7-10","000000-000","8/7/2024 3:37:09 PM","0000-00","0","no battery","V","215852","µV","96196","µV"
"08/11/2024","11:55:29","2","default","203499907","Sensor2","39.658","min","230.039","μmol/L","Humid","22.873","deg","94869","µV","18.546","°C","985.000","hPa","35.0","pmil","0","51.462","deg","22.621","°C","100.000","%a.s.","22.257","deg","22.682","°C","985.000","hPa","0.861","-0.02056","0.00035","-0.00011","0","14.7","Humid","28.35","0","65.20","249300.53","SABD0002000014","AAV2.0.0.13","4.0.0.2353","PSt7-10","000000-000","8/7/2024 3:37:09 PM","0000-00","0","no battery","V","215852","µV","96196","µV"
"08/11/2024","11:55:30","2","default","203499907","Sensor2","39.674","min","230.191","μmol/L","Humid","22.870","deg","94868","µV","18.534","°C","985.000","hPa","35.0","pmil","0","51.462","deg","22.621","°C","100.000","%a.s.","22.257","deg","22.682","°C","985.000","hPa","0.861","-0.02056","0.00035","-0.00011","0","14.7","Humid","28.35","0","65.20","249298.72","SABD0002000014","AAV2.0.0.13","4.0.0.2353","PSt7-10","000000-000","8/7/2024 3:37:09 PM","0000-00","0","no battery","V","215852","µV","96196","µV"
"08/11/2024","11:55:31","2","default","203499907","Sensor2","39.691","min","230.018","μmol/L","Humid","22.874","deg","94872","µV","18.546","°C","985.000","hPa","35.0","pmil","0","51.462","deg","22.621","°C","100.000","%a.s.","22.257","deg","22.682","°C","985.000","hPa","0.861","-0.02056","0.00035","-0.00011","0","14.7","Humid","28.35","0","65.20","249297.95","SABD0002000014","AAV2.0.0.13","4.0.0.2353","PSt7-10","000000-000","8/7/2024 3:37:09 PM","0000-00","0","no battery","V","215852","µV","96196","µV"
"08/11/2024","11:55:32","2","default","203499907","Sensor2","39.708","min","230.088","μmol/L","Humid","22.875","deg","94877","µV","18.534","°C","985.000","hPa","35.0","pmil","0","51.462","deg","22.621","°C","100.000","%a.s.","22.257","deg","22.682","°C","985.000","hPa","0.861","-0.02056","0.00035","-0.00011","0","14.7","Humid","28.35","0","65.20","249304.99","SABD0002000014","AAV2.0.0.13","4.0.0.2353","PSt7-10","000000-000","8/7/2024 3:37:09 PM","0000-00","0","no battery","V","215852","µV","96196","µV"
"08/11/2024","11:55:33","2","default","203499907","Sensor2","39.725","min","230.063","μmol/L","Humid","22.874","deg","94881","µV","18.540","°C","985.000","hPa","35.0","pmil","0","51.462","deg","22.621","°C","100.000","%a.s.","22.257","deg","22.682","°C","985.000","hPa","0.861","-0.02056","0.00035","-0.00011","0","14.7","Humid","28.35","0","65.20","249298.19","SABD0002000014","AAV2.0.0.13","4.0.0.2353","PSt7-10","000000-000","8/7/2024 3:37:09 PM","0000-00","0","no battery","V","215852","µV","96196","µV"
"08/11/2024","11:55:34","2","default","203499907","Sensor2","39.742","min","230.088","μmol/L","Humid","22.875","deg","94877","µV","18.534","°C","985.000","hPa","35.0","pmil","0","51.462","deg","22.621","°C","100.000","%a.s.","22.257","deg","22.682","°C","985.000","hPa","0.861","-0.02056","0.00035","-0.00011","0","14.7","Humid","28.35","0","65.20","249305.39","SABD0002000014","AAV2.0.0.13","4.0.0.2353","PSt7-10","000000-000","8/7/2024 3:37:09 PM","0000-00","0","no battery","V","215852","µV","96196","µV"
"08/11/2024","11:55:35","2","default","203499907","Sensor2","39.758","min","230.100","μmol/L","Humid","22.870","deg","94882","µV","18.546","°C","985.000","hPa","35.0","pmil","0","51.462","deg","22.621","°C","100.000","%a.s.","22.257","deg","22.682","°C","985.000","hPa","0.861","-0.02056","0.00035","-0.00011","0","14.7","Humid","28.35","0","65.20","249299.39","SABD0002000014","AAV2.0.0.13","4.0.0.2353","PSt7-10","000000-000","8/7/2024 3:37:09 PM","0000-00","0","no battery","V","215852","µV","96196","µV"
"08/11/2024","11:55:36","2","default","203499907","Sensor2","39.775","min","229.977","μmol/L","Humid","22.876","deg","94880","µV","18.546","°C","985.000","hPa","35.0","pmil","0","51.462","deg","22.621","°C","100.000","%a.s.","22.257","deg","22.682","°C","985.000","hPa","0.861","-0.02056","0.00035","-0.00011","0","14.7","Humid","28.35","0","65.20","249304.90","SABD0002000014","AAV2.0.0.13","4.0.0.2353","PSt7-10","000000-000","8/7/2024 3:37:09 PM","0000-00","0","no battery","V","215852","µV","96196","µV"
"08/11/2024","11:55:37","2","default","203499907","Sensor2","39.792","min","230.018","μmol/L","Humid","22.874","deg","94880","µV","18.546","°C","985.000","hPa","35.0","pmil","0","51.462","deg","22.621","°C","100.000","%a.s.","22.257","deg","22.682","°C","985.000","hPa","0.861","-0.02056","0.00035","-0.00011","0","14.7","Humid","28.35","0","65.20","249288.23","SABD0002000014","AAV2.0.0.13","4.0.0.2353","PSt7-10","000000-000","8/7/2024 3:37:09 PM","0000-00","0","no battery","V","215852","µV","96196","µV"
"08/11/2024","11:55:38","2","default","203499907","Sensor2","39.808","min","230.063","μmol/L","Humid","22.874","deg","94870","µV","18.540","°C","985.000","hPa","35.0","pmil","0","51.462","deg","22.621","°C","100.000","%a.s.","22.257","deg","22.682","°C","985.000","hPa","0.861","-0.02056","0.00035","-0.00011","0","14.7","Humid","28.35","0","65.20","249297.70","SABD0002000014","AAV2.0.0.13","4.0.0.2353","PSt7-10","000000-000","8/7/2024 3:37:09 PM","0000-00","0","no battery","V","215852","µV","96196","µV"
"08/11/2024","11:55:39","2","default","203499907","Sensor2","39.824","min","230.088","μmol/L","Humid","22.875","deg","94885","µV","18.534","°C","985.000","hPa","35.0","pmil","0","51.462","deg","22.621","°C","100.000","%a.s.","22.257","deg","22.682","°C","985.000","hPa","0.861","-0.02056","0.00035","-0.00011","0","14.7","Humid","28.35","0","65.20","249300.21","SABD0002000014","AAV2.0.0.13","4.0.0.2353","PSt7-10","000000-000","8/7/2024 3:37:09 PM","0000-00","0","no battery","V","215852","µV","96196","µV"
"08/11/2024","11:55:40","2","default","203499907","Sensor2","39.841","min","229.940","μmol/L","Humid","22.880","deg","94885","µV","18.540","°C","985.000","hPa","35.0","pmil","0","51.462","deg","22.621","°C","100.000","%a.s.","22.257","deg","22.682","°C","985.000","hPa","0.861","-0.02056","0.00035","-0.00011","0","14.7","Humid","28.35","0","65.20","249290.83","SABD0002000014","AAV2.0.0.13","4.0.0.2353","PSt7-10","000000-000","8/7/2024 3:37:09 PM","0000-00","0","no battery","V","215852","µV","96196","µV"
"08/11/2024","11:55:41","2","default","203499907","Sensor2","39.858","min","229.936","μmol/L","Humid","22.878","deg","94889","µV","18.546","°C","985.000","hPa","35.0","pmil","0","51.462","deg","22.621","°C","100.000","%a.s.","22.257","deg","22.682","°C","985.000","hPa","0.861","-0.02056","0.00035","-0.00011","0","14.7","Humid","28.35","0","65.20","249303.20","SABD0002000014","AAV2.0.0.13","4.0.0.2353","PSt7-10","000000-000","8/7/2024 3:37:09 PM","0000-00","0","no battery","V","215852","µV","96196","µV"
"08/11/2024","11:55:42","2","default","203499907","Sensor2","39.874","min","229.961","μmol/L","Humid","22.879","deg","94884","µV","18.540","°C","985.000","hPa","35.0","pmil","0","51.462","deg","22.621","°C","100.000","%a.s.","22.257","deg","22.682","°C","985.000","hPa","0.861","-0.02056","0.00035","-0.00011","0","14.7","Humid","28.35","0","65.20","249293.41","SABD0002000014","AAV2.0.0.13","4.0.0.2353","PSt7-10","000000-000","8/7/2024 3:37:09 PM","0000-00","0","no battery","V","215852","µV","96196","µV"
"08/11/2024","11:55:43","2","default","203499907","Sensor2","39.891","min","229.981","μmol/L","Humid","22.878","deg","94891","µV","18.540","°C","985.000","hPa","35.0","pmil","0","51.462","deg","22.621","°C","100.000","%a.s.","22.257","deg","22.682","°C","985.000","hPa","0.861","-0.02056","0.00035","-0.00011","0","14.7","Humid","28.35","0","65.20","249294.98","SABD0002000014","AAV2.0.0.13","4.0.0.2353","PSt7-10","000000-000","8/7/2024 3:37:09 PM","0000-00","0","no battery","V","215852","µV","96196","µV"
"08/11/2024","11:55:44","2","default","203499907","Sensor2","39.908","min","229.899","μmol/L","Humid","22.882","deg","94898","µV","18.540","°C","985.000","hPa","35.0","pmil","0","51.462","deg","22.621","°C","100.000","%a.s.","22.257","deg","22.682","°C","985.000","hPa","0.861","-0.02056","0.00035","-0.00011","0","14.7","Humid","28.35","0","65.20","249299.63","SABD0002000014","AAV2.0.0.13","4.0.0.2353","PSt7-10","000000-000","8/7/2024 3:37:09 PM","0000-00","0","no battery","V","215852","µV","96196","µV"
"08/11/2024","11:55:45","2","default","203499907","Sensor2","39.925","min","230.002","μmol/L","Humid","22.877","deg","94895","µV","18.540","°C","985.000","hPa","35.0","pmil","0","51.462","deg","22.621","°C","100.000","%a.s.","22.257","deg","22.682","°C","985.000","hPa","0.861","-0.02056","0.00035","-0.00011","0","14.7","Humid","28.35","0","65.20","249297.22","SABD0002000014","AAV2.0.0.13","4.0.0.2353","PSt7-10","000000-000","8/7/2024 3:37:09 PM","0000-00","0","no battery","V","215852","µV","96196","µV"
"08/11/2024","11:55:46","2","default","203499907","Sensor2","39.941","min","229.915","μmol/L","Humid","22.879","deg","94894","µV","18.546","°C","985.000","hPa","35.0","pmil","0","51.462","deg","22.621","°C","100.000","%a.s.","22.257","deg","22.682","°C","985.000","hPa","0.861","-0.02056","0.00035","-0.00011","0","14.7","Humid","28.35","0","65.20","249300.71","SABD0002000014","AAV2.0.0.13","4.0.0.2353","PSt7-10","000000-000","8/7/2024 3:37:09 PM","0000-00","0","no battery","V","215852","µV","96196","µV"
"08/11/2024","11:55:47","2","default","203499907","Sensor2","39.958","min","229.854","μmol/L","Humid","22.882","deg","94899","µV","18.546","°C","985.000","hPa","35.0","pmil","0","51.462","deg","22.621","°C","100.000","%a.s.","22.257","deg","22.682","°C","985.000","hPa","0.861","-0.02056","0.00035","-0.00011","0","14.7","Humid","28.35","0","65.20","249307.62","SABD0002000014","AAV2.0.0.13","4.0.0.2353","PSt7-10","000000-000","8/7/2024 3:37:09 PM","0000-00","0","no battery","V","215852","µV","96196","µV"
"08/11/2024","11:55:48","2","default","203499907","Sensor2","39.975","min","230.063","μmol/L","Humid","22.874","deg","94903","µV","18.540","°C","985.000","hPa","35.0","pmil","0","51.462","deg","22.621","°C","100.000","%a.s.","22.257","deg","22.682","°C","985.000","hPa","0.861","-0.02056","0.00035","-0.00011","0","14.7","Humid","28.35","0","65.20","249303.11","SABD0002000014","AAV2.0.0.13","4.0.0.2353","PSt7-10","000000-000","8/7/2024 3:37:09 PM","0000-00","0","no battery","V","215852","µV","96196","µV"
"08/11/2024","11:55:49","2","default","203499907","Sensor2","39.991","min","229.940","μmol/L","Humid","22.880","deg","94900","µV","18.540","°C","985.000","hPa","35.0","pmil","0","51.462","deg","22.621","°C","100.000","%a.s.","22.257","deg","22.682","°C","985.000","hPa","0.861","-0.02056","0.00035","-0.00011","0","14.7","Humid","28.35","0","65.20","249311.48","SABD0002000014","AAV2.0.0.13","4.0.0.2353","PSt7-10","000000-000","8/7/2024 3:37:09 PM","0000-00","0","no battery","V","215852","µV","96196","µV"
"08/11/2024","11:55:50","2","default","203499907","Sensor2","40.008","min","229.985","μmol/L","Humid","22.880","deg","94903","µV","18.534","°C","985.000","hPa","35.0","pmil","0","51.462","deg","22.621","°C","100.000","%a.s.","22.257","deg","22.682","°C","985.000","hPa","0.861","-0.02056","0.00035","-0.00011","0","14.7","Humid","28.35","0","65.20","249305.01","SABD0002000014","AAV2.0.0.13","4.0.0.2353","PSt7-10","000000-000","8/7/2024 3:37:09 PM","0000-00","0","no battery","V","215852","µV","96196","µV"
"08/11/2024","11:55:51","2","default","203499907","Sensor2","40.024","min","229.961","μmol/L","Humid","22.879","deg","94904","µV","18.540","°C","985.000","hPa","35.0","pmil","0","51.462","deg","22.621","°C","100.000","%a.s.","22.257","deg","22.682","°C","985.000","hPa","0.861","-0.02056","0.00035","-0.00011","0","14.7","Humid","28.35","0","65.20","249298.49","SABD0002000014","AAV2.0.0.13","4.0.0.2353","PSt7-10","000000-000","8/7/2024 3:37:09 PM","0000-00","0","no battery","V","215852","µV","96196","µV"
"08/11/2024","11:55:52","2","default","203499907","Sensor2","40.041","min","229.940","μmol/L","Humid","22.880","deg","94905","µV","18.540","°C","985.000","hPa","35.0","pmil","0","51.462","deg","22.621","°C","100.000","%a.s.","22.257","deg","22.682","°C","985.000","hPa","0.861","-0.02056","0.00035","-0.00011","0","14.7","Humid","28.35","0","65.20","249297.82","SABD0002000014","AAV2.0.0.13","4.0.0.2353","PSt7-10","000000-000","8/7/2024 3:37:09 PM","0000-00","0","no battery","V","215852","µV","96196","µV"
"08/11/2024","11:55:53","2","default","203499907","Sensor2","40.058","min","229.965","μmol/L","Humid","22.881","deg","94912","µV","18.534","°C","985.000","hPa","35.0","pmil","0","51.462","deg","22.621","°C","100.000","%a.s.","22.257","deg","22.682","°C","985.000","hPa","0.861","-0.02056","0.00035","-0.00011","0","14.7","Humid","28.35","0","65.20","249300.98","SABD0002000014","AAV2.0.0.13","4.0.0.2353","PSt7-10","000000-000","8/7/2024 3:37:09 PM","0000-00","0","no battery","V","215852","µV","96196","µV"
"08/11/2024","11:55:54","2","default","203499907","Sensor2","40.075","min","229.883","μmol/L","Humid","22.885","deg","94913","µV","18.534","°C","985.000","hPa","35.0","pmil","0","51.462","deg","22.621","°C","100.000","%a.s.","22.257","deg","22.682","°C","985.000","hPa","0.861","-0.02056","0.00035","-0.00011","0","14.7","Humid","28.35","0","65.20","249315.50","SABD0002000014","AAV2.0.0.13","4.0.0.2353","PSt7-10","000000-000","8/7/2024 3:37:09 PM","0000-00","0","no battery","V","215852","µV","96196","µV"
"08/11/2024","11:55:55","2","default","203499907","Sensor2","40.092","min","230.002","μmol/L","Humid","22.877","deg","94918","µV","18.540","°C","985.000","hPa","35.0","pmil","0","51.462","deg","22.621","°C","100.000","%a.s.","22.257","deg","22.682","°C","985.000","hPa","0.861","-0.02056","0.00035","-0.00011","0","14.7","Humid","28.35","0","65.20","249322.46","SABD0002000014","AAV2.0.0.13","4.0.0.2353","PSt7-10","000000-000","8/7/2024 3:37:09 PM","0000-00","0","no battery","V","215852","µV","96196","µV"
"08/11/2024","11:55:56","2","default","203499907","Sensor2","40.108","min","229.837","μmol/L","Humid","22.885","deg","94909","µV","18.540","°C","985.000","hPa","35.0","pmil","0","51.462","deg","22.621","°C","100.000","%a.s.","22.257","deg","22.682","°C","985.000","hPa","0.861","-0.02056","0.00035","-0.00011","0","14.7","Humid","28.35","0","65.20","249302.72","SABD0002000014","AAV2.0.0.13","4.0.0.2353","PSt7-10","000000-000","8/7/2024 3:37:09 PM","0000-00","0","no battery","V","215852","µV","96196","µV"
"08/11/2024","11:55:57","2","default","203499907","Sensor2","40.125","min","229.858","μmol/L","Humid","22.884","deg","94916","µV","18.540","°C","985.000","hPa","35.0","pmil","0","51.462","deg","22.621","°C","100.000","%a.s.","22.257","deg","22.682","°C","985.000","hPa","0.861","-0.02056","0.00035","-0.00011","0","14.7","Humid","28.35","0","65.20","249304.38","SABD0002000014","AAV2.0.0.13","4.0.0.2353","PSt7-10","000000-000","8/7/2024 3:37:09 PM","0000-00","0","no battery","V","215852","µV","96196","µV"
"08/11/2024","11:55:58","2","default","203499907","Sensor2","40.142","min","229.878","μmol/L","Humid","22.883","deg","94916","µV","18.540","°C","985.000","hPa","35.0","pmil","0","51.462","deg","22.621","°C","100.000","%a.s.","22.257","deg","22.682","°C","985.000","hPa","0.861","-0.02056","0.00035","-0.00011","0","14.7","Humid","28.35","0","65.20","249300.76","SABD0002000014","AAV2.0.0.13","4.0.0.2353","PSt7-10","000000-000","8/7/2024 3:37:09 PM","0000-00","0","no battery","V","215852","µV","96196","µV"
"08/11/2024","11:55:59","2","default","203499907","Sensor2","40.158","min","229.883","μmol/L","Humid","22.885","deg","94914","µV","18.534","°C","985.000","hPa","35.0","pmil","0","51.462","deg","22.621","°C","100.000","%a.s.","22.257","deg","22.682","°C","985.000","hPa","0.861","-0.02056","0.00035","-0.00011","0","14.7","Humid","28.35","0","65.20","249301.18","SABD0002000014","AAV2.0.0.13","4.0.0.2353","PSt7-10","000000-000","8/7/2024 3:37:09 PM","0000-00","0","no battery","V","215852","µV","96196","µV"
"08/11/2024","11:56:00","2","default","203499907","Sensor2","40.175","min","229.837","μmol/L","Humid","22.885","deg","94920","µV","18.540","°C","985.000","hPa","35.0","pmil","0","51.462","deg","22.621","°C","100.000","%a.s.","22.257","deg","22.682","°C","985.000","hPa","0.861","-0.02056","0.00035","-0.00011","0","14.7","Humid","28.35","0","65.20","249292.89","SABD0002000014","AAV2.0.0.13","4.0.0.2353","PSt7-10","000000-000","8/7/2024 3:37:09 PM","0000-00","0","no battery","V","215852","µV","96196","µV"
"08/11/2024","11:56:01","2","default","203499907","Sensor2","40.191","min","229.771","μmol/L","Humid","22.886","deg","94920","µV","18.546","°C","985.000","hPa","35.0","pmil","0","51.462","deg","22.621","°C","100.000","%a.s.","22.257","deg","22.682","°C","985.000","hPa","0.861","-0.02056","0.00035","-0.00011","0","14.7","Humid","28.35","0","65.20","249299.59","SABD0002000014","AAV2.0.0.13","4.0.0.2353","PSt7-10","000000-000","8/7/2024 3:37:09 PM","0000-00","0","no battery","V","215852","µV","96196","µV"
"08/11/2024","11:56:02","2","default","203499907","Sensor2","40.208","min","229.837","μmol/L","Humid","22.885","deg","94920","µV","18.540","°C","985.000","hPa","35.0","pmil","0","51.462","deg","22.621","°C","100.000","%a.s.","22.257","deg","22.682","°C","985.000","hPa","0.861","-0.02056","0.00035","-0.00011","0","14.7","Humid","28.35","0","65.20","249301.25","SABD0002000014","AAV2.0.0.13","4.0.0.2353","PSt7-10","000000-000","8/7/2024 3:37:09 PM","0000-00","0","no battery","V","215852","µV","96196","µV"
"08/11/2024","11:56:03","2","default","203499907","Sensor2","40.224","min","229.817","μmol/L","Humid","22.886","deg","94914","µV","18.540","°C","985.000","hPa","35.0","pmil","0","51.462","deg","22.621","°C","100.000","%a.s.","22.257","deg","22.682","°C","985.000","hPa","0.861","-0.02056","0.00035","-0.00011","0","14.7","Humid","28.35","0","65.20","249308.39","SABD0002000014","AAV2.0.0.13","4.0.0.2353","PSt7-10","000000-000","8/7/2024 3:37:09 PM","0000-00","0","no battery","V","215852","µV","96196","µV"
"08/11/2024","11:56:04","2","default","203499907","Sensor2","40.241","min","229.792","μmol/L","Humid","22.885","deg","94927","µV","18.546","°C","985.000","hPa","35.0","pmil","0","51.462","deg","22.621","°C","100.000","%a.s.","22.257","deg","22.682","°C","985.000","hPa","0.861","-0.02056","0.00035","-0.00011","0","14.7","Humid","28.35","0","65.20","249320.37","SABD0002000014","AAV2.0.0.13","4.0.0.2353","PSt7-10","000000-000","8/7/2024 3:37:09 PM","0000-00","0","no battery","V","215852","µV","96196","µV"
"08/11/2024","11:56:05","2","default","203499907","Sensor2","40.258","min","229.858","μmol/L","Humid","22.884","deg","94930","µV","18.540","°C","985.000","hPa","35.0","pmil","0","51.462","deg","22.621","°C","100.000","%a.s.","22.257","deg","22.682","°C","985.000","hPa","0.861","-0.02056","0.00035","-0.00011","0","14.7","Humid","28.35","0","65.20","249312.53","SABD0002000014","AAV2.0.0.13","4.0.0.2353","PSt7-10","000000-000","8/7/2024 3:37:09 PM","0000-00","0","no battery","V","215852","µV","96196","µV"
"08/11/2024","11:56:06","2","default","203499907","Sensor2","40.275","min","229.837","μmol/L","Humid","22.885","deg","94938","µV","18.540","°C","985.000","hPa","35.0","pmil","0","51.462","deg","22.621","°C","100.000","%a.s.","22.257","deg","22.682","°C","985.000","hPa","0.861","-0.02056","0.00035","-0.00011","0","14.7","Humid","28.35","0","65.20","249313.43","SABD0002000014","AAV2.0.0.13","4.0.0.2353","PSt7-10","000000-000","8/7/2024 3:37:09 PM","0000-00","0","no battery","V","215852","µV","96196","µV"
"08/11/2024","11:56:07","2","default","203499907","Sensor2","40.292","min","229.796","μmol/L","Humid","22.887","deg","94936","µV","18.540","°C","985.000","hPa","35.0","pmil","0","51.462","deg","22.621","°C","100.000","%a.s.","22.257","deg","22.682","°C","985.000","hPa","0.861","-0.02056","0.00035","-0.00011","0","14.7","Humid","28.35","0","65.20","249309.34","SABD0002000014","AAV2.0.0.13","4.0.0.2353","PSt7-10","000000-000","8/7/2024 3:37:09 PM","0000-00","0","no battery","V","215852","µV","96196","µV"
"08/11/2024","11:56:08","2","default","203499907","Sensor2","40.308","min","229.842","μmol/L","Humid","22.887","deg","94935","µV","18.534","°C","985.000","hPa","35.0","pmil","0","51.462","deg","22.621","°C","100.000","%a.s.","22.257","deg","22.682","°C","985.000","hPa","0.861","-0.02056","0.00035","-0.00011","0","14.7","Humid","28.35","0","65.20","249311.03","SABD0002000014","AAV2.0.0.13","4.0.0.2353","PSt7-10","000000-000","8/7/2024 3:37:09 PM","0000-00","0","no battery","V","215852","µV","96196","µV"
"08/11/2024","11:56:09","2","default","203499907","Sensor2","40.325","min","229.796","μmol/L","Humid","22.887","deg","94939","µV","18.540","°C","985.000","hPa","35.0","pmil","0","51.462","deg","22.621","°C","100.000","%a.s.","22.257","deg","22.682","°C","985.000","hPa","0.861","-0.02056","0.00035","-0.00011","0","14.7","Humid","28.35","0","65.20","249303.56","SABD0002000014","AAV2.0.0.13","4.0.0.2353","PSt7-10","000000-000","8/7/2024 3:37:09 PM","0000-00","0","no battery","V","215852","µV","96196","µV"
"08/11/2024","11:56:10","2","default","203499907","Sensor2","40.342","min","229.796","μmol/L","Humid","22.887","deg","94936","µV","18.540","°C","985.000","hPa","35.0","pmil","0","51.462","deg","22.621","°C","100.000","%a.s.","22.257","deg","22.682","°C","985.000","hPa","0.861","-0.02056","0.00035","-0.00011","0","14.7","Humid","28.35","0","65.20","249322.63","SABD0002000014","AAV2.0.0.13","4.0.0.2353","PSt7-10","000000-000","8/7/2024 3:37:09 PM","0000-00","0","no battery","V","215852","µV","96196","µV"
"08/11/2024","11:56:11","2","default","203499907","Sensor2","40.358","min","229.776","μmol/L","Humid","22.888","deg","94937","µV","18.540","°C","985.000","hPa","35.0","pmil","0","51.462","deg","22.621","°C","100.000","%a.s.","22.257","deg","22.682","°C","985.000","hPa","0.861","-0.02056","0.00035","-0.00011","0","14.7","Humid","28.35","0","65.20","249311.96","SABD0002000014","AAV2.0.0.13","4.0.0.2353","PSt7-10","000000-000","8/7/2024 3:37:09 PM","0000-00","0","no battery","V","215852","µV","96196","µV"
"08/11/2024","11:56:12","2","default","203499907","Sensor2","40.374","min","229.755","μmol/L","Humid","22.889","deg","94936","µV","18.540","°C","985.000","hPa","35.0","pmil","0","51.462","deg","22.621","°C","100.000","%a.s.","22.257","deg","22.682","°C","985.000","hPa","0.861","-0.02056","0.00035","-0.00011","0","14.7","Humid","28.35","0","65.20","249305.03","SABD0002000014","AAV2.0.0.13","4.0.0.2353","PSt7-10","000000-000","8/7/2024 3:37:09 PM","0000-00","0","no battery","V","215852","µV","96196","µV"
"08/11/2024","11:56:13","2","default","203499907","Sensor2","40.391","min","229.669","μmol/L","Humid","22.891","deg","94945","µV","18.546","°C","985.000","hPa","35.0","pmil","0","51.462","deg","22.621","°C","100.000","%a.s.","22.257","deg","22.682","°C","985.000","hPa","0.861","-0.02056","0.00035","-0.00011","0","14.7","Humid","28.35","0","65.20","249297.98","SABD0002000014","AAV2.0.0.13","4.0.0.2353","PSt7-10","000000-000","8/7/2024 3:37:09 PM","0000-00","0","no battery","V","215852","µV","96196","µV"
"08/11/2024","11:56:14","2","default","203499907","Sensor2","40.408","min","229.718","μmol/L","Humid","22.893","deg","94941","µV","18.534","°C","985.000","hPa","35.0","pmil","0","51.462","deg","22.621","°C","100.000","%a.s.","22.257","deg","22.682","°C","985.000","hPa","0.861","-0.02056","0.00035","-0.00011","0","14.7","Humid","28.35","0","65.20","249302.04","SABD0002000014","AAV2.0.0.13","4.0.0.2353","PSt7-10","000000-000","8/7/2024 3:37:09 PM","0000-00","0","no battery","V","215852","µV","96196","µV"
"08/11/2024","11:56:15","2","default","203499907","Sensor2","40.425","min","229.759","μmol/L","Humid","22.891","deg","94946","µV","18.534","°C","985.000","hPa","35.0","pmil","0","51.462","deg","22.621","°C","100.000","%a.s.","22.257","deg","22.682","°C","985.000","hPa","0.861","-0.02056","0.00035","-0.00011","0","14.7","Humid","28.35","0","65.20","249303.41","SABD0002000014","AAV2.0.0.13","4.0.0.2353","PSt7-10","000000-000","8/7/2024 3:37:09 PM","0000-00","0","no battery","V","215852","µV","96196","µV"
"08/11/2024","11:56:16","2","default","203499907","Sensor2","40.441","min","229.739","μmol/L","Humid","22.892","deg","94945","µV","18.534","°C","985.000","hPa","35.0","pmil","0","51.462","deg","22.621","°C","100.000","%a.s.","22.257","deg","22.682","°C","985.000","hPa","0.861","-0.02056","0.00035","-0.00011","0","14.7","Humid","28.35","0","65.20","249313.61","SABD0002000014","AAV2.0.0.13","4.0.0.2353","PSt7-10","000000-000","8/7/2024 3:37:09 PM","0000-00","0","no battery","V","215852","µV","96196","µV"
"08/11/2024","11:56:17","2","default","203499907","Sensor2","40.458","min","229.780","μmol/L","Humid","22.890","deg","94951","µV","18.534","°C","985.000","hPa","35.0","pmil","0","51.462","deg","22.621","°C","100.000","%a.s.","22.257","deg","22.682","°C","985.000","hPa","0.861","-0.02056","0.00035","-0.00011","0","14.7","Humid","28.35","0","65.20","249304.11","SABD0002000014","AAV2.0.0.13","4.0.0.2353","PSt7-10","000000-000","8/7/2024 3:37:09 PM","0000-00","0","no battery","V","215852","µV","96196","µV"
"08/11/2024","11:56:18","2","default","203499907","Sensor2","40.475","min","229.739","μmol/L","Humid","22.892","deg","94953","µV","18.534","°C","985.000","hPa","35.0","pmil","0","51.462","deg","22.621","°C","100.000","%a.s.","22.257","deg","22.682","°C","985.000","hPa","0.861","-0.02056","0.00035","-0.00011","0","14.7","Humid","28.35","0","65.20","249309.38","SABD0002000014","AAV2.0.0.13","4.0.0.2353","PSt7-10","000000-000","8/7/2024 3:37:09 PM","0000-00","0","no battery","V","215852","µV","96196","µV"
"08/11/2024","11:56:19","2","default","203499907","Sensor2","40.492","min","229.735","μmol/L","Humid","22.890","deg","94952","µV","18.540","°C","985.000","hPa","35.0","pmil","0","51.462","deg","22.621","°C","100.000","%a.s.","22.257","deg","22.682","°C","985.000","hPa","0.861","-0.02056","0.00035","-0.00011","0","14.7","Humid","28.35","0","65.20","249295.52","SABD0002000014","AAV2.0.0.13","4.0.0.2353","PSt7-10","000000-000","8/7/2024 3:37:09 PM","0000-00","0","no battery","V","215852","µV","96196","µV"
"08/11/2024","11:56:20","2","default","203499907","Sensor2","40.508","min","229.780","μmol/L","Humid","22.890","deg","94950","µV","18.534","°C","985.000","hPa","35.0","pmil","0","51.462","deg","22.621","°C","100.000","%a.s.","22.257","deg","22.682","°C","985.000","hPa","0.861","-0.02056","0.00035","-0.00011","0","14.7","Humid","28.35","0","65.20","249290.30","SABD0002000014","AAV2.0.0.13","4.0.0.2353","PSt7-10","000000-000","8/7/2024 3:37:09 PM","0000-00","0","no battery","V","215852","µV","96196","µV"
"08/11/2024","11:56:21","2","default","203499907","Sensor2","40.525","min","229.735","μmol/L","Humid","22.890","deg","94957","µV","18.540","°C","985.000","hPa","35.0","pmil","0","51.462","deg","22.621","°C","100.000","%a.s.","22.257","deg","22.682","°C","985.000","hPa","0.861","-0.02056","0.00035","-0.00011","0","14.7","Humid","28.35","0","65.20","249307.42","SABD0002000014","AAV2.0.0.13","4.0.0.2353","PSt7-10","000000-000","8/7/2024 3:37:09 PM","0000-00","0","no battery","V","215852","µV","96196","µV"
"08/11/2024","11:56:22","2","default","203499907","Sensor2","40.541","min","229.735","μmol/L","Humid","22.890","deg","94960","µV","18.540","°C","985.000","hPa","35.0","pmil","0","51.462","deg","22.621","°C","100.000","%a.s.","22.257","deg","22.682","°C","985.000","hPa","0.861","-0.02056","0.00035","-0.00011","0","14.7","Humid","28.35","0","65.20","249302.12","SABD0002000014","AAV2.0.0.13","4.0.0.2353","PSt7-10","000000-000","8/7/2024 3:37:09 PM","0000-00","0","no battery","V","215852","µV","96196","µV"
"08/11/2024","11:56:23","2","default","203499907","Sensor2","40.558","min","229.759","μmol/L","Humid","22.891","deg","94960","µV","18.534","°C","985.000","hPa","35.0","pmil","0","51.462","deg","22.621","°C","100.000","%a.s.","22.257","deg","22.682","°C","985.000","hPa","0.861","-0.02056","0.00035","-0.00011","0","14.7","Humid","28.35","0","65.20","249303.75","SABD0002000014","AAV2.0.0.13","4.0.0.2353","PSt7-10","000000-000","8/7/2024 3:37:09 PM","0000-00","0","no battery","V","215852","µV","96196","µV"
"08/11/2024","11:56:24","2","default","203499907","Sensor2","40.574","min","229.718","μmol/L","Humid","22.893","deg","94951","µV","18.534","°C","985.000","hPa","35.0","pmil","0","51.462","deg","22.621","°C","100.000","%a.s.","22.257","deg","22.682","°C","985.000","hPa","0.861","-0.02056","0.00035","-0.00011","0","14.7","Humid","28.35","0","65.20","249295.40","SABD0002000014","AAV2.0.0.13","4.0.0.2353","PSt7-10","000000-000","8/7/2024 3:37:09 PM","0000-00","0","no battery","V","215852","µV","96196","µV"
"08/11/2024","11:56:25","2","default","203499907","Sensor2","40.591","min","229.698","μmol/L","Humid","22.894","deg","94958","µV","18.534","°C","985.000","hPa","35.0","pmil","0","51.462","deg","22.621","°C","100.000","%a.s.","22.257","deg","22.682","°C","985.000","hPa","0.861","-0.02056","0.00035","-0.00011","0","14.7","Humid","28.35","0","65.20","249289.37","SABD0002000014","AAV2.0.0.13","4.0.0.2353","PSt7-10","000000-000","8/7/2024 3:37:09 PM","0000-00","0","no battery","V","215852","µV","96196","µV"
"08/11/2024","11:56:26","2","default","203499907","Sensor2","40.608","min","229.611","μmol/L","Humid","22.896","deg","94963","µV","18.540","°C","985.000","hPa","35.0","pmil","0","51.462","deg","22.621","°C","100.000","%a.s.","22.257","deg","22.682","°C","985.000","hPa","0.861","-0.02056","0.00035","-0.00011","0","14.7","Humid","28.35","0","65.20","249295.07","SABD0002000014","AAV2.0.0.13","4.0.0.2353","PSt7-10","000000-000","8/7/2024 3:37:09 PM","0000-00","0","no battery","V","215852","µV","96196","µV"
"08/11/2024","11:56:27","2","default","203499907","Sensor2","40.625","min","229.677","μmol/L","Humid","22.895","deg","94964","µV","18.534","°C","985.000","hPa","35.0","pmil","0","51.462","deg","22.621","°C","100.000","%a.s.","22.257","deg","22.682","°C","985.000","hPa","0.861","-0.02056","0.00035","-0.00011","0","14.7","Humid","28.35","0","65.20","249295.24","SABD0002000014","AAV2.0.0.13","4.0.0.2353","PSt7-10","000000-000","8/7/2024 3:37:09 PM","0000-00","0","no battery","V","215852","µV","96196","µV"
"08/11/2024","11:56:28","2","default","203499907","Sensor2","40.641","min","229.653","μmol/L","Humid","22.894","deg","94967","µV","18.540","°C","985.000","hPa","35.0","pmil","0","51.462","deg","22.621","°C","100.000","%a.s.","22.257","deg","22.682","°C","985.000","hPa","0.861","-0.02056","0.00035","-0.00011","0","14.7","Humid","28.35","0","65.20","249299.16","SABD0002000014","AAV2.0.0.13","4.0.0.2353","PSt7-10","000000-000","8/7/2024 3:37:09 PM","0000-00","0","no battery","V","215852","µV","96196","µV"
"08/11/2024","11:56:29","2","default","203499907","Sensor2","40.658","min","229.698","μmol/L","Humid","22.894","deg","94970","µV","18.534","°C","985.000","hPa","35.0","pmil","0","51.462","deg","22.621","°C","100.000","%a.s.","22.257","deg","22.682","°C","985.000","hPa","0.861","-0.02056","0.00035","-0.00011","0","14.7","Humid","28.35","0","65.20","249301.32","SABD0002000014","AAV2.0.0.13","4.0.0.2353","PSt7-10","000000-000","8/7/2024 3:37:09 PM","0000-00","0","no battery","V","215852","µV","96196","µV"
"08/11/2024","11:56:30","2","default","203499907","Sensor2","40.675","min","229.657","μmol/L","Humid","22.896","deg","94975","µV","18.534","°C","985.000","hPa","35.0","pmil","0","51.462","deg","22.621","°C","100.000","%a.s.","22.257","deg","22.682","°C","985.000","hPa","0.861","-0.02056","0.00035","-0.00011","0","14.7","Humid","28.35","0","65.20","249297.95","SABD0002000014","AAV2.0.0.13","4.0.0.2353","PSt7-10","000000-000","8/7/2024 3:37:09 PM","0000-00","0","no battery","V","215852","µV","96196","µV"
"08/11/2024","11:56:31","2","default","203499907","Sensor2","40.692","min","229.591","μmol/L","Humid","22.897","deg","94969","µV","18.540","°C","985.000","hPa","35.0","pmil","0","51.462","deg","22.621","°C","100.000","%a.s.","22.257","deg","22.682","°C","985.000","hPa","0.861","-0.02056","0.00035","-0.00011","0","14.7","Humid","28.35","0","65.20","249307.31","SABD0002000014","AAV2.0.0.13","4.0.0.2353","PSt7-10","000000-000","8/7/2024 3:37:09 PM","0000-00","0","no battery","V","215852","µV","96196","µV"
"08/11/2024","11:56:32","2","default","203499907","Sensor2","40.708","min","229.591","μmol/L","Humid","22.897","deg","94967","µV","18.540","°C","985.000","hPa","35.0","pmil","0","51.462","deg","22.621","°C","100.000","%a.s.","22.257","deg","22.682","°C","985.000","hPa","0.861","-0.02056","0.00035","-0.00011","0","14.7","Humid","28.35","0","65.20","249283.57","SABD0002000014","AAV2.0.0.13","4.0.0.2353","PSt7-10","000000-000","8/7/2024 3:37:09 PM","0000-00","0","no battery","V","215852","µV","96196","µV"
"08/11/2024","11:56:33","2","default","203499907","Sensor2","40.725","min","229.653","μmol/L","Humid","22.894","deg","94979","µV","18.540","°C","985.000","hPa","35.0","pmil","0","51.462","deg","22.621","°C","100.000","%a.s.","22.257","deg","22.682","°C","985.000","hPa","0.861","-0.02056","0.00035","-0.00011","0","14.7","Humid","28.35","0","65.20","249297.17","SABD0002000014","AAV2.0.0.13","4.0.0.2353","PSt7-10","000000-000","8/7/2024 3:37:09 PM","0000-00","0","no battery","V","215852","µV","96196","µV"
"08/11/2024","11:56:34","2","default","203499907","Sensor2","40.741","min","229.661","μmol/L","Humid","22.898","deg","94978","µV","18.528","°C","985.000","hPa","35.0","pmil","0","51.462","deg","22.621","°C","100.000","%a.s.","22.257","deg","22.682","°C","985.000","hPa","0.861","-0.02056","0.00035","-0.00011","0","14.7","Humid","28.35","0","65.20","249297.92","SABD0002000014","AAV2.0.0.13","4.0.0.2353","PSt7-10","000000-000","8/7/2024 3:37:09 PM","0000-00","0","no battery","V","215852","µV","96196","µV"
"08/11/2024","11:56:35","2","default","203499907","Sensor2","40.758","min","229.657","μmol/L","Humid","22.896","deg","94977","µV","18.534","°C","985.000","hPa","35.0","pmil","0","51.462","deg","22.621","°C","100.000","%a.s.","22.257","deg","22.682","°C","985.000","hPa","0.861","-0.02056","0.00035","-0.00011","0","14.7","Humid","28.35","0","65.20","249311.59","SABD0002000014","AAV2.0.0.13","4.0.0.2353","PSt7-10","000000-000","8/7/2024 3:37:09 PM","0000-00","0","no battery","V","215852","µV","96196","µV"
"08/11/2024","11:56:36","2","default","203499907","Sensor2","40.774","min","229.682","μmol/L","Humid","22.897","deg","94971","µV","18.528","°C","985.000","hPa","35.0","pmil","0","51.462","deg","22.621","°C","100.000","%a.s.","22.257","deg","22.682","°C","985.000","hPa","0.861","-0.02056","0.00035","-0.00011","0","14.7","Humid","28.35","0","65.20","249288.80","SABD0002000014","AAV2.0.0.13","4.0.0.2353","PSt7-10","000000-000","8/7/2024 3:37:09 PM","0000-00","0","no battery","V","215852","µV","96196","µV"
"08/11/2024","11:56:37","2","default","203499907","Sensor2","40.791","min","229.636","μmol/L","Humid","22.897","deg","94969","µV","18.534","°C","985.000","hPa","35.0","pmil","0","51.462","deg","22.621","°C","100.000","%a.s.","22.257","deg","22.682","°C","985.000","hPa","0.861","-0.02056","0.00035","-0.00011","0","14.7","Humid","28.35","0","65.20","249299.67","SABD0002000014","AAV2.0.0.13","4.0.0.2353","PSt7-10","000000-000","8/7/2024 3:37:09 PM","0000-00","0","no battery","V","215852","µV","96196","µV"
"08/11/2024","11:56:38","2","default","203499907","Sensor2","40.808","min","229.525","μmol/L","Humid","22.898","deg","94985","µV","18.546","°C","985.000","hPa","35.0","pmil","0","51.462","deg","22.621","°C","100.000","%a.s.","22.257","deg","22.682","°C","985.000","hPa","0.861","-0.02056","0.00035","-0.00011","0","14.7","Humid","28.35","0","65.20","249286.03","SABD0002000014","AAV2.0.0.13","4.0.0.2353","PSt7-10","000000-000","8/7/2024 3:37:09 PM","0000-00","0","no battery","V","215852","µV","96196","µV"
"08/11/2024","11:56:39","2","default","203499907","Sensor2","40.825","min","229.529","μmol/L","Humid","22.900","deg","94984","µV","18.540","°C","985.000","hPa","35.0","pmil","0","51.462","deg","22.621","°C","100.000","%a.s.","22.257","deg","22.682","°C","985.000","hPa","0.861","-0.02056","0.00035","-0.00011","0","14.7","Humid","28.35","0","65.20","249285.54","SABD0002000014","AAV2.0.0.13","4.0.0.2353","PSt7-10","000000-000","8/7/2024 3:37:09 PM","0000-00","0","no battery","V","215852","µV","96196","µV"
"08/11/2024","11:56:40","2","default","203499907","Sensor2","40.841","min","229.575","μmol/L","Humid","22.900","deg","94974","µV","18.534","°C","985.000","hPa","35.0","pmil","0","51.462","deg","22.621","°C","100.000","%a.s.","22.257","deg","22.682","°C","985.000","hPa","0.861","-0.02056","0.00035","-0.00011","0","14.7","Humid","28.35","0","65.20","249282.60","SABD0002000014","AAV2.0.0.13","4.0.0.2353","PSt7-10","000000-000","8/7/2024 3:37:09 PM","0000-00","0","no battery","V","215852","µV","96196","µV"
"08/11/2024","11:56:41","2","default","203499907","Sensor2","40.858","min","229.509","μmol/L","Humid","22.901","deg","94990","µV","18.540","°C","985.000","hPa","35.0","pmil","0","51.462","deg","22.621","°C","100.000","%a.s.","22.257","deg","22.682","°C","985.000","hPa","0.861","-0.02056","0.00035","-0.00011","0","14.7","Humid","28.35","0","65.20","249291.77","SABD0002000014","AAV2.0.0.13","4.0.0.2353","PSt7-10","000000-000","8/7/2024 3:37:09 PM","0000-00","0","no battery","V","215852","µV","96196","µV"
"08/11/2024","11:56:42","2","default","203499907","Sensor2","40.875","min","229.550","μmol/L","Humid","22.899","deg","94993","µV","18.540","°C","985.000","hPa","35.0","pmil","0","51.462","deg","22.621","°C","100.000","%a.s.","22.257","deg","22.682","°C","985.000","hPa","0.861","-0.02056","0.00035","-0.00011","0","14.7","Humid","28.35","0","65.20","249293.04","SABD0002000014","AAV2.0.0.13","4.0.0.2353","PSt7-10","000000-000","8/7/2024 3:37:09 PM","0000-00","0","no battery","V","215852","µV","96196","µV"
"08/11/2024","11:56:43","2","default","203499907","Sensor2","40.892","min","229.616","μmol/L","Humid","22.898","deg","94988","µV","18.534","°C","985.000","hPa","35.0","pmil","0","51.462","deg","22.621","°C","100.000","%a.s.","22.257","deg","22.682","°C","985.000","hPa","0.861","-0.02056","0.00035","-0.00011","0","14.7","Humid","28.35","0","65.20","249295.85","SABD0002000014","AAV2.0.0.13","4.0.0.2353","PSt7-10","000000-000","8/7/2024 3:37:09 PM","0000-00","0","no battery","V","215852","µV","96196","µV"
"08/11/2024","11:56:44","2","default","203499907","Sensor2","40.908","min","229.464","μmol/L","Humid","22.901","deg","94985","µV","18.546","°C","985.000","hPa","35.0","pmil","0","51.462","deg","22.621","°C","100.000","%a.s.","22.257","deg","22.682","°C","985.000","hPa","0.861","-0.02056","0.00035","-0.00011","0","14.7","Humid","28.35","0","65.20","249290.13","SABD0002000014","AAV2.0.0.13","4.0.0.2353","PSt7-10","000000-000","8/7/2024 3:37:09 PM","0000-00","0","no battery","V","215852","µV","96196","µV"
"08/11/2024","11:56:45","2","default","203499907","Sensor2","40.925","min","229.488","μmol/L","Humid","22.902","deg","94991","µV","18.540","°C","985.000","hPa","35.0","pmil","0","51.462","deg","22.621","°C","100.000","%a.s.","22.257","deg","22.682","°C","985.000","hPa","0.861","-0.02056","0.00035","-0.00011","0","14.7","Humid","28.35","0","65.20","249286.95","SABD0002000014","AAV2.0.0.13","4.0.0.2353","PSt7-10","000000-000","8/7/2024 3:37:09 PM","0000-00","0","no battery","V","215852","µV","96196","µV"
"08/11/2024","11:56:46","2","default","203499907","Sensor2","40.941","min","229.464","μmol/L","Humid","22.901","deg","94990","µV","18.546","°C","985.000","hPa","35.0","pmil","0","51.462","deg","22.621","°C","100.000","%a.s.","22.257","deg","22.682","°C","985.000","hPa","0.861","-0.02056","0.00035","-0.00011","0","14.7","Humid","28.35","0","65.20","249293.23","SABD0002000014","AAV2.0.0.13","4.0.0.2353","PSt7-10","000000-000","8/7/2024 3:37:09 PM","0000-00","0","no battery","V","215852","µV","96196","µV"
"08/11/2024","11:56:47","2","default","203499907","Sensor2","40.958","min","229.468","μmol/L","Humid","22.903","deg","94999","µV","18.540","°C","985.000","hPa","35.0","pmil","0","51.462","deg","22.621","°C","100.000","%a.s.","22.257","deg","22.682","°C","985.000","hPa","0.861","-0.02056","0.00035","-0.00011","0","14.7","Humid","28.35","0","65.20","249297.52","SABD0002000014","AAV2.0.0.13","4.0.0.2353","PSt7-10","000000-000","8/7/2024 3:37:09 PM","0000-00","0","no battery","V","215852","µV","96196","µV"
"08/11/2024","11:56:48","2","default","203499907","Sensor2","40.975","min","229.427","μmol/L","Humid","22.905","deg","94995","µV","18.540","°C","985.000","hPa","35.0","pmil","0","51.462","deg","22.621","°C","100.000","%a.s.","22.257","deg","22.682","°C","985.000","hPa","0.861","-0.02056","0.00035","-0.00011","0","14.7","Humid","28.35","0","65.20","249284.23","SABD0002000014","AAV2.0.0.13","4.0.0.2353","PSt7-10","000000-000","8/7/2024 3:37:09 PM","0000-00","0","no battery","V","215852","µV","96196","µV"
"08/11/2024","11:56:49","2","default","203499907","Sensor2","40.991","min","229.447","μmol/L","Humid","22.904","deg","94995","µV","18.540","°C","985.000","hPa","35.0","pmil","0","51.462","deg","22.621","°C","100.000","%a.s.","22.257","deg","22.682","°C","985.000","hPa","0.861","-0.02056","0.00035","-0.00011","0","14.7","Humid","28.35","0","65.20","249281.57","SABD0002000014","AAV2.0.0.13","4.0.0.2353","PSt7-10","000000-000","8/7/2024 3:37:09 PM","0000-00","0","no battery","V","215852","µV","96196","µV"
"08/11/2024","11:56:50","2","default","203499907","Sensor2","41.008","min","229.529","μmol/L","Humid","22.900","deg","94994","µV","18.540","°C","985.000","hPa","35.0","pmil","0","51.462","deg","22.621","°C","100.000","%a.s.","22.257","deg","22.682","°C","985.000","hPa","0.861","-0.02056","0.00035","-0.00011","0","14.7","Humid","28.35","0","65.20","249284.02","SABD0002000014","AAV2.0.0.13","4.0.0.2353","PSt7-10","000000-000","8/7/2024 3:37:09 PM","0000-00","0","no battery","V","215852","µV","96196","µV"
"08/11/2024","11:56:51","2","default","203499907","Sensor2","41.024","min","229.509","μmol/L","Humid","22.901","deg","95001","µV","18.540","°C","985.000","hPa","35.0","pmil","0","51.462","deg","22.621","°C","100.000","%a.s.","22.257","deg","22.682","°C","985.000","hPa","0.861","-0.02056","0.00035","-0.00011","0","14.7","Humid","28.35","0","65.20","249280.03","SABD0002000014","AAV2.0.0.13","4.0.0.2353","PSt7-10","000000-000","8/7/2024 3:37:09 PM","0000-00","0","no battery","V","215852","µV","96196","µV"
"08/11/2024","11:56:52","2","default","203499907","Sensor2","41.041","min","229.468","μmol/L","Humid","22.903","deg","95010","µV","18.540","°C","985.000","hPa","35.0","pmil","0","51.462","deg","22.621","°C","100.000","%a.s.","22.257","deg","22.682","°C","985.000","hPa","0.861","-0.02056","0.00035","-0.00011","0","14.7","Humid","28.35","0","65.20","249284.52","SABD0002000014","AAV2.0.0.13","4.0.0.2353","PSt7-10","000000-000","8/7/2024 3:37:09 PM","0000-00","0","no battery","V","215852","µV","96196","µV"
"08/11/2024","11:56:53","2","default","203499907","Sensor2","41.058","min","229.447","μmol/L","Humid","22.904","deg","95004","µV","18.540","°C","985.000","hPa","35.0","pmil","0","51.462","deg","22.621","°C","100.000","%a.s.","22.257","deg","22.682","°C","985.000","hPa","0.861","-0.02056","0.00035","-0.00011","0","14.7","Humid","28.35","0","65.20","249289.35","SABD0002000014","AAV2.0.0.13","4.0.0.2353","PSt7-10","000000-000","8/7/2024 3:37:09 PM","0000-00","0","no battery","V","215852","µV","96196","µV"
"08/11/2024","11:56:54","2","default","203499907","Sensor2","41.075","min","229.452","μmol/L","Humid","22.906","deg","95002","µV","18.534","°C","985.000","hPa","35.0","pmil","0","51.462","deg","22.621","°C","100.000","%a.s.","22.257","deg","22.682","°C","985.000","hPa","0.861","-0.02056","0.00035","-0.00011","0","14.7","Humid","28.35","0","65.20","249292.39","SABD0002000014","AAV2.0.0.13","4.0.0.2353","PSt7-10","000000-000","8/7/2024 3:37:09 PM","0000-00","0","no battery","V","215852","µV","96196","µV"
"08/11/2024","11:56:55","2","default","203499907","Sensor2","41.091","min","229.452","μmol/L","Humid","22.906","deg","95013","µV","18.534","°C","985.000","hPa","35.0","pmil","0","51.462","deg","22.621","°C","100.000","%a.s.","22.257","deg","22.682","°C","985.000","hPa","0.861","-0.02056","0.00035","-0.00011","0","14.7","Humid","28.35","0","65.20","249295.33","SABD0002000014","AAV2.0.0.13","4.0.0.2353","PSt7-10","000000-000","8/7/2024 3:37:09 PM","0000-00","0","no battery","V","215852","µV","96196","µV"
"08/11/2024","11:56:56","2","default","203499907","Sensor2","41.108","min","229.431","μmol/L","Humid","22.907","deg","95007","µV","18.534","°C","985.000","hPa","35.0","pmil","0","51.462","deg","22.621","°C","100.000","%a.s.","22.257","deg","22.682","°C","985.000","hPa","0.861","-0.02056","0.00035","-0.00011","0","14.7","Humid","28.35","0","65.20","249301.10","SABD0002000014","AAV2.0.0.13","4.0.0.2353","PSt7-10","000000-000","8/7/2024 3:37:09 PM","0000-00","0","no battery","V","215852","µV","96196","µV"
"08/11/2024","11:56:57","2","default","203499907","Sensor2","41.125","min","229.365","μmol/L","Humid","22.908","deg","95017","µV","18.540","°C","985.000","hPa","35.0","pmil","0","51.462","deg","22.621","°C","100.000","%a.s.","22.257","deg","22.682","°C","985.000","hPa","0.861","-0.02056","0.00035","-0.00011","0","14.7","Humid","28.35","0","65.20","249306.44","SABD0002000014","AAV2.0.0.13","4.0.0.2353","PSt7-10","000000-000","8/7/2024 3:37:09 PM","0000-00","0","no battery","V","215852","µV","96196","µV"
"08/11/2024","11:56:58","2","default","203499907","Sensor2","41.142","min","229.452","μmol/L","Humid","22.906","deg","95022","µV","18.534","°C","985.000","hPa","35.0","pmil","0","51.462","deg","22.621","°C","100.000","%a.s.","22.257","deg","22.682","°C","985.000","hPa","0.861","-0.02056","0.00035","-0.00011","0","14.7","Humid","28.35","0","65.20","249295.72","SABD0002000014","AAV2.0.0.13","4.0.0.2353","PSt7-10","000000-000","8/7/2024 3:37:09 PM","0000-00","0","no battery","V","215852","µV","96196","µV"
"08/11/2024","11:56:59","2","default","203499907","Sensor2","41.158","min","229.493","μmol/L","Humid","22.904","deg","95010","µV","18.534","°C","985.000","hPa","35.0","pmil","0","51.462","deg","22.621","°C","100.000","%a.s.","22.257","deg","22.682","°C","985.000","hPa","0.861","-0.02056","0.00035","-0.00011","0","14.7","Humid","28.35","0","65.20","249294.96","SABD0002000014","AAV2.0.0.13","4.0.0.2353","PSt7-10","000000-000","8/7/2024 3:37:09 PM","0000-00","0","no battery","V","215852","µV","96196","µV"
"08/11/2024","11:57:00","2","default","203499907","Sensor2","41.175","min","229.386","μmol/L","Humid","22.907","deg","95006","µV","18.540","°C","985.000","hPa","35.0","pmil","0","51.462","deg","22.621","°C","100.000","%a.s.","22.257","deg","22.682","°C","985.000","hPa","0.861","-0.02056","0.00035","-0.00011","0","14.7","Humid","28.35","0","65.20","249274.72","SABD0002000014","AAV2.0.0.13","4.0.0.2353","PSt7-10","000000-000","8/7/2024 3:37:09 PM","0000-00","0","no battery","V","215852","µV","96196","µV"
"08/11/2024","11:57:01","2","default","203499907","Sensor2","41.191","min","229.452","μmol/L","Humid","22.906","deg","95019","µV","18.534","°C","985.000","hPa","35.0","pmil","0","51.462","deg","22.621","°C","100.000","%a.s.","22.257","deg","22.682","°C","985.000","hPa","0.861","-0.02056","0.00035","-0.00011","0","14.7","Humid","28.35","0","65.20","249307.29","SABD0002000014","AAV2.0.0.13","4.0.0.2353","PSt7-10","000000-000","8/7/2024 3:37:09 PM","0000-00","0","no battery","V","215852","µV","96196","µV"
"08/11/2024","11:57:02","2","default","203499907","Sensor2","41.208","min","229.390","μmol/L","Humid","22.909","deg","95013","µV","18.534","°C","985.000","hPa","35.0","pmil","0","51.462","deg","22.621","°C","100.000","%a.s.","22.257","deg","22.682","°C","985.000","hPa","0.861","-0.02056","0.00035","-0.00011","0","14.7","Humid","28.35","0","65.20","249292.69","SABD0002000014","AAV2.0.0.13","4.0.0.2353","PSt7-10","000000-000","8/7/2024 3:37:09 PM","0000-00","0","no battery","V","215852","µV","96196","µV"
"08/11/2024","11:57:03","2","default","203499907","Sensor2","41.224","min","229.345","μmol/L","Humid","22.909","deg","95025","µV","18.540","°C","985.000","hPa","35.0","pmil","0","51.462","deg","22.621","°C","100.000","%a.s.","22.257","deg","22.682","°C","985.000","hPa","0.861","-0.02056","0.00035","-0.00011","0","14.7","Humid","28.35","0","65.20","249308.94","SABD0002000014","AAV2.0.0.13","4.0.0.2353","PSt7-10","000000-000","8/7/2024 3:37:09 PM","0000-00","0","no battery","V","215852","µV","96196","µV"
"08/11/2024","11:57:04","2","default","203499907","Sensor2","41.241","min","229.324","μmol/L","Humid","22.910","deg","95025","µV","18.540","°C","985.000","hPa","35.0","pmil","0","51.462","deg","22.621","°C","100.000","%a.s.","22.257","deg","22.682","°C","985.000","hPa","0.861","-0.02056","0.00035","-0.00011","0","14.7","Humid","28.35","0","65.20","249304.82","SABD0002000014","AAV2.0.0.13","4.0.0.2353","PSt7-10","000000-000","8/7/2024 3:37:09 PM","0000-00","0","no battery","V","215852","µV","96196","µV"
"08/11/2024","11:57:05","2","default","203499907","Sensor2","41.258","min","229.390","μmol/L","Humid","22.909","deg","95027","µV","18.534","°C","985.000","hPa","35.0","pmil","0","51.462","deg","22.621","°C","100.000","%a.s.","22.257","deg","22.682","°C","985.000","hPa","0.861","-0.02056","0.00035","-0.00011","0","14.7","Humid","28.35","0","65.20","249306.23","SABD0002000014","AAV2.0.0.13","4.0.0.2353","PSt7-10","000000-000","8/7/2024 3:37:09 PM","0000-00","0","no battery","V","215852","µV","96196","µV"
"08/11/2024","11:57:06","2","default","203499907","Sensor2","41.275","min","229.370","μmol/L","Humid","22.910","deg","95032","µV","18.534","°C","985.000","hPa","35.0","pmil","0","51.462","deg","22.621","°C","100.000","%a.s.","22.257","deg","22.682","°C","985.000","hPa","0.861","-0.02056","0.00035","-0.00011","0","14.7","Humid","28.35","0","65.20","249295.50","SABD0002000014","AAV2.0.0.13","4.0.0.2353","PSt7-10","000000-000","8/7/2024 3:37:09 PM","0000-00","0","no battery","V","215852","µV","96196","µV"
"08/11/2024","11:57:07","2","default","203499907","Sensor2","41.291","min","229.304","μmol/L","Humid","22.911","deg","95026","µV","18.540","°C","985.000","hPa","35.0","pmil","0","51.462","deg","22.621","°C","100.000","%a.s.","22.257","deg","22.682","°C","985.000","hPa","0.861","-0.02056","0.00035","-0.00011","0","14.7","Humid","28.35","0","65.20","249301.13","SABD0002000014","AAV2.0.0.13","4.0.0.2353","PSt7-10","000000-000","8/7/2024 3:37:09 PM","0000-00","0","no battery","V","215852","µV","96196","µV"
"08/11/2024","11:57:08","2","default","203499907","Sensor2","41.308","min","229.324","μmol/L","Humid","22.910","deg","95032","µV","18.540","°C","985.000","hPa","35.0","pmil","0","51.462","deg","22.621","°C","100.000","%a.s.","22.257","deg","22.682","°C","985.000","hPa","0.861","-0.02056","0.00035","-0.00011","0","14.7","Humid","28.35","0","65.20","249298.42","SABD0002000014","AAV2.0.0.13","4.0.0.2353","PSt7-10","000000-000","8/7/2024 3:37:09 PM","0000-00","0","no battery","V","215852","µV","96196","µV"
"08/11/2024","11:57:09","2","default","203499907","Sensor2","41.325","min","229.283","μmol/L","Humid","22.912","deg","95035","µV","18.540","°C","985.000","hPa","35.0","pmil","0","51.462","deg","22.621","°C","100.000","%a.s.","22.257","deg","22.682","°C","985.000","hPa","0.861","-0.02056","0.00035","-0.00011","0","14.7","Humid","28.35","0","65.20","249305.11","SABD0002000014","AAV2.0.0.13","4.0.0.2353","PSt7-10","000000-000","8/7/2024 3:37:09 PM","0000-00","0","no battery","V","215852","µV","96196","µV"
"08/11/2024","11:57:10","2","default","203499907","Sensor2","41.341","min","229.374","μmol/L","Humid","22.912","deg","95026","µV","18.528","°C","985.000","hPa","35.0","pmil","0","51.462","deg","22.621","°C","100.000","%a.s.","22.257","deg","22.682","°C","985.000","hPa","0.861","-0.02056","0.00035","-0.00011","0","14.7","Humid","28.35","0","65.20","249286.08","SABD0002000014","AAV2.0.0.13","4.0.0.2353","PSt7-10","000000-000","8/7/2024 3:37:09 PM","0000-00","0","no battery","V","215852","µV","96196","µV"
"08/11/2024","11:57:11","2","default","203499907","Sensor2","41.358","min","229.243","μmol/L","Humid","22.914","deg","95041","µV","18.540","°C","985.000","hPa","35.0","pmil","0","51.462","deg","22.621","°C","100.000","%a.s.","22.257","deg","22.682","°C","985.000","hPa","0.861","-0.02056","0.00035","-0.00011","0","14.7","Humid","28.35","0","65.20","249304.93","SABD0002000014","AAV2.0.0.13","4.0.0.2353","PSt7-10","000000-000","8/7/2024 3:37:09 PM","0000-00","0","no battery","V","215852","µV","96196","µV"
"08/11/2024","11:57:12","2","default","203499907","Sensor2","41.375","min","229.431","μmol/L","Humid","22.907","deg","95044","µV","18.534","°C","985.000","hPa","35.0","pmil","0","51.462","deg","22.621","°C","100.000","%a.s.","22.257","deg","22.682","°C","985.000","hPa","0.861","-0.02056","0.00035","-0.00011","0","14.7","Humid","28.35","0","65.20","249305.12","SABD0002000014","AAV2.0.0.13","4.0.0.2353","PSt7-10","000000-000","8/7/2024 3:37:09 PM","0000-00","0","no battery","V","215852","µV","96196","µV"
"08/11/2024","11:57:13","2","default","203499907","Sensor2","41.392","min","229.292","μmol/L","Humid","22.916","deg","95041","µV","18.528","°C","985.000","hPa","35.0","pmil","0","51.462","deg","22.621","°C","100.000","%a.s.","22.257","deg","22.682","°C","985.000","hPa","0.861","-0.02056","0.00035","-0.00011","0","14.7","Humid","28.35","0","65.20","249294.97","SABD0002000014","AAV2.0.0.13","4.0.0.2353","PSt7-10","000000-000","8/7/2024 3:37:09 PM","0000-00","0","no battery","V","215852","µV","96196","µV"
"08/11/2024","11:57:14","2","default","203499907","Sensor2","41.408","min","229.345","μmol/L","Humid","22.909","deg","95040","µV","18.540","°C","985.000","hPa","35.0","pmil","0","51.462","deg","22.621","°C","100.000","%a.s.","22.257","deg","22.682","°C","985.000","hPa","0.861","-0.02056","0.00035","-0.00011","0","14.7","Humid","28.35","0","65.20","249296.72","SABD0002000014","AAV2.0.0.13","4.0.0.2353","PSt7-10","000000-000","8/7/2024 3:37:09 PM","0000-00","0","no battery","V","215852","µV","96196","µV"
"08/11/2024","11:57:15","2","default","203499907","Sensor2","41.425","min","229.283","μmol/L","Humid","22.912","deg","95048","µV","18.540","°C","985.000","hPa","35.0","pmil","0","51.462","deg","22.621","°C","100.000","%a.s.","22.257","deg","22.682","°C","985.000","hPa","0.861","-0.02056","0.00035","-0.00011","0","14.7","Humid","28.35","0","65.20","249307.57","SABD0002000014","AAV2.0.0.13","4.0.0.2353","PSt7-10","000000-000","8/7/2024 3:37:09 PM","0000-00","0","no battery","V","215852","µV","96196","µV"
"08/11/2024","11:57:16","2","default","203499907","Sensor2","41.441","min","229.243","μmol/L","Humid","22.914","deg","95045","µV","18.540","°C","985.000","hPa","35.0","pmil","0","51.462","deg","22.621","°C","100.000","%a.s.","22.257","deg","22.682","°C","985.000","hPa","0.861","-0.02056","0.00035","-0.00011","0","14.7","Humid","28.35","0","65.20","249301.26","SABD0002000014","AAV2.0.0.13","4.0.0.2353","PSt7-10","000000-000","8/7/2024 3:37:09 PM","0000-00","0","no battery","V","215852","µV","96196","µV"
"08/11/2024","11:57:17","2","default","203499907","Sensor2","41.458","min","229.308","μmol/L","Humid","22.913","deg","95043","µV","18.534","°C","985.000","hPa","35.0","pmil","0","51.462","deg","22.621","°C","100.000","%a.s.","22.257","deg","22.682","°C","985.000","hPa","0.861","-0.02056","0.00035","-0.00011","0","14.7","Humid","28.35","0","65.20","249302.42","SABD0002000014","AAV2.0.0.13","4.0.0.2353","PSt7-10","000000-000","8/7/2024 3:37:09 PM","0000-00","0","no battery","V","215852","µV","96196","µV"
"08/11/2024","11:57:18","2","default","203499907","Sensor2","41.474","min","229.202","μmol/L","Humid","22.916","deg","95048","µV","18.540","°C","985.000","hPa","35.0","pmil","0","51.462","deg","22.621","°C","100.000","%a.s.","22.257","deg","22.682","°C","985.000","hPa","0.861","-0.02056","0.00035","-0.00011","0","14.7","Humid","28.35","0","65.20","249293.98","SABD0002000014","AAV2.0.0.13","4.0.0.2353","PSt7-10","000000-000","8/7/2024 3:37:09 PM","0000-00","0","no battery","V","215852","µV","96196","µV"
"08/11/2024","11:57:19","2","default","203499907","Sensor2","41.491","min","229.222","μmol/L","Humid","22.915","deg","95045","µV","18.540","°C","985.000","hPa","35.0","pmil","0","51.462","deg","22.621","°C","100.000","%a.s.","22.257","deg","22.682","°C","985.000","hPa","0.861","-0.02056","0.00035","-0.00011","0","14.7","Humid","28.35","0","65.20","249291.13","SABD0002000014","AAV2.0.0.13","4.0.0.2353","PSt7-10","000000-000","8/7/2024 3:37:09 PM","0000-00","0","no battery","V","215852","µV","96196","µV"
"08/11/2024","11:57:20","2","default","203499907","Sensor2","41.508","min","229.202","μmol/L","Humid","22.916","deg","95053","µV","18.540","°C","985.000","hPa","35.0","pmil","0","51.462","deg","22.621","°C","100.000","%a.s.","22.257","deg","22.682","°C","985.000","hPa","0.861","-0.02056","0.00035","-0.00011","0","14.7","Humid","28.35","0","65.20","249295.55","SABD0002000014","AAV2.0.0.13","4.0.0.2353","PSt7-10","000000-000","8/7/2024 3:37:09 PM","0000-00","0","no battery","V","215852","µV","96196","µV"
"08/11/2024","11:57:21","2","default","203499907","Sensor2","41.525","min","229.288","μmol/L","Humid","22.914","deg","95055","µV","18.534","°C","985.000","hPa","35.0","pmil","0","51.462","deg","22.621","°C","100.000","%a.s.","22.257","deg","22.682","°C","985.000","hPa","0.861","-0.02056","0.00035","-0.00011","0","14.7","Humid","28.35","0","65.20","249300.17","SABD0002000014","AAV2.0.0.13","4.0.0.2353","PSt7-10","000000-000","8/7/2024 3:37:09 PM","0000-00","0","no battery","V","215852","µV","96196","µV"
"08/11/2024","11:57:22","2","default","203499907","Sensor2","41.541","min","229.226","μmol/L","Humid","22.917","deg","95045","µV","18.534","°C","985.000","hPa","35.0","pmil","0","51.462","deg","22.621","°C","100.000","%a.s.","22.257","deg","22.682","°C","985.000","hPa","0.861","-0.02056","0.00035","-0.00011","0","14.7","Humid","28.35","0","65.20","249282.37","SABD0002000014","AAV2.0.0.13","4.0.0.2353","PSt7-10","000000-000","8/7/2024 3:37:09 PM","0000-00","0","no battery","V","215852","µV","96196","µV"
"08/11/2024","11:57:23","2","default","203499907","Sensor2","41.558","min","229.181","μmol/L","Humid","22.917","deg","95057","µV","18.540","°C","985.000","hPa","35.0","pmil","0","51.462","deg","22.621","°C","100.000","%a.s.","22.257","deg","22.682","°C","985.000","hPa","0.861","-0.02056","0.00035","-0.00011","0","14.7","Humid","28.35","0","65.20","249296.36","SABD0002000014","AAV2.0.0.13","4.0.0.2353","PSt7-10","000000-000","8/7/2024 3:37:09 PM","0000-00","0","no battery","V","215852","µV","96196","µV"
"08/11/2024","11:57:24","2","default","203499907","Sensor2","41.575","min","229.120","μmol/L","Humid","22.920","deg","95061","µV","18.540","°C","985.000","hPa","35.0","pmil","0","51.462","deg","22.621","°C","100.000","%a.s.","22.257","deg","22.682","°C","985.000","hPa","0.861","-0.02056","0.00035","-0.00011","0","14.7","Humid","28.35","0","65.20","249291.63","SABD0002000014","AAV2.0.0.13","4.0.0.2353","PSt7-10","000000-000","8/7/2024 3:37:09 PM","0000-00","0","no battery","V","215852","µV","96196","µV"
"08/11/2024","11:57:25","2","default","203499907","Sensor2","41.591","min","229.140","μmol/L","Humid","22.919","deg","95046","µV","18.540","°C","985.000","hPa","35.0","pmil","0","51.462","deg","22.621","°C","100.000","%a.s.","22.257","deg","22.682","°C","985.000","hPa","0.861","-0.02056","0.00035","-0.00011","0","14.7","Humid","28.35","0","65.20","249286.66","SABD0002000014","AAV2.0.0.13","4.0.0.2353","PSt7-10","000000-000","8/7/2024 3:37:09 PM","0000-00","0","no battery","V","215852","µV","96196","µV"
"08/11/2024","11:57:26","2","default","203499907","Sensor2","41.608","min","229.202","μmol/L","Humid","22.916","deg","95055","µV","18.540","°C","985.000","hPa","35.0","pmil","0","51.462","deg","22.621","°C","100.000","%a.s.","22.257","deg","22.682","°C","985.000","hPa","0.861","-0.02056","0.00035","-0.00011","0","14.7","Humid","28.35","0","65.20","249286.90","SABD0002000014","AAV2.0.0.13","4.0.0.2353","PSt7-10","000000-000","8/7/2024 3:37:09 PM","0000-00","0","no battery","V","215852","µV","96196","µV"
"08/11/2024","11:57:27","2","default","203499907","Sensor2","41.625","min","229.161","μmol/L","Humid","22.918","deg","95061","µV","18.540","°C","985.000","hPa","35.0","pmil","0","51.462","deg","22.621","°C","100.000","%a.s.","22.257","deg","22.682","°C","985.000","hPa","0.861","-0.02056","0.00035","-0.00011","0","14.7","Humid","28.35","0","65.20","249282.08","SABD0002000014","AAV2.0.0.13","4.0.0.2353","PSt7-10","000000-000","8/7/2024 3:37:09 PM","0000-00","0","no battery","V","215852","µV","96196","µV"
"08/11/2024","11:57:28","2","default","203499907","Sensor2","41.642","min","229.267","μmol/L","Humid","22.915","deg","95064","µV","18.534","°C","985.000","hPa","35.0","pmil","0","51.462","deg","22.621","°C","100.000","%a.s.","22.257","deg","22.682","°C","985.000","hPa","0.861","-0.02056","0.00035","-0.00011","0","14.7","Humid","28.35","0","65.20","249280.76","SABD0002000014","AAV2.0.0.13","4.0.0.2353","PSt7-10","000000-000","8/7/2024 3:37:09 PM","0000-00","0","no battery","V","215852","µV","96196","µV"
"08/11/2024","11:57:29","2","default","203499907","Sensor2","41.658","min","229.226","μmol/L","Humid","22.917","deg","95068","µV","18.534","°C","985.000","hPa","35.0","pmil","0","51.462","deg","22.621","°C","100.000","%a.s.","22.257","deg","22.682","°C","985.000","hPa","0.861","-0.02056","0.00035","-0.00011","0","14.7","Humid","28.35","0","65.20","249284.90","SABD0002000014","AAV2.0.0.13","4.0.0.2353","PSt7-10","000000-000","8/7/2024 3:37:09 PM","0000-00","0","no battery","V","215852","µV","96196","µV"
"08/11/2024","11:57:30","2","default","203499907","Sensor2","41.675","min","229.104","μmol/L","Humid","22.923","deg","95064","µV","18.534","°C","985.000","hPa","35.0","pmil","0","51.462","deg","22.621","°C","100.000","%a.s.","22.257","deg","22.682","°C","985.000","hPa","0.861","-0.02056","0.00035","-0.00011","0","14.7","Humid","28.35","0","65.20","249292.22","SABD0002000014","AAV2.0.0.13","4.0.0.2353","PSt7-10","000000-000","8/7/2024 3:37:09 PM","0000-00","0","no battery","V","215852","µV","96196","µV"
"08/11/2024","11:57:31","2","default","203499907","Sensor2","41.691","min","229.054","μmol/L","Humid","22.921","deg","95068","µV","18.546","°C","985.000","hPa","35.0","pmil","0","51.462","deg","22.621","°C","100.000","%a.s.","22.257","deg","22.682","°C","985.000","hPa","0.861","-0.02056","0.00035","-0.00011","0","14.7","Humid","28.35","0","65.20","249286.41","SABD0002000014","AAV2.0.0.13","4.0.0.2353","PSt7-10","000000-000","8/7/2024 3:37:09 PM","0000-00","0","no battery","V","215852","µV","96196","µV"
"08/11/2024","11:57:32","2","default","203499907","Sensor2","41.708","min","229.120","μmol/L","Humid","22.920","deg","95068","µV","18.540","°C","985.000","hPa","35.0","pmil","0","51.462","deg","22.621","°C","100.000","%a.s.","22.257","deg","22.682","°C","985.000","hPa","0.861","-0.02056","0.00035","-0.00011","0","14.7","Humid","28.35","0","65.20","249288.78","SABD0002000014","AAV2.0.0.13","4.0.0.2353","PSt7-10","000000-000","8/7/2024 3:37:09 PM","0000-00","0","no battery","V","215852","µV","96196","µV"
"08/11/2024","11:57:33","2","default","203499907","Sensor2","41.724","min","229.206","μmol/L","Humid","22.918","deg","95068","µV","18.534","°C","985.000","hPa","35.0","pmil","0","51.462","deg","22.621","°C","100.000","%a.s.","22.257","deg","22.682","°C","985.000","hPa","0.861","-0.02056","0.00035","-0.00011","0","14.7","Humid","28.35","0","65.20","249284.58","SABD0002000014","AAV2.0.0.13","4.0.0.2353","PSt7-10","000000-000","8/7/2024 3:37:09 PM","0000-00","0","no battery","V","215852","µV","96196","µV"
"08/11/2024","11:57:34","2","default","203499907","Sensor2","41.741","min","229.079","μmol/L","Humid","22.922","deg","95068","µV","18.540","°C","985.000","hPa","35.0","pmil","0","51.462","deg","22.621","°C","100.000","%a.s.","22.257","deg","22.682","°C","985.000","hPa","0.861","-0.02056","0.00035","-0.00011","0","14.7","Humid","28.35","0","65.20","249283.24","SABD0002000014","AAV2.0.0.13","4.0.0.2353","PSt7-10","000000-000","8/7/2024 3:37:09 PM","0000-00","0","no battery","V","215852","µV","96196","µV"
"08/11/2024","11:57:35","2","default","203499907","Sensor2","41.758","min","229.247","μmol/L","Humid","22.916","deg","95075","µV","18.534","°C","985.000","hPa","35.0","pmil","0","51.462","deg","22.621","°C","100.000","%a.s.","22.257","deg","22.682","°C","985.000","hPa","0.861","-0.02056","0.00035","-0.00011","0","14.7","Humid","28.35","0","65.20","249301.64","SABD0002000014","AAV2.0.0.13","4.0.0.2353","PSt7-10","000000-000","8/7/2024 3:37:09 PM","0000-00","0","no battery","V","215852","µV","96196","µV"
"08/11/2024","11:57:36","2","default","203499907","Sensor2","41.775","min","229.058","μmol/L","Humid","22.923","deg","95069","µV","18.540","°C","985.000","hPa","35.0","pmil","0","51.462","deg","22.621","°C","100.000","%a.s.","22.257","deg","22.682","°C","985.000","hPa","0.861","-0.02056","0.00035","-0.00011","0","14.7","Humid","28.35","0","65.20","249288.51","SABD0002000014","AAV2.0.0.13","4.0.0.2353","PSt7-10","000000-000","8/7/2024 3:37:09 PM","0000-00","0","no battery","V","215852","µV","96196","µV"
"08/11/2024","11:57:37","2","default","203499907","Sensor2","41.791","min","229.063","μmol/L","Humid","22.925","deg","95079","µV","18.534","°C","985.000","hPa","35.0","pmil","0","51.462","deg","22.621","°C","100.000","%a.s.","22.257","deg","22.682","°C","985.000","hPa","0.861","-0.02056","0.00035","-0.00011","0","14.7","Humid","28.35","0","65.20","249289.80","SABD0002000014","AAV2.0.0.13","4.0.0.2353","PSt7-10","000000-000","8/7/2024 3:37:09 PM","0000-00","0","no battery","V","215852","µV","96196","µV"
"08/11/2024","11:57:38","2","default","203499907","Sensor2","41.808","min","229.058","μmol/L","Humid","22.923","deg","95083","µV","18.540","°C","985.000","hPa","35.0","pmil","0","51.462","deg","22.621","°C","100.000","%a.s.","22.257","deg","22.682","°C","985.000","hPa","0.861","-0.02056","0.00035","-0.00011","0","14.7","Humid","28.35","0","65.20","249297.83","SABD0002000014","AAV2.0.0.13","4.0.0.2353","PSt7-10","000000-000","8/7/2024 3:37:09 PM","0000-00","0","no battery","V","215852","µV","96196","µV"
"08/11/2024","11:57:39","2","default","203499907","Sensor2","41.825","min","229.124","μmol/L","Humid","22.922","deg","95079","µV","18.534","°C","985.000","hPa","35.0","pmil","0","51.462","deg","22.621","°C","100.000","%a.s.","22.257","deg","22.682","°C","985.000","hPa","0.861","-0.02056","0.00035","-0.00011","0","14.7","Humid","28.35","0","65.20","249285.05","SABD0002000014","AAV2.0.0.13","4.0.0.2353","PSt7-10","000000-000","8/7/2024 3:37:09 PM","0000-00","0","no battery","V","215852","µV","96196","µV"
"08/11/2024","11:57:40","2","default","203499907","Sensor2","41.842","min","229.058","μmol/L","Humid","22.923","deg","95083","µV","18.540","°C","985.000","hPa","35.0","pmil","0","51.462","deg","22.621","°C","100.000","%a.s.","22.257","deg","22.682","°C","985.000","hPa","0.861","-0.02056","0.00035","-0.00011","0","14.7","Humid","28.35","0","65.20","249301.22","SABD0002000014","AAV2.0.0.13","4.0.0.2353","PSt7-10","000000-000","8/7/2024 3:37:09 PM","0000-00","0","no battery","V","215852","µV","96196","µV"
"08/11/2024","11:57:41","2","default","203499907","Sensor2","41.858","min","229.017","μmol/L","Humid","22.925","deg","95089","µV","18.540","°C","985.000","hPa","35.0","pmil","0","51.462","deg","22.621","°C","100.000","%a.s.","22.257","deg","22.682","°C","985.000","hPa","0.861","-0.02056","0.00035","-0.00011","0","14.7","Humid","28.35","0","65.20","249300.25","SABD0002000014","AAV2.0.0.13","4.0.0.2353","PSt7-10","000000-000","8/7/2024 3:37:09 PM","0000-00","0","no battery","V","215852","µV","96196","µV"
"08/11/2024","11:57:42","2","default","203499907","Sensor2","41.875","min","229.099","μmol/L","Humid","22.921","deg","95081","µV","18.540","°C","985.000","hPa","35.0","pmil","0","51.462","deg","22.621","°C","100.000","%a.s.","22.257","deg","22.682","°C","985.000","hPa","0.861","-0.02056","0.00035","-0.00011","0","14.7","Humid","28.35","0","65.20","249295.37","SABD0002000014","AAV2.0.0.13","4.0.0.2353","PSt7-10","000000-000","8/7/2024 3:37:09 PM","0000-00","0","no battery","V","215852","µV","96196","µV"
"08/11/2024","11:57:43","2","default","203499907","Sensor2","41.892","min","228.936","μmol/L","Humid","22.929","deg","95090","µV","18.540","°C","985.000","hPa","35.0","pmil","0","51.462","deg","22.621","°C","100.000","%a.s.","22.257","deg","22.682","°C","985.000","hPa","0.861","-0.02056","0.00035","-0.00011","0","14.7","Humid","28.35","0","65.20","249294.28","SABD0002000014","AAV2.0.0.13","4.0.0.2353","PSt7-10","000000-000","8/7/2024 3:37:09 PM","0000-00","0","no battery","V","215852","µV","96196","µV"
"08/11/2024","11:57:44","2","default","203499907","Sensor2","41.908","min","228.997","μmol/L","Humid","22.926","deg","95089","µV","18.540","°C","985.000","hPa","35.0","pmil","0","51.462","deg","22.621","°C","100.000","%a.s.","22.257","deg","22.682","°C","985.000","hPa","0.861","-0.02056","0.00035","-0.00011","0","14.7","Humid","28.35","0","65.20","249288.16","SABD0002000014","AAV2.0.0.13","4.0.0.2353","PSt7-10","000000-000","8/7/2024 3:37:09 PM","0000-00","0","no battery","V","215852","µV","96196","µV"
"08/11/2024","11:57:45","2","default","203499907","Sensor2","41.925","min","229.099","μmol/L","Humid","22.921","deg","95094","µV","18.540","°C","985.000","hPa","35.0","pmil","0","51.462","deg","22.621","°C","100.000","%a.s.","22.257","deg","22.682","°C","985.000","hPa","0.861","-0.02056","0.00035","-0.00011","0","14.7","Humid","28.35","0","65.20","249289.51","SABD0002000014","AAV2.0.0.13","4.0.0.2353","PSt7-10","000000-000","8/7/2024 3:37:09 PM","0000-00","0","no battery","V","215852","µV","96196","µV"
"08/11/2024","11:57:46","2","default","203499907","Sensor2","41.942","min","228.956","μmol/L","Humid","22.928","deg","95089","µV","18.540","°C","985.000","hPa","35.0","pmil","0","51.462","deg","22.621","°C","100.000","%a.s.","22.257","deg","22.682","°C","985.000","hPa","0.861","-0.02056","0.00035","-0.00011","0","14.7","Humid","28.35","0","65.20","249293.26","SABD0002000014","AAV2.0.0.13","4.0.0.2353","PSt7-10","000000-000","8/7/2024 3:37:09 PM","0000-00","0","no battery","V","215852","µV","96196","µV"
"08/11/2024","11:57:47","2","default","203499907","Sensor2","41.958","min","228.931","μmol/L","Humid","22.927","deg","95096","µV","18.546","°C","985.000","hPa","35.0","pmil","0","51.462","deg","22.621","°C","100.000","%a.s.","22.257","deg","22.682","°C","985.000","hPa","0.861","-0.02056","0.00035","-0.00011","0","14.7","Humid","28.35","0","65.20","249291.70","SABD0002000014","AAV2.0.0.13","4.0.0.2353","PSt7-10","000000-000","8/7/2024 3:37:09 PM","0000-00","0","no battery","V","215852","µV","96196","µV"
"08/11/2024","11:57:48","2","default","203499907","Sensor2","41.974","min","229.017","μmol/L","Humid","22.925","deg","95092","µV","18.540","°C","985.000","hPa","35.0","pmil","0","51.462","deg","22.621","°C","100.000","%a.s.","22.257","deg","22.682","°C","985.000","hPa","0.861","-0.02056","0.00035","-0.00011","0","14.7","Humid","28.35","0","65.20","249285.27","SABD0002000014","AAV2.0.0.13","4.0.0.2353","PSt7-10","000000-000","8/7/2024 3:37:09 PM","0000-00","0","no battery","V","215852","µV","96196","µV"
"08/11/2024","11:57:49","2","default","203499907","Sensor2","41.991","min","228.911","μmol/L","Humid","22.928","deg","95097","µV","18.546","°C","985.000","hPa","35.0","pmil","0","51.462","deg","22.621","°C","100.000","%a.s.","22.257","deg","22.682","°C","985.000","hPa","0.861","-0.02056","0.00035","-0.00011","0","14.7","Humid","28.35","0","65.20","249308.52","SABD0002000014","AAV2.0.0.13","4.0.0.2353","PSt7-10","000000-000","8/7/2024 3:37:09 PM","0000-00","0","no battery","V","215852","µV","96196","µV"
"08/11/2024","11:57:50","2","default","203499907","Sensor2","42.008","min","228.997","μmol/L","Humid","22.926","deg","95097","µV","18.540","°C","985.000","hPa","35.0","pmil","0","51.462","deg","22.621","°C","100.000","%a.s.","22.257","deg","22.682","°C","985.000","hPa","0.861","-0.02056","0.00035","-0.00011","0","14.7","Humid","28.35","0","65.20","249289.21","SABD0002000014","AAV2.0.0.13","4.0.0.2353","PSt7-10","000000-000","8/7/2024 3:37:09 PM","0000-00","0","no battery","V","215852","µV","96196","µV"
"08/11/2024","11:57:51","2","default","203499907","Sensor2","42.025","min","228.960","μmol/L","Humid","22.930","deg","95092","µV","18.534","°C","985.000","hPa","35.0","pmil","0","51.462","deg","22.621","°C","100.000","%a.s.","22.257","deg","22.682","°C","985.000","hPa","0.861","-0.02056","0.00035","-0.00011","0","14.7","Humid","28.35","0","65.20","249292.73","SABD0002000014","AAV2.0.0.13","4.0.0.2353","PSt7-10","000000-000","8/7/2024 3:37:09 PM","0000-00","0","no battery","V","215852","µV","96196","µV"
"08/11/2024","11:57:52","2","default","203499907","Sensor2","42.041","min","229.099","μmol/L","Humid","22.921","deg","95100","µV","18.540","°C","985.000","hPa","35.0","pmil","0","51.462","deg","22.621","°C","100.000","%a.s.","22.257","deg","22.682","°C","985.000","hPa","0.861","-0.02056","0.00035","-0.00011","0","14.7","Humid","28.35","0","65.20","249292.57","SABD0002000014","AAV2.0.0.13","4.0.0.2353","PSt7-10","000000-000","8/7/2024 3:37:09 PM","0000-00","0","no battery","V","215852","µV","96196","µV"
"08/11/2024","11:57:53","2","default","203499907","Sensor2","42.058","min","228.977","μmol/L","Humid","22.927","deg","95101","µV","18.540","°C","985.000","hPa","35.0","pmil","0","51.462","deg","22.621","°C","100.000","%a.s.","22.257","deg","22.682","°C","985.000","hPa","0.861","-0.02056","0.00035","-0.00011","0","14.7","Humid","28.35","0","65.20","249291.88","SABD0002000014","AAV2.0.0.13","4.0.0.2353","PSt7-10","000000-000","8/7/2024 3:37:09 PM","0000-00","0","no battery","V","215852","µV","96196","µV"
"08/11/2024","11:57:54","2","default","203499907","Sensor2","42.075","min","229.001","μmol/L","Humid","22.928","deg","95106","µV","18.534","°C","985.000","hPa","35.0","pmil","0","51.462","deg","22.621","°C","100.000","%a.s.","22.257","deg","22.682","°C","985.000","hPa","0.861","-0.02056","0.00035","-0.00011","0","14.7","Humid","28.35","0","65.20","249287.98","SABD0002000014","AAV2.0.0.13","4.0.0.2353","PSt7-10","000000-000","8/7/2024 3:37:09 PM","0000-00","0","no battery","V","215852","µV","96196","µV"
"08/11/2024","11:57:55","2","default","203499907","Sensor2","42.092","min","228.911","μmol/L","Humid","22.928","deg","95110","µV","18.546","°C","985.000","hPa","35.0","pmil","0","51.462","deg","22.621","°C","100.000","%a.s.","22.257","deg","22.682","°C","985.000","hPa","0.861","-0.02056","0.00035","-0.00011","0","14.7","Humid","28.35","0","65.20","249298.85","SABD0002000014","AAV2.0.0.13","4.0.0.2353","PSt7-10","000000-000","8/7/2024 3:37:09 PM","0000-00","0","no battery","V","215852","µV","96196","µV"
"08/11/2024","11:57:56","2","default","203499907","Sensor2","42.108","min","229.022","μmol/L","Humid","22.927","deg","95103","µV","18.534","°C","985.000","hPa","35.0","pmil","0","51.462","deg","22.621","°C","100.000","%a.s.","22.257","deg","22.682","°C","985.000","hPa","0.861","-0.02056","0.00035","-0.00011","0","14.7","Humid","28.35","0","65.20","249282.57","SABD0002000014","AAV2.0.0.13","4.0.0.2353","PSt7-10","000000-000","8/7/2024 3:37:09 PM","0000-00","0","no battery","V","215852","µV","96196","µV"
"08/11/2024","11:57:57","2","default","203499907","Sensor2","42.125","min","228.890","μmol/L","Humid","22.929","deg","95098","µV","18.546","°C","985.000","hPa","35.0","pmil","0","51.462","deg","22.621","°C","100.000","%a.s.","22.257","deg","22.682","°C","985.000","hPa","0.861","-0.02056","0.00035","-0.00011","0","14.7","Humid","28.35","0","65.20","249290.46","SABD0002000014","AAV2.0.0.13","4.0.0.2353","PSt7-10","000000-000","8/7/2024 3:37:09 PM","0000-00","0","no battery","V","215852","µV","96196","µV"
"08/11/2024","11:57:58","2","default","203499907","Sensor2","42.142","min","228.874","μmol/L","Humid","22.932","deg","95109","µV","18.540","°C","985.000","hPa","35.0","pmil","0","51.462","deg","22.621","°C","100.000","%a.s.","22.257","deg","22.682","°C","985.000","hPa","0.861","-0.02056","0.00035","-0.00011","0","14.7","Humid","28.35","0","65.20","249294.84","SABD0002000014","AAV2.0.0.13","4.0.0.2353","PSt7-10","000000-000","8/7/2024 3:37:09 PM","0000-00","0","no battery","V","215852","µV","96196","µV"
"08/11/2024","11:57:59","2","default","203499907","Sensor2","42.158","min","228.956","μmol/L","Humid","22.928","deg","95113","µV","18.540","°C","985.000","hPa","35.0","pmil","0","51.462","deg","22.621","°C","100.000","%a.s.","22.257","deg","22.682","°C","985.000","hPa","0.861","-0.02056","0.00035","-0.00011","0","14.7","Humid","28.35","0","65.20","249288.17","SABD0002000014","AAV2.0.0.13","4.0.0.2353","PSt7-10","000000-000","8/7/2024 3:37:09 PM","0000-00","0","no battery","V","215852","µV","96196","µV"
"08/11/2024","11:58:00","2","default","203499907","Sensor2","42.175","min","228.895","μmol/L","Humid","22.931","deg","95114","µV","18.540","°C","985.000","hPa","35.0","pmil","0","51.462","deg","22.621","°C","100.000","%a.s.","22.257","deg","22.682","°C","985.000","hPa","0.861","-0.02056","0.00035","-0.00011","0","14.7","Humid","28.35","0","65.20","249268.26","SABD0002000014","AAV2.0.0.13","4.0.0.2353","PSt7-10","000000-000","8/7/2024 3:37:09 PM","0000-00","0","no battery","V","215852","µV","96196","µV"
"08/11/2024","11:58:01","2","default","203499907","Sensor2","42.192","min","229.005","μmol/L","Humid","22.930","deg","95115","µV","18.528","°C","985.000","hPa","35.0","pmil","0","51.462","deg","22.621","°C","100.000","%a.s.","22.257","deg","22.682","°C","985.000","hPa","0.861","-0.02056","0.00035","-0.00011","0","14.7","Humid","28.35","0","65.20","249283.87","SABD0002000014","AAV2.0.0.13","4.0.0.2353","PSt7-10","000000-000","8/7/2024 3:37:09 PM","0000-00","0","no battery","V","215852","µV","96196","µV"
"08/11/2024","11:58:02","2","default","203499907","Sensor2","42.208","min","228.899","μmol/L","Humid","22.933","deg","95111","µV","18.534","°C","985.000","hPa","35.0","pmil","0","51.462","deg","22.621","°C","100.000","%a.s.","22.257","deg","22.682","°C","985.000","hPa","0.861","-0.02056","0.00035","-0.00011","0","14.7","Humid","28.35","0","65.20","249276.69","SABD0002000014","AAV2.0.0.13","4.0.0.2353","PSt7-10","000000-000","8/7/2024 3:37:09 PM","0000-00","0","no battery","V","215852","µV","96196","µV"
"08/11/2024","11:58:03","2","default","203499907","Sensor2","42.224","min","228.858","μmol/L","Humid","22.935","deg","95117","µV","18.534","°C","985.000","hPa","35.0","pmil","0","51.462","deg","22.621","°C","100.000","%a.s.","22.257","deg","22.682","°C","985.000","hPa","0.861","-0.02056","0.00035","-0.00011","0","14.7","Humid","28.35","0","65.20","249280.76","SABD0002000014","AAV2.0.0.13","4.0.0.2353","PSt7-10","000000-000","8/7/2024 3:37:09 PM","0000-00","0","no battery","V","215852","µV","96196","µV"
"08/11/2024","11:58:04","2","default","203499907","Sensor2","42.241","min","228.895","μmol/L","Humid","22.931","deg","95114","µV","18.540","°C","985.000","hPa","35.0","pmil","0","51.462","deg","22.621","°C","100.000","%a.s.","22.257","deg","22.682","°C","985.000","hPa","0.861","-0.02056","0.00035","-0.00011","0","14.7","Humid","28.35","0","65.20","249276.81","SABD0002000014","AAV2.0.0.13","4.0.0.2353","PSt7-10","000000-000","8/7/2024 3:37:09 PM","0000-00","0","no battery","V","215852","µV","96196","µV"
"08/11/2024","11:58:05","2","default","203499907","Sensor2","42.258","min","228.919","μmol/L","Humid","22.932","deg","95121","µV","18.534","°C","985.000","hPa","35.0","pmil","0","51.462","deg","22.621","°C","100.000","%a.s.","22.257","deg","22.682","°C","985.000","hPa","0.861","-0.02056","0.00035","-0.00011","0","14.7","Humid","28.35","0","65.20","249278.36","SABD0002000014","AAV2.0.0.13","4.0.0.2353","PSt7-10","000000-000","8/7/2024 3:37:09 PM","0000-00","0","no battery","V","215852","µV","96196","µV"
"08/11/2024","11:58:06","2","default","203499907","Sensor2","42.275","min","228.879","μmol/L","Humid","22.934","deg","95121","µV","18.534","°C","985.000","hPa","35.0","pmil","0","51.462","deg","22.621","°C","100.000","%a.s.","22.257","deg","22.682","°C","985.000","hPa","0.861","-0.02056","0.00035","-0.00011","0","14.7","Humid","28.35","0","65.20","249277.15","SABD0002000014","AAV2.0.0.13","4.0.0.2353","PSt7-10","000000-000","8/7/2024 3:37:09 PM","0000-00","0","no battery","V","215852","µV","96196","µV"
"08/11/2024","11:58:07","2","default","203499907","Sensor2","42.291","min","228.903","μmol/L","Humid","22.935","deg","95115","µV","18.528","°C","985.000","hPa","35.0","pmil","0","51.462","deg","22.621","°C","100.000","%a.s.","22.257","deg","22.682","°C","985.000","hPa","0.861","-0.02056","0.00035","-0.00011","0","14.7","Humid","28.35","0","65.20","249278.17","SABD0002000014","AAV2.0.0.13","4.0.0.2353","PSt7-10","000000-000","8/7/2024 3:37:09 PM","0000-00","0","no battery","V","215852","µV","96196","µV"
"08/11/2024","11:58:08","2","default","203499907","Sensor2","42.308","min","228.936","μmol/L","Humid","22.929","deg","95121","µV","18.540","°C","985.000","hPa","35.0","pmil","0","51.462","deg","22.621","°C","100.000","%a.s.","22.257","deg","22.682","°C","985.000","hPa","0.861","-0.02056","0.00035","-0.00011","0","14.7","Humid","28.35","0","65.20","249281.87","SABD0002000014","AAV2.0.0.13","4.0.0.2353","PSt7-10","000000-000","8/7/2024 3:37:09 PM","0000-00","0","no battery","V","215852","µV","96196","µV"
"08/11/2024","11:58:09","2","default","203499907","Sensor2","42.325","min","228.874","μmol/L","Humid","22.932","deg","95123","µV","18.540","°C","985.000","hPa","35.0","pmil","0","51.462","deg","22.621","°C","100.000","%a.s.","22.257","deg","22.682","°C","985.000","hPa","0.861","-0.02056","0.00035","-0.00011","0","14.7","Humid","28.35","0","65.20","249285.04","SABD0002000014","AAV2.0.0.13","4.0.0.2353","PSt7-10","000000-000","8/7/2024 3:37:09 PM","0000-00","0","no battery","V","215852","µV","96196","µV"
"08/11/2024","11:58:10","2","default","203499907","Sensor2","42.342","min","228.797","μmol/L","Humid","22.938","deg","95122","µV","18.534","°C","985.000","hPa","35.0","pmil","0","51.462","deg","22.621","°C","100.000","%a.s.","22.257","deg","22.682","°C","985.000","hPa","0.861","-0.02056","0.00035","-0.00011","0","14.7","Humid","28.35","0","65.20","249296.51","SABD0002000014","AAV2.0.0.13","4.0.0.2353","PSt7-10","000000-000","8/7/2024 3:37:09 PM","0000-00","0","no battery","V","215852","µV","96196","µV"
"08/11/2024","11:58:11","2","default","203499907","Sensor2","42.358","min","228.833","μmol/L","Humid","22.934","deg","95131","µV","18.540","°C","985.000","hPa","35.0","pmil","0","51.462","deg","22.621","°C","100.000","%a.s.","22.257","deg","22.682","°C","985.000","hPa","0.861","-0.02056","0.00035","-0.00011","0","14.7","Humid","28.35","0","65.20","249279.44","SABD0002000014","AAV2.0.0.13","4.0.0.2353","PSt7-10","000000-000","8/7/2024 3:37:09 PM","0000-00","0","no battery","V","215852","µV","96196","µV"
"08/11/2024","11:58:12","2","default","203499907","Sensor2","42.375","min","228.747","μmol/L","Humid","22.936","deg","95128","µV","18.546","°C","985.000","hPa","35.0","pmil","0","51.462","deg","22.621","°C","100.000","%a.s.","22.257","deg","22.682","°C","985.000","hPa","0.861","-0.02056","0.00035","-0.00011","0","14.7","Humid","28.35","0","65.20","249280.30","SABD0002000014","AAV2.0.0.13","4.0.0.2353","PSt7-10","000000-000","8/7/2024 3:37:09 PM","0000-00","0","no battery","V","215852","µV","96196","µV"
"08/11/2024","11:58:13","2","default","203499907","Sensor2","42.391","min","228.838","μmol/L","Humid","22.936","deg","95131","µV","18.534","°C","985.000","hPa","35.0","pmil","0","51.462","deg","22.621","°C","100.000","%a.s.","22.257","deg","22.682","°C","985.000","hPa","0.861","-0.02056","0.00035","-0.00011","0","14.7","Humid","28.35","0","65.20","249272.86","SABD0002000014","AAV2.0.0.13","4.0.0.2353","PSt7-10","000000-000","8/7/2024 3:37:09 PM","0000-00","0","no battery","V","215852","µV","96196","µV"
"08/11/2024","11:58:14","2","default","203499907","Sensor2","42.408","min","228.670","μmol/L","Humid","22.942","deg","95137","µV","18.540","°C","985.000","hPa","35.0","pmil","0","51.462","deg","22.621","°C","100.000","%a.s.","22.257","deg","22.682","°C","985.000","hPa","0.861","-0.02056","0.00035","-0.00011","0","14.7","Humid","28.35","0","65.20","249283.61","SABD0002000014","AAV2.0.0.13","4.0.0.2353","PSt7-10","000000-000","8/7/2024 3:37:09 PM","0000-00","0","no battery","V","215852","µV","96196","µV"
"08/11/2024","11:58:15","2","default","203499907","Sensor2","42.424","min","228.833","μmol/L","Humid","22.934","deg","95137","µV","18.540","°C","985.000","hPa","35.0","pmil","0","51.462","deg","22.621","°C","100.000","%a.s.","22.257","deg","22.682","°C","985.000","hPa","0.861","-0.02056","0.00035","-0.00011","0","14.7","Humid","28.35","0","65.20","249275.99","SABD0002000014","AAV2.0.0.13","4.0.0.2353","PSt7-10","000000-000","8/7/2024 3:37:09 PM","0000-00","0","no battery","V","215852","µV","96196","µV"
"08/11/2024","11:58:16","2","default","203499907","Sensor2","42.441","min","228.736","μmol/L","Humid","22.941","deg","95133","µV","18.534","°C","985.000","hPa","35.0","pmil","0","51.462","deg","22.621","°C","100.000","%a.s.","22.257","deg","22.682","°C","985.000","hPa","0.861","-0.02056","0.00035","-0.00011","0","14.7","Humid","28.35","0","65.20","249279.77","SABD0002000014","AAV2.0.0.13","4.0.0.2353","PSt7-10","000000-000","8/7/2024 3:37:09 PM","0000-00","0","no battery","V","215852","µV","96196","µV"
"08/11/2024","11:58:17","2","default","203499907","Sensor2","42.458","min","228.752","μmol/L","Humid","22.938","deg","95139","µV","18.540","°C","985.000","hPa","35.0","pmil","0","51.462","deg","22.621","°C","100.000","%a.s.","22.257","deg","22.682","°C","985.000","hPa","0.861","-0.02056","0.00035","-0.00011","0","14.7","Humid","28.35","0","65.20","249287.91","SABD0002000014","AAV2.0.0.13","4.0.0.2353","PSt7-10","000000-000","8/7/2024 3:37:09 PM","0000-00","0","no battery","V","215852","µV","96196","µV"
"08/11/2024","11:58:18","2","default","203499907","Sensor2","42.475","min","228.690","μmol/L","Humid","22.941","deg","95137","µV","18.540","°C","985.000","hPa","35.0","pmil","0","51.462","deg","22.621","°C","100.000","%a.s.","22.257","deg","22.682","°C","985.000","hPa","0.861","-0.02056","0.00035","-0.00011","0","14.7","Humid","28.35","0","65.20","249293.51","SABD0002000014","AAV2.0.0.13","4.0.0.2353","PSt7-10","000000-000","8/7/2024 3:37:09 PM","0000-00","0","no battery","V","215852","µV","96196","µV"
"08/11/2024","11:58:19","2","default","203499907","Sensor2","42.491","min","228.711","μmol/L","Humid","22.940","deg","95152","µV","18.540","°C","985.000","hPa","35.0","pmil","0","51.462","deg","22.621","°C","100.000","%a.s.","22.257","deg","22.682","°C","985.000","hPa","0.861","-0.02056","0.00035","-0.00011","0","14.7","Humid","28.35","0","65.20","249298.88","SABD0002000014","AAV2.0.0.13","4.0.0.2353","PSt7-10","000000-000","8/7/2024 3:37:09 PM","0000-00","0","no battery","V","215852","µV","96196","µV"
"08/11/2024","11:58:20","2","default","203499907","Sensor2","42.508","min","228.797","μmol/L","Humid","22.938","deg","95149","µV","18.534","°C","985.000","hPa","35.0","pmil","0","51.462","deg","22.621","°C","100.000","%a.s.","22.257","deg","22.682","°C","985.000","hPa","0.861","-0.02056","0.00035","-0.00011","0","14.7","Humid","28.35","0","65.20","249281.24","SABD0002000014","AAV2.0.0.13","4.0.0.2353","PSt7-10","000000-000","8/7/2024 3:37:09 PM","0000-00","0","no battery","V","215852","µV","96196","µV"
"08/11/2024","11:58:21","2","default","203499907","Sensor2","42.525","min","228.772","μmol/L","Humid","22.937","deg","95143","µV","18.540","°C","985.000","hPa","35.0","pmil","0","51.462","deg","22.621","°C","100.000","%a.s.","22.257","deg","22.682","°C","985.000","hPa","0.861","-0.02056","0.00035","-0.00011","0","14.7","Humid","28.35","0","65.20","249282.20","SABD0002000014","AAV2.0.0.13","4.0.0.2353","PSt7-10","000000-000","8/7/2024 3:37:09 PM","0000-00","0","no battery","V","215852","µV","96196","µV"
"08/11/2024","11:58:22","2","default","203499907","Sensor2","42.542","min","228.731","μmol/L","Humid","22.939","deg","95141","µV","18.540","°C","985.000","hPa","35.0","pmil","0","51.462","deg","22.621","°C","100.000","%a.s.","22.257","deg","22.682","°C","985.000","hPa","0.861","-0.02056","0.00035","-0.00011","0","14.7","Humid","28.35","0","65.20","249277.05","SABD0002000014","AAV2.0.0.13","4.0.0.2353","PSt7-10","000000-000","8/7/2024 3:37:09 PM","0000-00","0","no battery","V","215852","µV","96196","µV"
"08/11/2024","11:58:23","2","default","203499907","Sensor2","42.558","min","228.654","μmol/L","Humid","22.945","deg","95147","µV","18.534","°C","985.000","hPa","35.0","pmil","0","51.462","deg","22.621","°C","100.000","%a.s.","22.257","deg","22.682","°C","985.000","hPa","0.861","-0.02056","0.00035","-0.00011","0","14.7","Humid","28.35","0","65.20","249273.71","SABD0002000014","AAV2.0.0.13","4.0.0.2353","PSt7-10","000000-000","8/7/2024 3:37:09 PM","0000-00","0","no battery","V","215852","µV","96196","µV"
"08/11/2024","11:58:24","2","default","203499907","Sensor2","42.575","min","228.731","μmol/L","Humid","22.939","deg","95145","µV","18.540","°C","985.000","hPa","35.0","pmil","0","51.462","deg","22.621","°C","100.000","%a.s.","22.257","deg","22.682","°C","985.000","hPa","0.861","-0.02056","0.00035","-0.00011","0","14.7","Humid","28.35","0","65.20","249273.55","SABD0002000014","AAV2.0.0.13","4.0.0.2353","PSt7-10","000000-000","8/7/2024 3:37:09 PM","0000-00","0","no battery","V","215852","µV","96196","µV"
"08/11/2024","11:58:25","2","default","203499907","Sensor2","42.591","min","228.781","μmol/L","Humid","22.941","deg","95155","µV","18.528","°C","985.000","hPa","35.0","pmil","0","51.462","deg","22.621","°C","100.000","%a.s.","22.257","deg","22.682","°C","985.000","hPa","0.861","-0.02056","0.00035","-0.00011","0","14.7","Humid","28.35","0","65.20","249282.29","SABD0002000014","AAV2.0.0.13","4.0.0.2353","PSt7-10","000000-000","8/7/2024 3:37:09 PM","0000-00","0","no battery","V","215852","µV","96196","µV"
"08/11/2024","11:58:26","2","default","203499907","Sensor2","42.608","min","228.793","μmol/L","Humid","22.936","deg","95144","µV","18.540","°C","985.000","hPa","35.0","pmil","0","51.462","deg","22.621","°C","100.000","%a.s.","22.257","deg","22.682","°C","985.000","hPa","0.861","-0.02056","0.00035","-0.00011","0","14.7","Humid","28.35","0","65.20","249277.25","SABD0002000014","AAV2.0.0.13","4.0.0.2353","PSt7-10","000000-000","8/7/2024 3:37:09 PM","0000-00","0","no battery","V","215852","µV","96196","µV"
"08/11/2024","11:58:27","2","default","203499907","Sensor2","42.625","min","228.650","μmol/L","Humid","22.943","deg","95152","µV","18.540","°C","985.000","hPa","35.0","pmil","0","51.462","deg","22.621","°C","100.000","%a.s.","22.257","deg","22.682","°C","985.000","hPa","0.861","-0.02056","0.00035","-0.00011","0","14.7","Humid","28.35","0","65.20","249278.13","SABD0002000014","AAV2.0.0.13","4.0.0.2353","PSt7-10","000000-000","8/7/2024 3:37:09 PM","0000-00","0","no battery","V","215852","µV","96196","µV"
"08/11/2024","11:58:28","2","default","203499907","Sensor2","42.641","min","228.695","μmol/L","Humid","22.943","deg","95151","µV","18.534","°C","985.000","hPa","35.0","pmil","0","51.462","deg","22.621","°C","100.000","%a.s.","22.257","deg","22.682","°C","985.000","hPa","0.861","-0.02056","0.00035","-0.00011","0","14.7","Humid","28.35","0","65.20","249277.52","SABD0002000014","AAV2.0.0.13","4.0.0.2353","PSt7-10","000000-000","8/7/2024 3:37:09 PM","0000-00","0","no battery","V","215852","µV","96196","µV"
"08/11/2024","11:58:29","2","default","203499907","Sensor2","42.658","min","228.625","μmol/L","Humid","22.942","deg","95157","µV","18.546","°C","985.000","hPa","35.0","pmil","0","51.462","deg","22.621","°C","100.000","%a.s.","22.257","deg","22.682","°C","985.000","hPa","0.861","-0.02056","0.00035","-0.00011","0","14.7","Humid","28.35","0","65.20","249288.11","SABD0002000014","AAV2.0.0.13","4.0.0.2353","PSt7-10","000000-000","8/7/2024 3:37:09 PM","0000-00","0","no battery","V","215852","µV","96196","µV"
"08/11/2024","11:58:30","2","default","203499907","Sensor2","42.674","min","228.674","μmol/L","Humid","22.944","deg","95155","µV","18.534","°C","985.000","hPa","35.0","pmil","0","51.462","deg","22.621","°C","100.000","%a.s.","22.257","deg","22.682","°C","985.000","hPa","0.861","-0.02056","0.00035","-0.00011","0","14.7","Humid","28.35","0","65.20","249261.75","SABD0002000014","AAV2.0.0.13","4.0.0.2353","PSt7-10","000000-000","8/7/2024 3:37:09 PM","0000-00","0","no battery","V","215852","µV","96196","µV"
"08/11/2024","11:58:31","2","default","203499907","Sensor2","42.691","min","228.588","μmol/L","Humid","22.946","deg","95158","µV","18.540","°C","985.000","hPa","35.0","pmil","0","51.462","deg","22.621","°C","100.000","%a.s.","22.257","deg","22.682","°C","985.000","hPa","0.861","-0.02056","0.00035","-0.00011","0","14.7","Humid","28.35","0","65.20","249286.89","SABD0002000014","AAV2.0.0.13","4.0.0.2353","PSt7-10","000000-000","8/7/2024 3:37:09 PM","0000-00","0","no battery","V","215852","µV","96196","µV"
"08/11/2024","11:58:32","2","default","203499907","Sensor2","42.708","min","228.654","μmol/L","Humid","22.945","deg","95160","µV","18.534","°C","985.000","hPa","35.0","pmil","0","51.462","deg","22.621","°C","100.000","%a.s.","22.257","deg","22.682","°C","985.000","hPa","0.861","-0.02056","0.00035","-0.00011","0","14.7","Humid","28.35","0","65.20","249282.57","SABD0002000014","AAV2.0.0.13","4.0.0.2353","PSt7-10","000000-000","8/7/2024 3:37:09 PM","0000-00","0","no battery","V","215852","µV","96196","µV"
"08/11/2024","11:58:33","2","default","203499907","Sensor2","42.725","min","228.609","μmol/L","Humid","22.945","deg","95163","µV","18.540","°C","985.000","hPa","35.0","pmil","0","51.462","deg","22.621","°C","100.000","%a.s.","22.257","deg","22.682","°C","985.000","hPa","0.861","-0.02056","0.00035","-0.00011","0","14.7","Humid","28.35","0","65.20","249276.37","SABD0002000014","AAV2.0.0.13","4.0.0.2353","PSt7-10","000000-000","8/7/2024 3:37:09 PM","0000-00","0","no battery","V","215852","µV","96196","µV"
"08/11/2024","11:58:34","2","default","203499907","Sensor2","42.742","min","228.650","μmol/L","Humid","22.943","deg","95167","µV","18.540","°C","985.000","hPa","35.0","pmil","0","51.462","deg","22.621","°C","100.000","%a.s.","22.257","deg","22.682","°C","985.000","hPa","0.861","-0.02056","0.00035","-0.00011","0","14.7","Humid","28.35","0","65.20","249288.63","SABD0002000014","AAV2.0.0.13","4.0.0.2353","PSt7-10","000000-000","8/7/2024 3:37:09 PM","0000-00","0","no battery","V","215852","µV","96196","µV"
"08/11/2024","11:58:35","2","default","203499907","Sensor2","42.758","min","228.593","μmol/L","Humid","22.948","deg","95172","µV","18.534","°C","985.000","hPa","35.0","pmil","0","51.462","deg","22.621","°C","100.000","%a.s.","22.257","deg","22.682","°C","985.000","hPa","0.861","-0.02056","0.00035","-0.00011","0","14.7","Humid","28.35","0","65.20","249276.68","SABD0002000014","AAV2.0.0.13","4.0.0.2353","PSt7-10","000000-000","8/7/2024 3:37:09 PM","0000-00","0","no battery","V","215852","µV","96196","µV"
"08/11/2024","11:58:36","2","default","203499907","Sensor2","42.775","min","228.548","μmol/L","Humid","22.948","deg","95169","µV","18.540","°C","985.000","hPa","35.0","pmil","0","51.462","deg","22.621","°C","100.000","%a.s.","22.257","deg","22.682","°C","985.000","hPa","0.861","-0.02056","0.00035","-0.00011","0","14.7","Humid","28.35","0","65.20","249286.09","SABD0002000014","AAV2.0.0.13","4.0.0.2353","PSt7-10","000000-000","8/7/2024 3:37:09 PM","0000-00","0","no battery","V","215852","µV","96196","µV"
"08/11/2024","11:58:37","2","default","203499907","Sensor2","42.791","min","228.593","μmol/L","Humid","22.948","deg","95175","µV","18.534","°C","985.000","hPa","35.0","pmil","0","51.462","deg","22.621","°C","100.000","%a.s.","22.257","deg","22.682","°C","985.000","hPa","0.861","-0.02056","0.00035","-0.00011","0","14.7","Humid","28.35","0","65.20","249278.50","SABD0002000014","AAV2.0.0.13","4.0.0.2353","PSt7-10","000000-000","8/7/2024 3:37:09 PM","0000-00","0","no battery","V","215852","µV","96196","µV"
"08/11/2024","11:58:38","2","default","203499907","Sensor2","42.808","min","228.695","μmol/L","Humid","22.943","deg","95171","µV","18.534","°C","985.000","hPa","35.0","pmil","0","51.462","deg","22.621","°C","100.000","%a.s.","22.257","deg","22.682","°C","985.000","hPa","0.861","-0.02056","0.00035","-0.00011","0","14.7","Humid","28.35","0","65.20","249283.17","SABD0002000014","AAV2.0.0.13","4.0.0.2353","PSt7-10","000000-000","8/7/2024 3:37:09 PM","0000-00","0","no battery","V","215852","µV","96196","µV"
"08/11/2024","11:58:39","2","default","203499907","Sensor2","42.825","min","228.658","μmol/L","Humid","22.947","deg","95172","µV","18.528","°C","985.000","hPa","35.0","pmil","0","51.462","deg","22.621","°C","100.000","%a.s.","22.257","deg","22.682","°C","985.000","hPa","0.861","-0.02056","0.00035","-0.00011","0","14.7","Humid","28.35","0","65.20","249286.79","SABD0002000014","AAV2.0.0.13","4.0.0.2353","PSt7-10","000000-000","8/7/2024 3:37:09 PM","0000-00","0","no battery","V","215852","µV","96196","µV"
"08/11/2024","11:58:40","2","default","203499907","Sensor2","42.841","min","228.552","μmol/L","Humid","22.950","deg","95177","µV","18.534","°C","985.000","hPa","35.0","pmil","0","51.462","deg","22.621","°C","100.000","%a.s.","22.257","deg","22.682","°C","985.000","hPa","0.861","-0.02056","0.00035","-0.00011","0","14.7","Humid","28.35","0","65.20","249284.16","SABD0002000014","AAV2.0.0.13","4.0.0.2353","PSt7-10","000000-000","8/7/2024 3:37:09 PM","0000-00","0","no battery","V","215852","µV","96196","µV"
"08/11/2024","11:58:41","2","default","203499907","Sensor2","42.858","min","228.609","μmol/L","Humid","22.945","deg","95173","µV","18.540","°C","985.000","hPa","35.0","pmil","0","51.462","deg","22.621","°C","100.000","%a.s.","22.257","deg","22.682","°C","985.000","hPa","0.861","-0.02056","0.00035","-0.00011","0","14.7","Humid","28.35","0","65.20","249281.85","SABD0002000014","AAV2.0.0.13","4.0.0.2353","PSt7-10","000000-000","8/7/2024 3:37:09 PM","0000-00","0","no battery","V","215852","µV","96196","µV"
"08/11/2024","11:58:42","2","default","203499907","Sensor2","42.875","min","228.568","μmol/L","Humid","22.947","deg","95177","µV","18.540","°C","985.000","hPa","35.0","pmil","0","51.462","deg","22.621","°C","100.000","%a.s.","22.257","deg","22.682","°C","985.000","hPa","0.861","-0.02056","0.00035","-0.00011","0","14.7","Humid","28.35","0","65.20","249293.97","SABD0002000014","AAV2.0.0.13","4.0.0.2353","PSt7-10","000000-000","8/7/2024 3:37:09 PM","0000-00","0","no battery","V","215852","µV","96196","µV"
"08/11/2024","11:58:43","2","default","203499907","Sensor2","42.892","min","228.674","μmol/L","Humid","22.944","deg","95181","µV","18.534","°C","985.000","hPa","35.0","pmil","0","51.462","deg","22.621","°C","100.000","%a.s.","22.257","deg","22.682","°C","985.000","hPa","0.861","-0.02056","0.00035","-0.00011","0","14.7","Humid","28.35","0","65.20","249287.52","SABD0002000014","AAV2.0.0.13","4.0.0.2353","PSt7-10","000000-000","8/7/2024 3:37:09 PM","0000-00","0","no battery","V","215852","µV","96196","µV"
"08/11/2024","11:58:44","2","default","203499907","Sensor2","42.908","min","228.507","μmol/L","Humid","22.950","deg","95180","µV","18.540","°C","985.000","hPa","35.0","pmil","0","51.462","deg","22.621","°C","100.000","%a.s.","22.257","deg","22.682","°C","985.000","hPa","0.861","-0.02056","0.00035","-0.00011","0","14.7","Humid","28.35","0","65.20","249292.24","SABD0002000014","AAV2.0.0.13","4.0.0.2353","PSt7-10","000000-000","8/7/2024 3:37:09 PM","0000-00","0","no battery","V","215852","µV","96196","µV"
"08/11/2024","11:58:45","2","default","203499907","Sensor2","42.925","min","228.527","μmol/L","Humid","22.949","deg","95184","µV","18.540","°C","985.000","hPa","35.0","pmil","0","51.462","deg","22.621","°C","100.000","%a.s.","22.257","deg","22.682","°C","985.000","hPa","0.861","-0.02056","0.00035","-0.00011","0","14.7","Humid","28.35","0","65.20","249286.70","SABD0002000014","AAV2.0.0.13","4.0.0.2353","PSt7-10","000000-000","8/7/2024 3:37:09 PM","0000-00","0","no battery","V","215852","µV","96196","µV"
"08/11/2024","11:58:46","2","default","203499907","Sensor2","42.942","min","228.654","μmol/L","Humid","22.945","deg","95184","µV","18.534","°C","985.000","hPa","35.0","pmil","0","51.462","deg","22.621","°C","100.000","%a.s.","22.257","deg","22.682","°C","985.000","hPa","0.861","-0.02056","0.00035","-0.00011","0","14.7","Humid","28.35","0","65.20","249287.17","SABD0002000014","AAV2.0.0.13","4.0.0.2353","PSt7-10","000000-000","8/7/2024 3:37:09 PM","0000-00","0","no battery","V","215852","µV","96196","µV"
"08/11/2024","11:58:47","2","default","203499907","Sensor2","42.958","min","228.552","μmol/L","Humid","22.950","deg","95186","µV","18.534","°C","985.000","hPa","35.0","pmil","0","51.462","deg","22.621","°C","100.000","%a.s.","22.257","deg","22.682","°C","985.000","hPa","0.861","-0.02056","0.00035","-0.00011","0","14.7","Humid","28.35","0","65.20","249290.91","SABD0002000014","AAV2.0.0.13","4.0.0.2353","PSt7-10","000000-000","8/7/2024 3:37:09 PM","0000-00","0","no battery","V","215852","µV","96196","µV"
"08/11/2024","11:58:48","2","default","203499907","Sensor2","42.974","min","228.568","μmol/L","Humid","22.947","deg","95185","µV","18.540","°C","985.000","hPa","35.0","pmil","0","51.462","deg","22.621","°C","100.000","%a.s.","22.257","deg","22.682","°C","985.000","hPa","0.861","-0.02056","0.00035","-0.00011","0","14.7","Humid","28.35","0","65.20","249285.73","SABD0002000014","AAV2.0.0.13","4.0.0.2353","PSt7-10","000000-000","8/7/2024 3:37:09 PM","0000-00","0","no battery","V","215852","µV","96196","µV"
"08/11/2024","11:58:49","2","default","203499907","Sensor2","42.991","min","228.593","μmol/L","Humid","22.948","deg","95192","µV","18.534","°C","985.000","hPa","35.0","pmil","0","51.462","deg","22.621","°C","100.000","%a.s.","22.257","deg","22.682","°C","985.000","hPa","0.861","-0.02056","0.00035","-0.00011","0","14.7","Humid","28.35","0","65.20","249300.06","SABD0002000014","AAV2.0.0.13","4.0.0.2353","PSt7-10","000000-000","8/7/2024 3:37:09 PM","0000-00","0","no battery","V","215852","µV","96196","µV"
"08/11/2024","11:58:50","2","default","203499907","Sensor2","43.008","min","228.491","μmol/L","Humid","22.953","deg","95195","µV","18.534","°C","985.000","hPa","35.0","pmil","0","51.462","deg","22.621","°C","100.000","%a.s.","22.257","deg","22.682","°C","985.000","hPa","0.861","-0.02056","0.00035","-0.00011","0","14.7","Humid","28.35","0","65.20","249288.72","SABD0002000014","AAV2.0.0.13","4.0.0.2353","PSt7-10","000000-000","8/7/2024 3:37:09 PM","0000-00","0","no battery","V","215852","µV","96196","µV"
"08/11/2024","11:58:51","2","default","203499907","Sensor2","43.025","min","228.527","μmol/L","Humid","22.949","deg","95205","µV","18.540","°C","985.000","hPa","35.0","pmil","0","51.462","deg","22.621","°C","100.000","%a.s.","22.257","deg","22.682","°C","985.000","hPa","0.861","-0.02056","0.00035","-0.00011","0","14.7","Humid","28.35","0","65.20","249292.04","SABD0002000014","AAV2.0.0.13","4.0.0.2353","PSt7-10","000000-000","8/7/2024 3:37:09 PM","0000-00","0","no battery","V","215852","µV","96196","µV"
"08/11/2024","11:58:52","2","default","203499907","Sensor2","43.041","min","228.511","μmol/L","Humid","22.952","deg","95192","µV","18.534","°C","985.000","hPa","35.0","pmil","0","51.462","deg","22.621","°C","100.000","%a.s.","22.257","deg","22.682","°C","985.000","hPa","0.861","-0.02056","0.00035","-0.00011","0","14.7","Humid","28.35","0","65.20","249290.06","SABD0002000014","AAV2.0.0.13","4.0.0.2353","PSt7-10","000000-000","8/7/2024 3:37:09 PM","0000-00","0","no battery","V","215852","µV","96196","µV"
"08/11/2024","11:58:53","2","default","203499907","Sensor2","43.058","min","228.466","μmol/L","Humid","22.952","deg","95194","µV","18.540","°C","985.000","hPa","35.0","pmil","0","51.462","deg","22.621","°C","100.000","%a.s.","22.257","deg","22.682","°C","985.000","hPa","0.861","-0.02056","0.00035","-0.00011","0","14.7","Humid","28.35","0","65.20","249288.92","SABD0002000014","AAV2.0.0.13","4.0.0.2353","PSt7-10","000000-000","8/7/2024 3:37:09 PM","0000-00","0","no battery","V","215852","µV","96196","µV"
"08/11/2024","11:58:54","2","default","203499907","Sensor2","43.075","min","228.470","μmol/L","Humid","22.954","deg","95190","µV","18.534","°C","985.000","hPa","35.0","pmil","0","51.462","deg","22.621","°C","100.000","%a.s.","22.257","deg","22.682","°C","985.000","hPa","0.861","-0.02056","0.00035","-0.00011","0","14.7","Humid","28.35","0","65.20","249285.47","SABD0002000014","AAV2.0.0.13","4.0.0.2353","PSt7-10","000000-000","8/7/2024 3:37:09 PM","0000-00","0","no battery","V","215852","µV","96196","µV"
"08/11/2024","11:58:55","2","default","203499907","Sensor2","43.092","min","228.491","μmol/L","Humid","22.953","deg","95197","µV","18.534","°C","985.000","hPa","35.0","pmil","0","51.462","deg","22.621","°C","100.000","%a.s.","22.257","deg","22.682","°C","985.000","hPa","0.861","-0.02056","0.00035","-0.00011","0","14.7","Humid","28.35","0","65.20","249280.73","SABD0002000014","AAV2.0.0.13","4.0.0.2353","PSt7-10","000000-000","8/7/2024 3:37:09 PM","0000-00","0","no battery","V","215852","µV","96196","µV"
"08/11/2024","11:58:56","2","default","203499907","Sensor2","43.108","min","228.511","μmol/L","Humid","22.952","deg","95197","µV","18.534","°C","985.000","hPa","35.0","pmil","0","51.462","deg","22.621","°C","100.000","%a.s.","22.257","deg","22.682","°C","985.000","hPa","0.861","-0.02056","0.00035","-0.00011","0","14.7","Humid","28.35","0","65.20","249292.48","SABD0002000014","AAV2.0.0.13","4.0.0.2353","PSt7-10","000000-000","8/7/2024 3:37:09 PM","0000-00","0","no battery","V","215852","µV","96196","µV"
"08/11/2024","11:58:57","2","default","203499907","Sensor2","43.125","min","228.470","μmol/L","Humid","22.954","deg","95198","µV","18.534","°C","985.000","hPa","35.0","pmil","0","51.462","deg","22.621","°C","100.000","%a.s.","22.257","deg","22.682","°C","985.000","hPa","0.861","-0.02056","0.00035","-0.00011","0","14.7","Humid","28.35","0","65.20","249285.97","SABD0002000014","AAV2.0.0.13","4.0.0.2353","PSt7-10","000000-000","8/7/2024 3:37:09 PM","0000-00","0","no battery","V","215852","µV","96196","µV"
"08/11/2024","11:58:58","2","default","203499907","Sensor2","43.142","min","228.552","μmol/L","Humid","22.950","deg","95200","µV","18.534","°C","985.000","hPa","35.0","pmil","0","51.462","deg","22.621","°C","100.000","%a.s.","22.257","deg","22.682","°C","985.000","hPa","0.861","-0.02056","0.00035","-0.00011","0","14.7","Humid","28.35","0","65.20","249294.04","SABD0002000014","AAV2.0.0.13","4.0.0.2353","PSt7-10","000000-000","8/7/2024 3:37:09 PM","0000-00","0","no battery","V","215852","µV","96196","µV"
"08/11/2024","11:58:59","2","default","203499907","Sensor2","43.158","min","228.475","μmol/L","Humid","22.956","deg","95207","µV","18.528","°C","985.000","hPa","35.0","pmil","0","51.462","deg","22.621","°C","100.000","%a.s.","22.257","deg","22.682","°C","985.000","hPa","0.861","-0.02056","0.00035","-0.00011","0","14.7","Humid","28.35","0","65.20","249288.68","SABD0002000014","AAV2.0.0.13","4.0.0.2353","PSt7-10","000000-000","8/7/2024 3:37:09 PM","0000-00","0","no battery","V","215852","µV","96196","µV"
"08/11/2024","11:59:00","2","default","203499907","Sensor2","43.174","min","228.450","μmol/L","Humid","22.955","deg","95205","µV","18.534","°C","985.000","hPa","35.0","pmil","0","51.462","deg","22.621","°C","100.000","%a.s.","22.257","deg","22.682","°C","985.000","hPa","0.861","-0.02056","0.00035","-0.00011","0","14.7","Humid","28.35","0","65.20","249281.84","SABD0002000014","AAV2.0.0.13","4.0.0.2353","PSt7-10","000000-000","8/7/2024 3:37:09 PM","0000-00","0","no battery","V","215852","µV","96196","µV"
"08/11/2024","11:59:01","2","default","203499907","Sensor2","43.191","min","228.531","μmol/L","Humid","22.951","deg","95208","µV","18.534","°C","985.000","hPa","35.0","pmil","0","51.462","deg","22.621","°C","100.000","%a.s.","22.257","deg","22.682","°C","985.000","hPa","0.861","-0.02056","0.00035","-0.00011","0","14.7","Humid","28.35","0","65.20","249282.94","SABD0002000014","AAV2.0.0.13","4.0.0.2353","PSt7-10","000000-000","8/7/2024 3:37:09 PM","0000-00","0","no battery","V","215852","µV","96196","µV"
"08/11/2024","11:59:02","2","default","203499907","Sensor2","43.208","min","228.495","μmol/L","Humid","22.955","deg","95203","µV","18.528","°C","985.000","hPa","35.0","pmil","0","51.462","deg","22.621","°C","100.000","%a.s.","22.257","deg","22.682","°C","985.000","hPa","0.861","-0.02056","0.00035","-0.00011","0","14.7","Humid","28.35","0","65.20","249287.04","SABD0002000014","AAV2.0.0.13","4.0.0.2353","PSt7-10","000000-000","8/7/2024 3:37:09 PM","0000-00","0","no battery","V","215852","µV","96196","µV"
"08/11/2024","11:59:03","2","default","203499907","Sensor2","43.224","min","228.364","μmol/L","Humid","22.957","deg","95209","µV","18.540","°C","985.000","hPa","35.0","pmil","0","51.462","deg","22.621","°C","100.000","%a.s.","22.257","deg","22.682","°C","985.000","hPa","0.861","-0.02056","0.00035","-0.00011","0","14.7","Humid","28.35","0","65.20","249280.88","SABD0002000014","AAV2.0.0.13","4.0.0.2353","PSt7-10","000000-000","8/7/2024 3:37:09 PM","0000-00","0","no battery","V","215852","µV","96196","µV"
"08/11/2024","11:59:04","2","default","203499907","Sensor2","43.241","min","228.430","μmol/L","Humid","22.956","deg","95212","µV","18.534","°C","985.000","hPa","35.0","pmil","0","51.462","deg","22.621","°C","100.000","%a.s.","22.257","deg","22.682","°C","985.000","hPa","0.861","-0.02056","0.00035","-0.00011","0","14.7","Humid","28.35","0","65.20","249274.21","SABD0002000014","AAV2.0.0.13","4.0.0.2353","PSt7-10","000000-000","8/7/2024 3:37:09 PM","0000-00","0","no battery","V","215852","µV","96196","µV"
"08/11/2024","11:59:05","2","default","203499907","Sensor2","43.258","min","228.450","μmol/L","Humid","22.955","deg","95221","µV","18.534","°C","985.000","hPa","35.0","pmil","0","51.462","deg","22.621","°C","100.000","%a.s.","22.257","deg","22.682","°C","985.000","hPa","0.861","-0.02056","0.00035","-0.00011","0","14.7","Humid","28.35","0","65.20","249292.87","SABD0002000014","AAV2.0.0.13","4.0.0.2353","PSt7-10","000000-000","8/7/2024 3:37:09 PM","0000-00","0","no battery","V","215852","µV","96196","µV"
"08/11/2024","11:59:06","2","default","203499907","Sensor2","43.275","min","228.475","μmol/L","Humid","22.956","deg","95218","µV","18.528","°C","985.000","hPa","35.0","pmil","0","51.462","deg","22.621","°C","100.000","%a.s.","22.257","deg","22.682","°C","985.000","hPa","0.861","-0.02056","0.00035","-0.00011","0","14.7","Humid","28.35","0","65.20","249274.62","SABD0002000014","AAV2.0.0.13","4.0.0.2353","PSt7-10","000000-000","8/7/2024 3:37:09 PM","0000-00","0","no battery","V","215852","µV","96196","µV"
"08/11/2024","11:59:07","2","default","203499907","Sensor2","43.291","min","228.470","μmol/L","Humid","22.954","deg","95224","µV","18.534","°C","985.000","hPa","35.0","pmil","0","51.462","deg","22.621","°C","100.000","%a.s.","22.257","deg","22.682","°C","985.000","hPa","0.861","-0.02056","0.00035","-0.00011","0","14.7","Humid","28.35","0","65.20","249290.49","SABD0002000014","AAV2.0.0.13","4.0.0.2353","PSt7-10","000000-000","8/7/2024 3:37:09 PM","0000-00","0","no battery","V","215852","µV","96196","µV"
"08/11/2024","11:59:08","2","default","203499907","Sensor2","43.308","min","228.384","μmol/L","Humid","22.956","deg","95226","µV","18.540","°C","985.000","hPa","35.0","pmil","0","51.462","deg","22.621","°C","100.000","%a.s.","22.257","deg","22.682","°C","985.000","hPa","0.861","-0.02056","0.00035","-0.00011","0","14.7","Humid","28.35","0","65.20","249293.65","SABD0002000014","AAV2.0.0.13","4.0.0.2353","PSt7-10","000000-000","8/7/2024 3:37:09 PM","0000-00","0","no battery","V","215852","µV","96196","µV"
"08/11/2024","11:59:09","2","default","203499907","Sensor2","43.325","min","228.425","μmol/L","Humid","22.954","deg","95228","µV","18.540","°C","985.000","hPa","35.0","pmil","0","51.462","deg","22.621","°C","100.000","%a.s.","22.257","deg","22.682","°C","985.000","hPa","0.861","-0.02056","0.00035","-0.00011","0","14.7","Humid","28.35","0","65.20","249302.62","SABD0002000014","AAV2.0.0.13","4.0.0.2353","PSt7-10","000000-000","8/7/2024 3:37:09 PM","0000-00","0","no battery","V","215852","µV","96196","µV"
"08/11/2024","11:59:10","2","default","203499907","Sensor2","43.342","min","228.258","μmol/L","Humid","22.960","deg","95223","µV","18.546","°C","985.000","hPa","35.0","pmil","0","51.462","deg","22.621","°C","100.000","%a.s.","22.257","deg","22.682","°C","985.000","hPa","0.861","-0.02056","0.00035","-0.00011","0","14.7","Humid","28.35","0","65.20","249281.93","SABD0002000014","AAV2.0.0.13","4.0.0.2353","PSt7-10","000000-000","8/7/2024 3:37:09 PM","0000-00","0","no battery","V","215852","µV","96196","µV"
"08/11/2024","11:59:11","2","default","203499907","Sensor2","43.358","min","228.368","μmol/L","Humid","22.959","deg","95227","µV","18.534","°C","985.000","hPa","35.0","pmil","0","51.462","deg","22.621","°C","100.000","%a.s.","22.257","deg","22.682","°C","985.000","hPa","0.861","-0.02056","0.00035","-0.00011","0","14.7","Humid","28.35","0","65.20","249291.61","SABD0002000014","AAV2.0.0.13","4.0.0.2353","PSt7-10","000000-000","8/7/2024 3:37:09 PM","0000-00","0","no battery","V","215852","µV","96196","µV"
"08/11/2024","11:59:12","2","default","203499907","Sensor2","43.375","min","228.283","μmol/L","Humid","22.961","deg","95226","µV","18.540","°C","985.000","hPa","35.0","pmil","0","51.462","deg","22.621","°C","100.000","%a.s.","22.257","deg","22.682","°C","985.000","hPa","0.861","-0.02056","0.00035","-0.00011","0","14.7","Humid","28.35","0","65.20","249282.43","SABD0002000014","AAV2.0.0.13","4.0.0.2353","PSt7-10","000000-000","8/7/2024 3:37:09 PM","0000-00","0","no battery","V","215852","µV","96196","µV"
"08/11/2024","11:59:13","2","default","203499907","Sensor2","43.392","min","228.323","μmol/L","Humid","22.959","deg","95233","µV","18.540","°C","985.000","hPa","35.0","pmil","0","51.462","deg","22.621","°C","100.000","%a.s.","22.257","deg","22.682","°C","985.000","hPa","0.861","-0.02056","0.00035","-0.00011","0","14.7","Humid","28.35","0","65.20","249291.82","SABD0002000014","AAV2.0.0.13","4.0.0.2353","PSt7-10","000000-000","8/7/2024 3:37:09 PM","0000-00","0","no battery","V","215852","µV","96196","µV"
"08/11/2024","11:59:14","2","default","203499907","Sensor2","43.408","min","228.389","μmol/L","Humid","22.958","deg","95236","µV","18.534","°C","985.000","hPa","35.0","pmil","0","51.462","deg","22.621","°C","100.000","%a.s.","22.257","deg","22.682","°C","985.000","hPa","0.861","-0.02056","0.00035","-0.00011","0","14.7","Humid","28.35","0","65.20","249284.51","SABD0002000014","AAV2.0.0.13","4.0.0.2353","PSt7-10","000000-000","8/7/2024 3:37:09 PM","0000-00","0","no battery","V","215852","µV","96196","µV"
"08/11/2024","11:59:15","2","default","203499907","Sensor2","43.425","min","228.323","μmol/L","Humid","22.959","deg","95229","µV","18.540","°C","985.000","hPa","35.0","pmil","0","51.462","deg","22.621","°C","100.000","%a.s.","22.257","deg","22.682","°C","985.000","hPa","0.861","-0.02056","0.00035","-0.00011","0","14.7","Humid","28.35","0","65.20","249285.63","SABD0002000014","AAV2.0.0.13","4.0.0.2353","PSt7-10","000000-000","8/7/2024 3:37:09 PM","0000-00","0","no battery","V","215852","µV","96196","µV"
"08/11/2024","11:59:16","2","default","203499907","Sensor2","43.441","min","228.262","μmol/L","Humid","22.962","deg","95235","µV","18.540","°C","985.000","hPa","35.0","pmil","0","51.462","deg","22.621","°C","100.000","%a.s.","22.257","deg","22.682","°C","985.000","hPa","0.861","-0.02056","0.00035","-0.00011","0","14.7","Humid","28.35","0","65.20","249290.08","SABD0002000014","AAV2.0.0.13","4.0.0.2353","PSt7-10","000000-000","8/7/2024 3:37:09 PM","0000-00","0","no battery","V","215852","µV","96196","µV"
"08/11/2024","11:59:17","2","default","203499907","Sensor2","43.458","min","228.348","μmol/L","Humid","22.960","deg","95239","µV","18.534","°C","985.000","hPa","35.0","pmil","0","51.462","deg","22.621","°C","100.000","%a.s.","22.257","deg","22.682","°C","985.000","hPa","0.861","-0.02056","0.00035","-0.00011","0","14.7","Humid","28.35","0","65.20","249288.26","SABD0002000014","AAV2.0.0.13","4.0.0.2353","PSt7-10","000000-000","8/7/2024 3:37:09 PM","0000-00","0","no battery","V","215852","µV","96196","µV"
"08/11/2024","11:59:18","2","default","203499907","Sensor2","43.474","min","228.344","μmol/L","Humid","22.958","deg","95235","µV","18.540","°C","985.000","hPa","35.0","pmil","0","51.462","deg","22.621","°C","100.000","%a.s.","22.257","deg","22.682","°C","985.000","hPa","0.861","-0.02056","0.00035","-0.00011","0","14.7","Humid","28.35","0","65.20","249286.80","SABD0002000014","AAV2.0.0.13","4.0.0.2353","PSt7-10","000000-000","8/7/2024 3:37:09 PM","0000-00","0","no battery","V","215852","µV","96196","µV"
"08/11/2024","11:59:19","2","default","203499907","Sensor2","43.491","min","228.262","μmol/L","Humid","22.962","deg","95248","µV","18.540","°C","985.000","hPa","35.0","pmil","0","51.462","deg","22.621","°C","100.000","%a.s.","22.257","deg","22.682","°C","985.000","hPa","0.861","-0.02056","0.00035","-0.00011","0","14.7","Humid","28.35","0","65.20","249295.41","SABD0002000014","AAV2.0.0.13","4.0.0.2353","PSt7-10","000000-000","8/7/2024 3:37:09 PM","0000-00","0","no battery","V","215852","µV","96196","µV"
"08/11/2024","11:59:20","2","default","203499907","Sensor2","43.508","min","228.307","μmol/L","Humid","22.962","deg","95235","µV","18.534","°C","985.000","hPa","35.0","pmil","0","51.462","deg","22.621","°C","100.000","%a.s.","22.257","deg","22.682","°C","985.000","hPa","0.861","-0.02056","0.00035","-0.00011","0","14.7","Humid","28.35","0","65.20","249287.86","SABD0002000014","AAV2.0.0.13","4.0.0.2353","PSt7-10","000000-000","8/7/2024 3:37:09 PM","0000-00","0","no battery","V","215852","µV","96196","µV"
"08/11/2024","11:59:21","2","default","203499907","Sensor2","43.525","min","228.283","μmol/L","Humid","22.961","deg","95231","µV","18.540","°C","985.000","hPa","35.0","pmil","0","51.462","deg","22.621","°C","100.000","%a.s.","22.257","deg","22.682","°C","985.000","hPa","0.861","-0.02056","0.00035","-0.00011","0","14.7","Humid","28.35","0","65.20","249275.29","SABD0002000014","AAV2.0.0.13","4.0.0.2353","PSt7-10","000000-000","8/7/2024 3:37:09 PM","0000-00","0","no battery","V","215852","µV","96196","µV"
"08/11/2024","11:59:22","2","default","203499907","Sensor2","43.541","min","228.389","μmol/L","Humid","22.958","deg","95236","µV","18.534","°C","985.000","hPa","35.0","pmil","0","51.462","deg","22.621","°C","100.000","%a.s.","22.257","deg","22.682","°C","985.000","hPa","0.861","-0.02056","0.00035","-0.00011","0","14.7","Humid","28.35","0","65.20","249276.74","SABD0002000014","AAV2.0.0.13","4.0.0.2353","PSt7-10","000000-000","8/7/2024 3:37:09 PM","0000-00","0","no battery","V","215852","µV","96196","µV"
"08/11/2024","11:59:23","2","default","203499907","Sensor2","43.558","min","228.283","μmol/L","Humid","22.961","deg","95239","µV","18.540","°C","985.000","hPa","35.0","pmil","0","51.462","deg","22.621","°C","100.000","%a.s.","22.257","deg","22.682","°C","985.000","hPa","0.861","-0.02056","0.00035","-0.00011","0","14.7","Humid","28.35","0","65.20","249276.45","SABD0002000014","AAV2.0.0.13","4.0.0.2353","PSt7-10","000000-000","8/7/2024 3:37:09 PM","0000-00","0","no battery","V","215852","µV","96196","µV"
"08/11/2024","11:59:24","2","default","203499907","Sensor2","43.575","min","228.328","μmol/L","Humid","22.961","deg","95248","µV","18.534","°C","985.000","hPa","35.0","pmil","0","51.462","deg","22.621","°C","100.000","%a.s.","22.257","deg","22.682","°C","985.000","hPa","0.861","-0.02056","0.00035","-0.00011","0","14.7","Humid","28.35","0","65.20","249284.96","SABD0002000014","AAV2.0.0.13","4.0.0.2353","PSt7-10","000000-000","8/7/2024 3:37:09 PM","0000-00","0","no battery","V","215852","µV","96196","µV"
"08/11/2024","11:59:25","2","default","203499907","Sensor2","43.592","min","228.246","μmol/L","Humid","22.965","deg","95248","µV","18.534","°C","985.000","hPa","35.0","pmil","0","51.462","deg","22.621","°C","100.000","%a.s.","22.257","deg","22.682","°C","985.000","hPa","0.861","-0.02056","0.00035","-0.00011","0","14.7","Humid","28.35","0","65.20","249276.70","SABD0002000014","AAV2.0.0.13","4.0.0.2353","PSt7-10","000000-000","8/7/2024 3:37:09 PM","0000-00","0","no battery","V","215852","µV","96196","µV"
"08/11/2024","11:59:26","2","default","203499907","Sensor2","43.608","min","228.185","μmol/L","Humid","22.968","deg","95245","µV","18.534","°C","985.000","hPa","35.0","pmil","0","51.462","deg","22.621","°C","100.000","%a.s.","22.257","deg","22.682","°C","985.000","hPa","0.861","-0.02056","0.00035","-0.00011","0","14.7","Humid","28.35","0","65.20","249279.47","SABD0002000014","AAV2.0.0.13","4.0.0.2353","PSt7-10","000000-000","8/7/2024 3:37:09 PM","0000-00","0","no battery","V","215852","µV","96196","µV"
"08/11/2024","11:59:27","2","default","203499907","Sensor2","43.625","min","228.242","μmol/L","Humid","22.963","deg","95244","µV","18.540","°C","985.000","hPa","35.0","pmil","0","51.462","deg","22.621","°C","100.000","%a.s.","22.257","deg","22.682","°C","985.000","hPa","0.861","-0.02056","0.00035","-0.00011","0","14.7","Humid","28.35","0","65.20","249277.88","SABD0002000014","AAV2.0.0.13","4.0.0.2353","PSt7-10","000000-000","8/7/2024 3:37:09 PM","0000-00","0","no battery","V","215852","µV","96196","µV"
"08/11/2024","11:59:28","2","default","203499907","Sensor2","43.641","min","228.201","μmol/L","Humid","22.965","deg","95241","µV","18.540","°C","985.000","hPa","35.0","pmil","0","51.462","deg","22.621","°C","100.000","%a.s.","22.257","deg","22.682","°C","985.000","hPa","0.861","-0.02056","0.00035","-0.00011","0","14.7","Humid","28.35","0","65.20","249271.18","SABD0002000014","AAV2.0.0.13","4.0.0.2353","PSt7-10","000000-000","8/7/2024 3:37:09 PM","0000-00","0","no battery","V","215852","µV","96196","µV"
"08/11/2024","11:59:29","2","default","203499907","Sensor2","43.658","min","228.181","μmol/L","Humid","22.966","deg","95249","µV","18.540","°C","985.000","hPa","35.0","pmil","0","51.462","deg","22.621","°C","100.000","%a.s.","22.257","deg","22.682","°C","985.000","hPa","0.861","-0.02056","0.00035","-0.00011","0","14.7","Humid","28.35","0","65.20","249275.44","SABD0002000014","AAV2.0.0.13","4.0.0.2353","PSt7-10","000000-000","8/7/2024 3:37:09 PM","0000-00","0","no battery","V","215852","µV","96196","µV"
"08/11/2024","11:59:30","2","default","203499907","Sensor2","43.674","min","228.205","μmol/L","Humid","22.967","deg","95247","µV","18.534","°C","985.000","hPa","35.0","pmil","0","51.462","deg","22.621","°C","100.000","%a.s.","22.257","deg","22.682","°C","985.000","hPa","0.861","-0.02056","0.00035","-0.00011","0","14.7","Humid","28.35","0","65.20","249278.84","SABD0002000014","AAV2.0.0.13","4.0.0.2353","PSt7-10","000000-000","8/7/2024 3:37:09 PM","0000-00","0","no battery","V","215852","µV","96196","µV"
"08/11/2024","11:59:31","2","default","203499907","Sensor2","43.691","min","228.120","μmol/L","Humid","22.969","deg","95248","µV","18.540","°C","985.000","hPa","35.0","pmil","0","51.462","deg","22.621","°C","100.000","%a.s.","22.257","deg","22.682","°C","985.000","hPa","0.861","-0.02056","0.00035","-0.00011","0","14.7","Humid","28.35","0","65.20","249274.36","SABD0002000014","AAV2.0.0.13","4.0.0.2353","PSt7-10","000000-000","8/7/2024 3:37:09 PM","0000-00","0","no battery","V","215852","µV","96196","µV"
"08/11/2024","11:59:32","2","default","203499907","Sensor2","43.708","min","228.230","μmol/L","Humid","22.968","deg","95253","µV","18.528","°C","985.000","hPa","35.0","pmil","0","51.462","deg","22.621","°C","100.000","%a.s.","22.257","deg","22.682","°C","985.000","hPa","0.861","-0.02056","0.00035","-0.00011","0","14.7","Humid","28.35","0","65.20","249275.98","SABD0002000014","AAV2.0.0.13","4.0.0.2353","PSt7-10","000000-000","8/7/2024 3:37:09 PM","0000-00","0","no battery","V","215852","µV","96196","µV"
"08/11/2024","11:59:33","2","default","203499907","Sensor2","43.725","min","228.352","μmol/L","Humid","22.962","deg","95249","µV","18.528","°C","985.000","hPa","35.0","pmil","0","51.462","deg","22.621","°C","100.000","%a.s.","22.257","deg","22.682","°C","985.000","hPa","0.861","-0.02056","0.00035","-0.00011","0","14.7","Humid","28.35","0","65.20","249270.91","SABD0002000014","AAV2.0.0.13","4.0.0.2353","PSt7-10","000000-000","8/7/2024 3:37:09 PM","0000-00","0","no battery","V","215852","µV","96196","µV"
"08/11/2024","11:59:34","2","default","203499907","Sensor2","43.742","min","228.120","μmol/L","Humid","22.969","deg","95259","µV","18.540","°C","985.000","hPa","35.0","pmil","0","51.462","deg","22.621","°C","100.000","%a.s.","22.257","deg","22.682","°C","985.000","hPa","0.861","-0.02056","0.00035","-0.00011","0","14.7","Humid","28.35","0","65.20","249285.35","SABD0002000014","AAV2.0.0.13","4.0.0.2353","PSt7-10","000000-000","8/7/2024 3:37:09 PM","0000-00","0","no battery","V","215852","µV","96196","µV"
"08/11/2024","11:59:35","2","default","203499907","Sensor2","43.758","min","228.201","μmol/L","Humid","22.965","deg","95258","µV","18.540","°C","985.000","hPa","35.0","pmil","0","51.462","deg","22.621","°C","100.000","%a.s.","22.257","deg","22.682","°C","985.000","hPa","0.861","-0.02056","0.00035","-0.00011","0","14.7","Humid","28.35","0","65.20","249264.73","SABD0002000014","AAV2.0.0.13","4.0.0.2353","PSt7-10","000000-000","8/7/2024 3:37:09 PM","0000-00","0","no battery","V","215852","µV","96196","µV"
"08/11/2024","11:59:36","2","default","203499907","Sensor2","43.775","min","228.185","μmol/L","Humid","22.968","deg","95260","µV","18.534","°C","985.000","hPa","35.0","pmil","0","51.462","deg","22.621","°C","100.000","%a.s.","22.257","deg","22.682","°C","985.000","hPa","0.861","-0.02056","0.00035","-0.00011","0","14.7","Humid","28.35","0","65.20","249272.31","SABD0002000014","AAV2.0.0.13","4.0.0.2353","PSt7-10","000000-000","8/7/2024 3:37:09 PM","0000-00","0","no battery","V","215852","µV","96196","µV"
"08/11/2024","11:59:37","2","default","203499907","Sensor2","43.791","min","228.185","μmol/L","Humid","22.968","deg","95264","µV","18.534","°C","985.000","hPa","35.0","pmil","0","51.462","deg","22.621","°C","100.000","%a.s.","22.257","deg","22.682","°C","985.000","hPa","0.861","-0.02056","0.00035","-0.00011","0","14.7","Humid","28.35","0","65.20","249284.96","SABD0002000014","AAV2.0.0.13","4.0.0.2353","PSt7-10","000000-000","8/7/2024 3:37:09 PM","0000-00","0","no battery","V","215852","µV","96196","µV"
"08/11/2024","11:59:38","2","default","203499907","Sensor2","43.808","min","228.226","μmol/L","Humid","22.966","deg","95263","µV","18.534","°C","985.000","hPa","35.0","pmil","0","51.462","deg","22.621","°C","100.000","%a.s.","22.257","deg","22.682","°C","985.000","hPa","0.861","-0.02056","0.00035","-0.00011","0","14.7","Humid","28.35","0","65.20","249272.61","SABD0002000014","AAV2.0.0.13","4.0.0.2353","PSt7-10","000000-000","8/7/2024 3:37:09 PM","0000-00","0","no battery","V","215852","µV","96196","µV"
"08/11/2024","11:59:39","2","default","203499907","Sensor2","43.825","min","228.246","μmol/L","Humid","22.965","deg","95263","µV","18.534","°C","985.000","hPa","35.0","pmil","0","51.462","deg","22.621","°C","100.000","%a.s.","22.257","deg","22.682","°C","985.000","hPa","0.861","-0.02056","0.00035","-0.00011","0","14.7","Humid","28.35","0","65.20","249289.95","SABD0002000014","AAV2.0.0.13","4.0.0.2353","PSt7-10","000000-000","8/7/2024 3:37:09 PM","0000-00","0","no battery","V","215852","µV","96196","µV"
"08/11/2024","11:59:40","2","default","203499907","Sensor2","43.841","min","228.165","μmol/L","Humid","22.969","deg","95266","µV","18.534","°C","985.000","hPa","35.0","pmil","0","51.462","deg","22.621","°C","100.000","%a.s.","22.257","deg","22.682","°C","985.000","hPa","0.861","-0.02056","0.00035","-0.00011","0","14.7","Humid","28.35","0","65.20","249291.37","SABD0002000014","AAV2.0.0.13","4.0.0.2353","PSt7-10","000000-000","8/7/2024 3:37:09 PM","0000-00","0","no battery","V","215852","µV","96196","µV"
"08/11/2024","11:59:41","2","default","203499907","Sensor2","43.858","min","228.140","μmol/L","Humid","22.968","deg","95266","µV","18.540","°C","985.000","hPa","35.0","pmil","0","51.462","deg","22.621","°C","100.000","%a.s.","22.257","deg","22.682","°C","985.000","hPa","0.861","-0.02056","0.00035","-0.00011","0","14.7","Humid","28.35","0","65.20","249285.24","SABD0002000014","AAV2.0.0.13","4.0.0.2353","PSt7-10","000000-000","8/7/2024 3:37:09 PM","0000-00","0","no battery","V","215852","µV","96196","µV"
"08/11/2024","11:59:42","2","default","203499907","Sensor2","43.875","min","228.205","μmol/L","Humid","22.967","deg","95274","µV","18.534","°C","985.000","hPa","35.0","pmil","0","51.462","deg","22.621","°C","100.000","%a.s.","22.257","deg","22.682","°C","985.000","hPa","0.861","-0.02056","0.00035","-0.00011","0","14.7","Humid","28.35","0","65.20","249293.48","SABD0002000014","AAV2.0.0.13","4.0.0.2353","PSt7-10","000000-000","8/7/2024 3:37:09 PM","0000-00","0","no battery","V","215852","µV","96196","µV"
"08/11/2024","11:59:43","2","default","203499907","Sensor2","43.892","min","227.998","μmol/L","Humid","22.975","deg","95273","µV","18.540","°C","985.000","hPa","35.0","pmil","0","51.462","deg","22.621","°C","100.000","%a.s.","22.257","deg","22.682","°C","985.000","hPa","0.861","-0.02056","0.00035","-0.00011","0","14.7","Humid","28.35","0","65.20","249289.06","SABD0002000014","AAV2.0.0.13","4.0.0.2353","PSt7-10","000000-000","8/7/2024 3:37:09 PM","0000-00","0","no battery","V","215852","µV","96196","µV"
"08/11/2024","11:59:44","2","default","203499907","Sensor2","43.908","min","228.099","μmol/L","Humid","22.970","deg","95282","µV","18.540","°C","985.000","hPa","35.0","pmil","0","51.462","deg","22.621","°C","100.000","%a.s.","22.257","deg","22.682","°C","985.000","hPa","0.861","-0.02056","0.00035","-0.00011","0","14.7","Humid","28.35","0","65.20","249283.11","SABD0002000014","AAV2.0.0.13","4.0.0.2353","PSt7-10","000000-000","8/7/2024 3:37:09 PM","0000-00","0","no battery","V","215852","µV","96196","µV"
"08/11/2024","11:59:45","2","default","203499907","Sensor2","43.925","min","228.083","μmol/L","Humid","22.973","deg","95270","µV","18.534","°C","985.000","hPa","35.0","pmil","0","51.462","deg","22.621","°C","100.000","%a.s.","22.257","deg","22.682","°C","985.000","hPa","0.861","-0.02056","0.00035","-0.00011","0","14.7","Humid","28.35","0","65.20","249283.19","SABD0002000014","AAV2.0.0.13","4.0.0.2353","PSt7-10","000000-000","8/7/2024 3:37:09 PM","0000-00","0","no battery","V","215852","µV","96196","µV"
"08/11/2024","11:59:46","2","default","203499907","Sensor2","43.942","min","228.165","μmol/L","Humid","22.969","deg","95274","µV","18.534","°C","985.000","hPa","35.0","pmil","0","51.462","deg","22.621","°C","100.000","%a.s.","22.257","deg","22.682","°C","985.000","hPa","0.861","-0.02056","0.00035","-0.00011","0","14.7","Humid","28.35","0","65.20","249276.26","SABD0002000014","AAV2.0.0.13","4.0.0.2353","PSt7-10","000000-000","8/7/2024 3:37:09 PM","0000-00","0","no battery","V","215852","µV","96196","µV"
"08/11/2024","11:59:47","2","default","203499907","Sensor2","43.958","min","228.083","μmol/L","Humid","22.973","deg","95279","µV","18.534","°C","985.000","hPa","35.0","pmil","0","51.462","deg","22.621","°C","100.000","%a.s.","22.257","deg","22.682","°C","985.000","hPa","0.861","-0.02056","0.00035","-0.00011","0","14.7","Humid","28.35","0","65.20","249276.20","SABD0002000014","AAV2.0.0.13","4.0.0.2353","PSt7-10","000000-000","8/7/2024 3:37:09 PM","0000-00","0","no battery","V","215852","µV","96196","µV"
"08/11/2024","11:59:48","2","default","203499907","Sensor2","43.975","min","228.059","μmol/L","Humid","22.972","deg","95279","µV","18.540","°C","985.000","hPa","35.0","pmil","0","51.462","deg","22.621","°C","100.000","%a.s.","22.257","deg","22.682","°C","985.000","hPa","0.861","-0.02056","0.00035","-0.00011","0","14.7","Humid","28.35","0","65.20","249285.27","SABD0002000014","AAV2.0.0.13","4.0.0.2353","PSt7-10","000000-000","8/7/2024 3:37:09 PM","0000-00","0","no battery","V","215852","µV","96196","µV"
"08/11/2024","11:59:49","2","default","203499907","Sensor2","43.991","min","227.998","μmol/L","Humid","22.975","deg","95288","µV","18.540","°C","985.000","hPa","35.0","pmil","0","51.462","deg","22.621","°C","100.000","%a.s.","22.257","deg","22.682","°C","985.000","hPa","0.861","-0.02056","0.00035","-0.00011","0","14.7","Humid","28.35","0","65.20","249290.23","SABD0002000014","AAV2.0.0.13","4.0.0.2353","PSt7-10","000000-000","8/7/2024 3:37:09 PM","0000-00","0","no battery","V","215852","µV","96196","µV"
"08/11/2024","11:59:50","2","default","203499907","Sensor2","44.008","min","228.043","μmol/L","Humid","22.975","deg","95286","µV","18.534","°C","985.000","hPa","35.0","pmil","0","51.462","deg","22.621","°C","100.000","%a.s.","22.257","deg","22.682","°C","985.000","hPa","0.861","-0.02056","0.00035","-0.00011","0","14.7","Humid","28.35","0","65.20","249281.06","SABD0002000014","AAV2.0.0.13","4.0.0.2353","PSt7-10","000000-000","8/7/2024 3:37:09 PM","0000-00","0","no battery","V","215852","µV","96196","µV"
"08/11/2024","11:59:51","2","default","203499907","Sensor2","44.024","min","228.038","μmol/L","Humid","22.973","deg","95288","µV","18.540","°C","985.000","hPa","35.0","pmil","0","51.462","deg","22.621","°C","100.000","%a.s.","22.257","deg","22.682","°C","985.000","hPa","0.861","-0.02056","0.00035","-0.00011","0","14.7","Humid","28.35","0","65.20","249266.82","SABD0002000014","AAV2.0.0.13","4.0.0.2353","PSt7-10","000000-000","8/7/2024 3:37:09 PM","0000-00","0","no battery","V","215852","µV","96196","µV"
"08/11/2024","11:59:52","2","default","203499907","Sensor2","44.041","min","228.002","μmol/L","Humid","22.977","deg","95286","µV","18.534","°C","985.000","hPa","35.0","pmil","0","51.462","deg","22.621","°C","100.000","%a.s.","22.257","deg","22.682","°C","985.000","hPa","0.861","-0.02056","0.00035","-0.00011","0","14.7","Humid","28.35","0","65.20","249287.97","SABD0002000014","AAV2.0.0.13","4.0.0.2353","PSt7-10","000000-000","8/7/2024 3:37:09 PM","0000-00","0","no battery","V","215852","µV","96196","µV"
"08/11/2024","11:59:53","2","default","203499907","Sensor2","44.058","min","228.124","μmol/L","Humid","22.971","deg","95290","µV","18.534","°C","985.000","hPa","35.0","pmil","0","51.462","deg","22.621","°C","100.000","%a.s.","22.257","deg","22.682","°C","985.000","hPa","0.861","-0.02056","0.00035","-0.00011","0","14.7","Humid","28.35","0","65.20","249279.42","SABD0002000014","AAV2.0.0.13","4.0.0.2353","PSt7-10","000000-000","8/7/2024 3:37:09 PM","0000-00","0","no battery","V","215852","µV","96196","µV"
"08/11/2024","11:59:54","2","default","203499907","Sensor2","44.075","min","228.087","μmol/L","Humid","22.975","deg","95291","µV","18.528","°C","985.000","hPa","35.0","pmil","0","51.462","deg","22.621","°C","100.000","%a.s.","22.257","deg","22.682","°C","985.000","hPa","0.861","-0.02056","0.00035","-0.00011","0","14.7","Humid","28.35","0","65.20","249294.09","SABD0002000014","AAV2.0.0.13","4.0.0.2353","PSt7-10","000000-000","8/7/2024 3:37:09 PM","0000-00","0","no battery","V","215852","µV","96196","µV"
"08/11/2024","11:59:55","2","default","203499907","Sensor2","44.092","min","228.083","μmol/L","Humid","22.973","deg","95297","µV","18.534","°C","985.000","hPa","35.0","pmil","0","51.462","deg","22.621","°C","100.000","%a.s.","22.257","deg","22.682","°C","985.000","hPa","0.861","-0.02056","0.00035","-0.00011","0","14.7","Humid","28.35","0","65.20","249277.14","SABD0002000014","AAV2.0.0.13","4.0.0.2353","PSt7-10","000000-000","8/7/2024 3:37:09 PM","0000-00","0","no battery","V","215852","µV","96196","µV"
"08/11/2024","11:59:56","2","default","203499907","Sensor2","44.108","min","228.104","μmol/L","Humid","22.972","deg","95300","µV","18.534","°C","985.000","hPa","35.0","pmil","0","51.462","deg","22.621","°C","100.000","%a.s.","22.257","deg","22.682","°C","985.000","hPa","0.861","-0.02056","0.00035","-0.00011","0","14.7","Humid","28.35","0","65.20","249270.75","SABD0002000014","AAV2.0.0.13","4.0.0.2353","PSt7-10","000000-000","8/7/2024 3:37:09 PM","0000-00","0","no battery","V","215852","µV","96196","µV"
"08/11/2024","11:59:57","2","default","203499907","Sensor2","44.125","min","228.083","μmol/L","Humid","22.973","deg","95289","µV","18.534","°C","985.000","hPa","35.0","pmil","0","51.462","deg","22.621","°C","100.000","%a.s.","22.257","deg","22.682","°C","985.000","hPa","0.861","-0.02056","0.00035","-0.00011","0","14.7","Humid","28.35","0","65.20","249291.87","SABD0002000014","AAV2.0.0.13","4.0.0.2353","PSt7-10","000000-000","8/7/2024 3:37:09 PM","0000-00","0","no battery","V","215852","µV","96196","µV"
"08/11/2024","11:59:58","2","default","203499907","Sensor2","44.142","min","227.986","μmol/L","Humid","22.980","deg","95300","µV","18.528","°C","985.000","hPa","35.0","pmil","0","51.462","deg","22.621","°C","100.000","%a.s.","22.257","deg","22.682","°C","985.000","hPa","0.861","-0.02056","0.00035","-0.00011","0","14.7","Humid","28.35","0","65.20","249276.34","SABD0002000014","AAV2.0.0.13","4.0.0.2353","PSt7-10","000000-000","8/7/2024 3:37:09 PM","0000-00","0","no battery","V","215852","µV","96196","µV"
"08/11/2024","11:59:59","2","default","203499907","Sensor2","44.158","min","228.063","μmol/L","Humid","22.974","deg","95297","µV","18.534","°C","985.000","hPa","35.0","pmil","0","51.462","deg","22.621","°C","100.000","%a.s.","22.257","deg","22.682","°C","985.000","hPa","0.861","-0.02056","0.00035","-0.00011","0","14.7","Humid","28.35","0","65.20","249278.51","SABD0002000014","AAV2.0.0.13","4.0.0.2353","PSt7-10","000000-000","8/7/2024 3:37:09 PM","0000-00","0","no battery","V","215852","µV","96196","µV"
"08/11/2024","12:00:00","2","default","203499907","Sensor2","44.175","min","228.002","μmol/L","Humid","22.977","deg","95301","µV","18.534","°C","985.000","hPa","35.0","pmil","0","51.462","deg","22.621","°C","100.000","%a.s.","22.257","deg","22.682","°C","985.000","hPa","0.861","-0.02056","0.00035","-0.00011","0","14.7","Humid","28.35","0","65.20","249274.07","SABD0002000014","AAV2.0.0.13","4.0.0.2353","PSt7-10","000000-000","8/7/2024 3:37:09 PM","0000-00","0","no battery","V","215852","µV","96196","µV"
"08/11/2024","12:00:01","2","default","203499907","Sensor2","44.191","min","228.006","μmol/L","Humid","22.979","deg","95295","µV","18.528","°C","985.000","hPa","35.0","pmil","0","51.462","deg","22.621","°C","100.000","%a.s.","22.257","deg","22.682","°C","985.000","hPa","0.861","-0.02056","0.00035","-0.00011","0","14.7","Humid","28.35","0","65.20","249287.79","SABD0002000014","AAV2.0.0.13","4.0.0.2353","PSt7-10","000000-000","8/7/2024 3:37:09 PM","0000-00","0","no battery","V","215852","µV","96196","µV"
"08/11/2024","12:00:02","2","default","203499907","Sensor2","44.208","min","227.876","μmol/L","Humid","22.981","deg","95302","µV","18.540","°C","985.000","hPa","35.0","pmil","0","51.462","deg","22.621","°C","100.000","%a.s.","22.257","deg","22.682","°C","985.000","hPa","0.861","-0.02056","0.00035","-0.00011","0","14.7","Humid","28.35","0","65.20","249258.62","SABD0002000014","AAV2.0.0.13","4.0.0.2353","PSt7-10","000000-000","8/7/2024 3:37:09 PM","0000-00","0","no battery","V","215852","µV","96196","µV"
"08/11/2024","12:00:03","2","default","203499907","Sensor2","44.225","min","227.916","μmol/L","Humid","22.979","deg","95301","µV","18.540","°C","985.000","hPa","35.0","pmil","0","51.462","deg","22.621","°C","100.000","%a.s.","22.257","deg","22.682","°C","985.000","hPa","0.861","-0.02056","0.00035","-0.00011","0","14.7","Humid","28.35","0","65.20","249288.51","SABD0002000014","AAV2.0.0.13","4.0.0.2353","PSt7-10","000000-000","8/7/2024 3:37:09 PM","0000-00","0","no battery","V","215852","µV","96196","µV"
"08/11/2024","12:00:04","2","default","203499907","Sensor2","44.241","min","228.022","μmol/L","Humid","22.976","deg","95301","µV","18.534","°C","985.000","hPa","35.0","pmil","0","51.462","deg","22.621","°C","100.000","%a.s.","22.257","deg","22.682","°C","985.000","hPa","0.861","-0.02056","0.00035","-0.00011","0","14.7","Humid","28.35","0","65.20","249274.02","SABD0002000014","AAV2.0.0.13","4.0.0.2353","PSt7-10","000000-000","8/7/2024 3:37:09 PM","0000-00","0","no battery","V","215852","µV","96196","µV"
"08/11/2024","12:00:05","2","default","203499907","Sensor2","44.258","min","227.998","μmol/L","Humid","22.975","deg","95300","µV","18.540","°C","985.000","hPa","35.0","pmil","0","51.462","deg","22.621","°C","100.000","%a.s.","22.257","deg","22.682","°C","985.000","hPa","0.861","-0.02056","0.00035","-0.00011","0","14.7","Humid","28.35","0","65.20","249270.68","SABD0002000014","AAV2.0.0.13","4.0.0.2353","PSt7-10","000000-000","8/7/2024 3:37:09 PM","0000-00","0","no battery","V","215852","µV","96196","µV"
"08/11/2024","12:00:06","2","default","203499907","Sensor2","44.275","min","228.043","μmol/L","Humid","22.975","deg","95305","µV","18.534","°C","985.000","hPa","35.0","pmil","0","51.462","deg","22.621","°C","100.000","%a.s.","22.257","deg","22.682","°C","985.000","hPa","0.861","-0.02056","0.00035","-0.00011","0","14.7","Humid","28.35","0","65.20","249271.90","SABD0002000014","AAV2.0.0.13","4.0.0.2353","PSt7-10","000000-000","8/7/2024 3:37:09 PM","0000-00","0","no battery","V","215852","µV","96196","µV"
"08/11/2024","12:00:07","2","default","203499907","Sensor2","44.292","min","227.880","μmol/L","Humid","22.983","deg","95320","µV","18.534","°C","985.000","hPa","35.0","pmil","0","51.462","deg","22.621","°C","100.000","%a.s.","22.257","deg","22.682","°C","985.000","hPa","0.861","-0.02056","0.00035","-0.00011","0","14.7","Humid","28.35","0","65.20","249285.61","SABD0002000014","AAV2.0.0.13","4.0.0.2353","PSt7-10","000000-000","8/7/2024 3:37:09 PM","0000-00","0","no battery","V","215852","µV","96196","µV"
"08/11/2024","12:00:08","2","default","203499907","Sensor2","44.308","min","227.920","μmol/L","Humid","22.981","deg","95312","µV","18.534","°C","985.000","hPa","35.0","pmil","0","51.462","deg","22.621","°C","100.000","%a.s.","22.257","deg","22.682","°C","985.000","hPa","0.861","-0.02056","0.00035","-0.00011","0","14.7","Humid","28.35","0","65.20","249279.27","SABD0002000014","AAV2.0.0.13","4.0.0.2353","PSt7-10","000000-000","8/7/2024 3:37:09 PM","0000-00","0","no battery","V","215852","µV","96196","µV"
"08/11/2024","12:00:09","2","default","203499907","Sensor2","44.325","min","227.941","μmol/L","Humid","22.980","deg","95303","µV","18.534","°C","985.000","hPa","35.0","pmil","0","51.462","deg","22.621","°C","100.000","%a.s.","22.257","deg","22.682","°C","985.000","hPa","0.861","-0.02056","0.00035","-0.00011","0","14.7","Humid","28.35","0","65.20","249273.54","SABD0002000014","AAV2.0.0.13","4.0.0.2353","PSt7-10","000000-000","8/7/2024 3:37:09 PM","0000-00","0","no battery","V","215852","µV","96196","µV"
"08/11/2024","12:00:10","2","default","203499907","Sensor2","44.341","min","227.876","μmol/L","Humid","22.981","deg","95303","µV","18.540","°C","985.000","hPa","35.0","pmil","0","51.462","deg","22.621","°C","100.000","%a.s.","22.257","deg","22.682","°C","985.000","hPa","0.861","-0.02056","0.00035","-0.00011","0","14.7","Humid","28.35","0","65.20","249267.25","SABD0002000014","AAV2.0.0.13","4.0.0.2353","PSt7-10","000000-000","8/7/2024 3:37:09 PM","0000-00","0","no battery","V","215852","µV","96196","µV"
"08/11/2024","12:00:11","2","default","203499907","Sensor2","44.358","min","227.900","μmol/L","Humid","22.982","deg","95308","µV","18.534","°C","985.000","hPa","35.0","pmil","0","51.462","deg","22.621","°C","100.000","%a.s.","22.257","deg","22.682","°C","985.000","hPa","0.861","-0.02056","0.00035","-0.00011","0","14.7","Humid","28.35","0","65.20","249262.52","SABD0002000014","AAV2.0.0.13","4.0.0.2353","PSt7-10","000000-000","8/7/2024 3:37:09 PM","0000-00","0","no battery","V","215852","µV","96196","µV"
"08/11/2024","12:00:12","2","default","203499907","Sensor2","44.374","min","227.965","μmol/L","Humid","22.981","deg","95309","µV","18.528","°C","985.000","hPa","35.0","pmil","0","51.462","deg","22.621","°C","100.000","%a.s.","22.257","deg","22.682","°C","985.000","hPa","0.861","-0.02056","0.00035","-0.00011","0","14.7","Humid","28.35","0","65.20","249258.42","SABD0002000014","AAV2.0.0.13","4.0.0.2353","PSt7-10","000000-000","8/7/2024 3:37:09 PM","0000-00","0","no battery","V","215852","µV","96196","µV"
"08/11/2024","12:00:13","2","default","203499907","Sensor2","44.391","min","227.925","μmol/L","Humid","22.983","deg","95322","µV","18.528","°C","985.000","hPa","35.0","pmil","0","51.462","deg","22.621","°C","100.000","%a.s.","22.257","deg","22.682","°C","985.000","hPa","0.861","-0.02056","0.00035","-0.00011","0","14.7","Humid","28.35","0","65.20","249287.27","SABD0002000014","AAV2.0.0.13","4.0.0.2353","PSt7-10","000000-000","8/7/2024 3:37:09 PM","0000-00","0","no battery","V","215852","µV","96196","µV"
"08/11/2024","12:00:14","2","default","203499907","Sensor2","44.408","min","227.900","μmol/L","Humid","22.982","deg","95321","µV","18.534","°C","985.000","hPa","35.0","pmil","0","51.462","deg","22.621","°C","100.000","%a.s.","22.257","deg","22.682","°C","985.000","hPa","0.861","-0.02056","0.00035","-0.00011","0","14.7","Humid","28.35","0","65.20","249292.05","SABD0002000014","AAV2.0.0.13","4.0.0.2353","PSt7-10","000000-000","8/7/2024 3:37:09 PM","0000-00","0","no battery","V","215852","µV","96196","µV"
"08/11/2024","12:00:15","2","default","203499907","Sensor2","44.425","min","227.839","μmol/L","Humid","22.985","deg","95330","µV","18.534","°C","985.000","hPa","35.0","pmil","0","51.462","deg","22.621","°C","100.000","%a.s.","22.257","deg","22.682","°C","985.000","hPa","0.861","-0.02056","0.00035","-0.00011","0","14.7","Humid","28.35","0","65.20","249281.04","SABD0002000014","AAV2.0.0.13","4.0.0.2353","PSt7-10","000000-000","8/7/2024 3:37:09 PM","0000-00","0","no battery","V","215852","µV","96196","µV"
"08/11/2024","12:00:16","2","default","203499907","Sensor2","44.441","min","227.904","μmol/L","Humid","22.984","deg","95319","µV","18.528","°C","985.000","hPa","35.0","pmil","0","51.462","deg","22.621","°C","100.000","%a.s.","22.257","deg","22.682","°C","985.000","hPa","0.861","-0.02056","0.00035","-0.00011","0","14.7","Humid","28.35","0","65.20","249273.38","SABD0002000014","AAV2.0.0.13","4.0.0.2353","PSt7-10","000000-000","8/7/2024 3:37:09 PM","0000-00","0","no battery","V","215852","µV","96196","µV"
"08/11/2024","12:00:17","2","default","203499907","Sensor2","44.458","min","227.733","μmol/L","Humid","22.988","deg","95327","µV","18.540","°C","985.000","hPa","35.0","pmil","0","51.462","deg","22.621","°C","100.000","%a.s.","22.257","deg","22.682","°C","985.000","hPa","0.861","-0.02056","0.00035","-0.00011","0","14.7","Humid","28.35","0","65.20","249279.35","SABD0002000014","AAV2.0.0.13","4.0.0.2353","PSt7-10","000000-000","8/7/2024 3:37:09 PM","0000-00","0","no battery","V","215852","µV","96196","µV"
"08/11/2024","12:00:18","2","default","203499907","Sensor2","44.475","min","227.839","μmol/L","Humid","22.985","deg","95330","µV","18.534","°C","985.000","hPa","35.0","pmil","0","51.462","deg","22.621","°C","100.000","%a.s.","22.257","deg","22.682","°C","985.000","hPa","0.861","-0.02056","0.00035","-0.00011","0","14.7","Humid","28.35","0","65.20","249282.46","SABD0002000014","AAV2.0.0.13","4.0.0.2353","PSt7-10","000000-000","8/7/2024 3:37:09 PM","0000-00","0","no battery","V","215852","µV","96196","µV"
"08/11/2024","12:00:19","2","default","203499907","Sensor2","44.492","min","227.819","μmol/L","Humid","22.986","deg","95332","µV","18.534","°C","985.000","hPa","35.0","pmil","0","51.462","deg","22.621","°C","100.000","%a.s.","22.257","deg","22.682","°C","985.000","hPa","0.861","-0.02056","0.00035","-0.00011","0","14.7","Humid","28.35","0","65.20","249273.32","SABD0002000014","AAV2.0.0.13","4.0.0.2353","PSt7-10","000000-000","8/7/2024 3:37:09 PM","0000-00","0","no battery","V","215852","µV","96196","µV"
"08/11/2024","12:00:20","2","default","203499907","Sensor2","44.508","min","227.835","μmol/L","Humid","22.983","deg","95330","µV","18.540","°C","985.000","hPa","35.0","pmil","0","51.462","deg","22.621","°C","100.000","%a.s.","22.257","deg","22.682","°C","985.000","hPa","0.861","-0.02056","0.00035","-0.00011","0","14.7","Humid","28.35","0","65.20","249270.82","SABD0002000014","AAV2.0.0.13","4.0.0.2353","PSt7-10","000000-000","8/7/2024 3:37:09 PM","0000-00","0","no battery","V","215852","µV","96196","µV"
"08/11/2024","12:00:21","2","default","203499907","Sensor2","44.525","min","227.839","μmol/L","Humid","22.985","deg","95336","µV","18.534","°C","985.000","hPa","35.0","pmil","0","51.462","deg","22.621","°C","100.000","%a.s.","22.257","deg","22.682","°C","985.000","hPa","0.861","-0.02056","0.00035","-0.00011","0","14.7","Humid","28.35","0","65.20","249279.57","SABD0002000014","AAV2.0.0.13","4.0.0.2353","PSt7-10","000000-000","8/7/2024 3:37:09 PM","0000-00","0","no battery","V","215852","µV","96196","µV"
"08/11/2024","12:00:22","2","default","203499907","Sensor2","44.541","min","227.855","μmol/L","Humid","22.982","deg","95337","µV","18.540","°C","985.000","hPa","35.0","pmil","0","51.462","deg","22.621","°C","100.000","%a.s.","22.257","deg","22.682","°C","985.000","hPa","0.861","-0.02056","0.00035","-0.00011","0","14.7","Humid","28.35","0","65.20","249278.96","SABD0002000014","AAV2.0.0.13","4.0.0.2353","PSt7-10","000000-000","8/7/2024 3:37:09 PM","0000-00","0","no battery","V","215852","µV","96196","µV"
"08/11/2024","12:00:23","2","default","203499907","Sensor2","44.558","min","227.839","μmol/L","Humid","22.985","deg","95337","µV","18.534","°C","985.000","hPa","35.0","pmil","0","51.462","deg","22.621","°C","100.000","%a.s.","22.257","deg","22.682","°C","985.000","hPa","0.861","-0.02056","0.00035","-0.00011","0","14.7","Humid","28.35","0","65.20","249270.66","SABD0002000014","AAV2.0.0.13","4.0.0.2353","PSt7-10","000000-000","8/7/2024 3:37:09 PM","0000-00","0","no battery","V","215852","µV","96196","µV"
"08/11/2024","12:00:24","2","default","203499907","Sensor2","44.574","min","227.843","μmol/L","Humid","22.987","deg","95333","µV","18.528","°C","985.000","hPa","35.0","pmil","0","51.462","deg","22.621","°C","100.000","%a.s.","22.257","deg","22.682","°C","985.000","hPa","0.861","-0.02056","0.00035","-0.00011","0","14.7","Humid","28.35","0","65.20","249276.73","SABD0002000014","AAV2.0.0.13","4.0.0.2353","PSt7-10","000000-000","8/7/2024 3:37:09 PM","0000-00","0","no battery","V","215852","µV","96196","µV"
"08/11/2024","12:00:25","2","default","203499907","Sensor2","44.591","min","227.815","μmol/L","Humid","22.984","deg","95331","µV","18.540","°C","985.000","hPa","35.0","pmil","0","51.462","deg","22.621","°C","100.000","%a.s.","22.257","deg","22.682","°C","985.000","hPa","0.861","-0.02056","0.00035","-0.00011","0","14.7","Humid","28.35","0","65.20","249268.23","SABD0002000014","AAV2.0.0.13","4.0.0.2353","PSt7-10","000000-000","8/7/2024 3:37:09 PM","0000-00","0","no battery","V","215852","µV","96196","µV"
"08/11/2024","12:00:26","2","default","203499907","Sensor2","44.608","min","227.835","μmol/L","Humid","22.983","deg","95336","µV","18.540","°C","985.000","hPa","35.0","pmil","0","51.462","deg","22.621","°C","100.000","%a.s.","22.257","deg","22.682","°C","985.000","hPa","0.861","-0.02056","0.00035","-0.00011","0","14.7","Humid","28.35","0","65.20","249276.63","SABD0002000014","AAV2.0.0.13","4.0.0.2353","PSt7-10","000000-000","8/7/2024 3:37:09 PM","0000-00","0","no battery","V","215852","µV","96196","µV"
"08/11/2024","12:00:27","2","default","203499907","Sensor2","44.625","min","227.900","μmol/L","Humid","22.982","deg","95338","µV","18.534","°C","985.000","hPa","35.0","pmil","0","51.462","deg","22.621","°C","100.000","%a.s.","22.257","deg","22.682","°C","985.000","hPa","0.861","-0.02056","0.00035","-0.00011","0","14.7","Humid","28.35","0","65.20","249278.69","SABD0002000014","AAV2.0.0.13","4.0.0.2353","PSt7-10","000000-000","8/7/2024 3:37:09 PM","0000-00","0","no battery","V","215852","µV","96196","µV"
"08/11/2024","12:00:28","2","default","203499907","Sensor2","44.641","min","227.799","μmol/L","Humid","22.987","deg","95342","µV","18.534","°C","985.000","hPa","35.0","pmil","0","51.462","deg","22.621","°C","100.000","%a.s.","22.257","deg","22.682","°C","985.000","hPa","0.861","-0.02056","0.00035","-0.00011","0","14.7","Humid","28.35","0","65.20","249275.47","SABD0002000014","AAV2.0.0.13","4.0.0.2353","PSt7-10","000000-000","8/7/2024 3:37:09 PM","0000-00","0","no battery","V","215852","µV","96196","µV"
"08/11/2024","12:00:29","2","default","203499907","Sensor2","44.658","min","227.733","μmol/L","Humid","22.988","deg","95344","µV","18.540","°C","985.000","hPa","35.0","pmil","0","51.462","deg","22.621","°C","100.000","%a.s.","22.257","deg","22.682","°C","985.000","hPa","0.861","-0.02056","0.00035","-0.00011","0","14.7","Humid","28.35","0","65.20","249271.93","SABD0002000014","AAV2.0.0.13","4.0.0.2353","PSt7-10","000000-000","8/7/2024 3:37:09 PM","0000-00","0","no battery","V","215852","µV","96196","µV"
"08/11/2024","12:00:30","2","default","203499907","Sensor2","44.675","min","227.815","μmol/L","Humid","22.984","deg","95338","µV","18.540","°C","985.000","hPa","35.0","pmil","0","51.462","deg","22.621","°C","100.000","%a.s.","22.257","deg","22.682","°C","985.000","hPa","0.861","-0.02056","0.00035","-0.00011","0","14.7","Humid","28.35","0","65.20","249269.34","SABD0002000014","AAV2.0.0.13","4.0.0.2353","PSt7-10","000000-000","8/7/2024 3:37:09 PM","0000-00","0","no battery","V","215852","µV","96196","µV"
"08/11/2024","12:00:31","2","default","203499907","Sensor2","44.692","min","227.782","μmol/L","Humid","22.990","deg","95345","µV","18.528","°C","985.000","hPa","35.0","pmil","0","51.462","deg","22.621","°C","100.000","%a.s.","22.257","deg","22.682","°C","985.000","hPa","0.861","-0.02056","0.00035","-0.00011","0","14.7","Humid","28.35","0","65.20","249270.03","SABD0002000014","AAV2.0.0.13","4.0.0.2353","PSt7-10","000000-000","8/7/2024 3:37:09 PM","0000-00","0","no battery","V","215852","µV","96196","µV"
"08/11/2024","12:00:32","2","default","203499907","Sensor2","44.708","min","227.738","μmol/L","Humid","22.990","deg","95348","µV","18.534","°C","985.000","hPa","35.0","pmil","0","51.462","deg","22.621","°C","100.000","%a.s.","22.257","deg","22.682","°C","985.000","hPa","0.861","-0.02056","0.00035","-0.00011","0","14.7","Humid","28.35","0","65.20","249271.21","SABD0002000014","AAV2.0.0.13","4.0.0.2353","PSt7-10","000000-000","8/7/2024 3:37:09 PM","0000-00","0","no battery","V","215852","µV","96196","µV"
"08/11/2024","12:00:33","2","default","203499907","Sensor2","44.725","min","227.758","μmol/L","Humid","22.989","deg","95350","µV","18.534","°C","985.000","hPa","35.0","pmil","0","51.462","deg","22.621","°C","100.000","%a.s.","22.257","deg","22.682","°C","985.000","hPa","0.861","-0.02056","0.00035","-0.00011","0","14.7","Humid","28.35","0","65.20","249287.41","SABD0002000014","AAV2.0.0.13","4.0.0.2353","PSt7-10","000000-000","8/7/2024 3:37:09 PM","0000-00","0","no battery","V","215852","µV","96196","µV"
"08/11/2024","12:00:34","2","default","203499907","Sensor2","44.741","min","227.758","μmol/L","Humid","22.989","deg","95355","µV","18.534","°C","985.000","hPa","35.0","pmil","0","51.462","deg","22.621","°C","100.000","%a.s.","22.257","deg","22.682","°C","985.000","hPa","0.861","-0.02056","0.00035","-0.00011","0","14.7","Humid","28.35","0","65.20","249270.31","SABD0002000014","AAV2.0.0.13","4.0.0.2353","PSt7-10","000000-000","8/7/2024 3:37:09 PM","0000-00","0","no battery","V","215852","µV","96196","µV"
"08/11/2024","12:00:35","2","default","203499907","Sensor2","44.758","min","227.738","μmol/L","Humid","22.990","deg","95353","µV","18.534","°C","985.000","hPa","35.0","pmil","0","51.462","deg","22.621","°C","100.000","%a.s.","22.257","deg","22.682","°C","985.000","hPa","0.861","-0.02056","0.00035","-0.00011","0","14.7","Humid","28.35","0","65.20","249269.83","SABD0002000014","AAV2.0.0.13","4.0.0.2353","PSt7-10","000000-000","8/7/2024 3:37:09 PM","0000-00","0","no battery","V","215852","µV","96196","µV"
"08/11/2024","12:00:36","2","default","203499907","Sensor2","44.774","min","227.758","μmol/L","Humid","22.989","deg","95352","µV","18.534","°C","985.000","hPa","35.0","pmil","0","51.462","deg","22.621","°C","100.000","%a.s.","22.257","deg","22.682","°C","985.000","hPa","0.861","-0.02056","0.00035","-0.00011","0","14.7","Humid","28.35","0","65.20","249282.19","SABD0002000014","AAV2.0.0.13","4.0.0.2353","PSt7-10","000000-000","8/7/2024 3:37:09 PM","0000-00","0","no battery","V","215852","µV","96196","µV"
"08/11/2024","12:00:37","2","default","203499907","Sensor2","44.791","min","227.717","μmol/L","Humid","22.991","deg","95356","µV","18.534","°C","985.000","hPa","35.0","pmil","0","51.462","deg","22.621","°C","100.000","%a.s.","22.257","deg","22.682","°C","985.000","hPa","0.861","-0.02056","0.00035","-0.00011","0","14.7","Humid","28.35","0","65.20","249285.33","SABD0002000014","AAV2.0.0.13","4.0.0.2353","PSt7-10","000000-000","8/7/2024 3:37:09 PM","0000-00","0","no battery","V","215852","µV","96196","µV"
"08/11/2024","12:00:38","2","default","203499907","Sensor2","44.808","min","227.697","μmol/L","Humid","22.992","deg","95358","µV","18.534","°C","985.000","hPa","35.0","pmil","0","51.462","deg","22.621","°C","100.000","%a.s.","22.257","deg","22.682","°C","985.000","hPa","0.861","-0.02056","0.00035","-0.00011","0","14.7","Humid","28.35","0","65.20","249276.63","SABD0002000014","AAV2.0.0.13","4.0.0.2353","PSt7-10","000000-000","8/7/2024 3:37:09 PM","0000-00","0","no battery","V","215852","µV","96196","µV"
"08/11/2024","12:00:39","2","default","203499907","Sensor2","44.825","min","227.722","μmol/L","Humid","22.993","deg","95355","µV","18.528","°C","985.000","hPa","35.0","pmil","0","51.462","deg","22.621","°C","100.000","%a.s.","22.257","deg","22.682","°C","985.000","hPa","0.861","-0.02056","0.00035","-0.00011","0","14.7","Humid","28.35","0","65.20","249269.49","SABD0002000014","AAV2.0.0.13","4.0.0.2353","PSt7-10","000000-000","8/7/2024 3:37:09 PM","0000-00","0","no battery","V","215852","µV","96196","µV"
"08/11/2024","12:00:40","2","default","203499907","Sensor2","44.841","min","227.758","μmol/L","Humid","22.989","deg","95357","µV","18.534","°C","985.000","hPa","35.0","pmil","0","51.462","deg","22.621","°C","100.000","%a.s.","22.257","deg","22.682","°C","985.000","hPa","0.861","-0.02056","0.00035","-0.00011","0","14.7","Humid","28.35","0","65.20","249273.46","SABD0002000014","AAV2.0.0.13","4.0.0.2353","PSt7-10","000000-000","8/7/2024 3:37:09 PM","0000-00","0","no battery","V","215852","µV","96196","µV"
"08/11/2024","12:00:41","2","default","203499907","Sensor2","44.858","min","227.742","μmol/L","Humid","22.992","deg","95358","µV","18.528","°C","985.000","hPa","35.0","pmil","0","51.462","deg","22.621","°C","100.000","%a.s.","22.257","deg","22.682","°C","985.000","hPa","0.861","-0.02056","0.00035","-0.00011","0","14.7","Humid","28.35","0","65.20","249270.21","SABD0002000014","AAV2.0.0.13","4.0.0.2353","PSt7-10","000000-000","8/7/2024 3:37:09 PM","0000-00","0","no battery","V","215852","µV","96196","µV"
"08/11/2024","12:00:42","2","default","203499907","Sensor2","44.875","min","227.636","μmol/L","Humid","22.995","deg","95367","µV","18.534","°C","985.000","hPa","35.0","pmil","0","51.462","deg","22.621","°C","100.000","%a.s.","22.257","deg","22.682","°C","985.000","hPa","0.861","-0.02056","0.00035","-0.00011","0","14.7","Humid","28.35","0","65.20","249274.21","SABD0002000014","AAV2.0.0.13","4.0.0.2353","PSt7-10","000000-000","8/7/2024 3:37:09 PM","0000-00","0","no battery","V","215852","µV","96196","µV"
"08/11/2024","12:00:43","2","default","203499907","Sensor2","44.892","min","227.591","μmol/L","Humid","22.995","deg","95358","µV","18.540","°C","985.000","hPa","35.0","pmil","0","51.462","deg","22.621","°C","100.000","%a.s.","22.257","deg","22.682","°C","985.000","hPa","0.861","-0.02056","0.00035","-0.00011","0","14.7","Humid","28.35","0","65.20","249281.20","SABD0002000014","AAV2.0.0.13","4.0.0.2353","PSt7-10","000000-000","8/7/2024 3:37:09 PM","0000-00","0","no battery","V","215852","µV","96196","µV"
"08/11/2024","12:00:44","2","default","203499907","Sensor2","44.908","min","227.823","μmol/L","Humid","22.988","deg","95352","µV","18.528","°C","985.000","hPa","35.0","pmil","0","51.462","deg","22.621","°C","100.000","%a.s.","22.257","deg","22.682","°C","985.000","hPa","0.861","-0.02056","0.00035","-0.00011","0","14.7","Humid","28.35","0","65.20","249259.55","SABD0002000014","AAV2.0.0.13","4.0.0.2353","PSt7-10","000000-000","8/7/2024 3:37:09 PM","0000-00","0","no battery","V","215852","µV","96196","µV"
"08/11/2024","12:00:45","2","default","203499907","Sensor2","44.925","min","227.677","μmol/L","Humid","22.993","deg","95373","µV","18.534","°C","985.000","hPa","35.0","pmil","0","51.462","deg","22.621","°C","100.000","%a.s.","22.257","deg","22.682","°C","985.000","hPa","0.861","-0.02056","0.00035","-0.00011","0","14.7","Humid","28.35","0","65.20","249275.36","SABD0002000014","AAV2.0.0.13","4.0.0.2353","PSt7-10","000000-000","8/7/2024 3:37:09 PM","0000-00","0","no battery","V","215852","µV","96196","µV"
"08/11/2024","12:00:46","2","default","203499907","Sensor2","44.941","min","227.738","μmol/L","Humid","22.990","deg","95370","µV","18.534","°C","985.000","hPa","35.0","pmil","0","51.462","deg","22.621","°C","100.000","%a.s.","22.257","deg","22.682","°C","985.000","hPa","0.861","-0.02056","0.00035","-0.00011","0","14.7","Humid","28.35","0","65.20","249267.86","SABD0002000014","AAV2.0.0.13","4.0.0.2353","PSt7-10","000000-000","8/7/2024 3:37:09 PM","0000-00","0","no battery","V","215852","µV","96196","µV"
"08/11/2024","12:00:47","2","default","203499907","Sensor2","44.958","min","227.616","μmol/L","Humid","22.996","deg","95370","µV","18.534","°C","985.000","hPa","35.0","pmil","0","51.462","deg","22.621","°C","100.000","%a.s.","22.257","deg","22.682","°C","985.000","hPa","0.861","-0.02056","0.00035","-0.00011","0","14.7","Humid","28.35","0","65.20","249273.27","SABD0002000014","AAV2.0.0.13","4.0.0.2353","PSt7-10","000000-000","8/7/2024 3:37:09 PM","0000-00","0","no battery","V","215852","µV","96196","µV"
"08/11/2024","12:00:48","2","default","203499907","Sensor2","44.974","min","227.717","μmol/L","Humid","22.991","deg","95370","µV","18.534","°C","985.000","hPa","35.0","pmil","0","51.462","deg","22.621","°C","100.000","%a.s.","22.257","deg","22.682","°C","985.000","hPa","0.861","-0.02056","0.00035","-0.00011","0","14.7","Humid","28.35","0","65.20","249267.34","SABD0002000014","AAV2.0.0.13","4.0.0.2353","PSt7-10","000000-000","8/7/2024 3:37:09 PM","0000-00","0","no battery","V","215852","µV","96196","µV"
"08/11/2024","12:00:49","2","default","203499907","Sensor2","44.991","min","227.656","μmol/L","Humid","22.994","deg","95375","µV","18.534","°C","985.000","hPa","35.0","pmil","0","51.462","deg","22.621","°C","100.000","%a.s.","22.257","deg","22.682","°C","985.000","hPa","0.861","-0.02056","0.00035","-0.00011","0","14.7","Humid","28.35","0","65.20","249266.89","SABD0002000014","AAV2.0.0.13","4.0.0.2353","PSt7-10","000000-000","8/7/2024 3:37:09 PM","0000-00","0","no battery","V","215852","µV","96196","µV"
"08/11/2024","12:00:50","2","default","203499907","Sensor2","45.008","min","227.656","μmol/L","Humid","22.994","deg","95374","µV","18.534","°C","985.000","hPa","35.0","pmil","0","51.462","deg","22.621","°C","100.000","%a.s.","22.257","deg","22.682","°C","985.000","hPa","0.861","-0.02056","0.00035","-0.00011","0","14.7","Humid","28.35","0","65.20","249272.72","SABD0002000014","AAV2.0.0.13","4.0.0.2353","PSt7-10","000000-000","8/7/2024 3:37:09 PM","0000-00","0","no battery","V","215852","µV","96196","µV"
"08/11/2024","12:00:51","2","default","203499907","Sensor2","45.025","min","227.656","μmol/L","Humid","22.994","deg","95376","µV","18.534","°C","985.000","hPa","35.0","pmil","0","51.462","deg","22.621","°C","100.000","%a.s.","22.257","deg","22.682","°C","985.000","hPa","0.861","-0.02056","0.00035","-0.00011","0","14.7","Humid","28.35","0","65.20","249265.61","SABD0002000014","AAV2.0.0.13","4.0.0.2353","PSt7-10","000000-000","8/7/2024 3:37:09 PM","0000-00","0","no battery","V","215852","µV","96196","µV"
"08/11/2024","12:00:52","2","default","203499907","Sensor2","45.041","min","227.697","μmol/L","Humid","22.992","deg","95376","µV","18.534","°C","985.000","hPa","35.0","pmil","0","51.462","deg","22.621","°C","100.000","%a.s.","22.257","deg","22.682","°C","985.000","hPa","0.861","-0.02056","0.00035","-0.00011","0","14.7","Humid","28.35","0","65.20","249262.89","SABD0002000014","AAV2.0.0.13","4.0.0.2353","PSt7-10","000000-000","8/7/2024 3:37:09 PM","0000-00","0","no battery","V","215852","µV","96196","µV"
"08/11/2024","12:00:53","2","default","203499907","Sensor2","45.058","min","227.616","μmol/L","Humid","22.996","deg","95365","µV","18.534","°C","985.000","hPa","35.0","pmil","0","51.462","deg","22.621","°C","100.000","%a.s.","22.257","deg","22.682","°C","985.000","hPa","0.861","-0.02056","0.00035","-0.00011","0","14.7","Humid","28.35","0","65.20","249262.43","SABD0002000014","AAV2.0.0.13","4.0.0.2353","PSt7-10","000000-000","8/7/2024 3:37:09 PM","0000-00","0","no battery","V","215852","µV","96196","µV"
"08/11/2024","12:00:54","2","default","203499907","Sensor2","45.075","min","227.571","μmol/L","Humid","22.996","deg","95379","µV","18.540","°C","985.000","hPa","35.0","pmil","0","51.462","deg","22.621","°C","100.000","%a.s.","22.257","deg","22.682","°C","985.000","hPa","0.861","-0.02056","0.00035","-0.00011","0","14.7","Humid","28.35","0","65.20","249275.01","SABD0002000014","AAV2.0.0.13","4.0.0.2353","PSt7-10","000000-000","8/7/2024 3:37:09 PM","0000-00","0","no battery","V","215852","µV","96196","µV"
"08/11/2024","12:00:55","2","default","203499907","Sensor2","45.092","min","227.575","μmol/L","Humid","22.998","deg","95380","µV","18.534","°C","985.000","hPa","35.0","pmil","0","51.462","deg","22.621","°C","100.000","%a.s.","22.257","deg","22.682","°C","985.000","hPa","0.861","-0.02056","0.00035","-0.00011","0","14.7","Humid","28.35","0","65.20","249257.16","SABD0002000014","AAV2.0.0.13","4.0.0.2353","PSt7-10","000000-000","8/7/2024 3:37:09 PM","0000-00","0","no battery","V","215852","µV","96196","µV"
"08/11/2024","12:00:56","2","default","203499907","Sensor2","45.108","min","227.485","μmol/L","Humid","22.998","deg","95384","µV","18.546","°C","985.000","hPa","35.0","pmil","0","51.462","deg","22.621","°C","100.000","%a.s.","22.257","deg","22.682","°C","985.000","hPa","0.861","-0.02056","0.00035","-0.00011","0","14.7","Humid","28.35","0","65.20","249267.78","SABD0002000014","AAV2.0.0.13","4.0.0.2353","PSt7-10","000000-000","8/7/2024 3:37:09 PM","0000-00","0","no battery","V","215852","µV","96196","µV"
"08/11/2024","12:00:57","2","default","203499907","Sensor2","45.124","min","227.636","μmol/L","Humid","22.995","deg","95378","µV","18.534","°C","985.000","hPa","35.0","pmil","0","51.462","deg","22.621","°C","100.000","%a.s.","22.257","deg","22.682","°C","985.000","hPa","0.861","-0.02056","0.00035","-0.00011","0","14.7","Humid","28.35","0","65.20","249269.68","SABD0002000014","AAV2.0.0.13","4.0.0.2353","PSt7-10","000000-000","8/7/2024 3:37:09 PM","0000-00","0","no battery","V","215852","µV","96196","µV"
"08/11/2024","12:00:58","2","default","203499907","Sensor2","45.141","min","227.429","μmol/L","Humid","23.003","deg","95383","µV","18.540","°C","985.000","hPa","35.0","pmil","0","51.462","deg","22.621","°C","100.000","%a.s.","22.257","deg","22.682","°C","985.000","hPa","0.861","-0.02056","0.00035","-0.00011","0","14.7","Humid","28.35","0","65.20","249258.79","SABD0002000014","AAV2.0.0.13","4.0.0.2353","PSt7-10","000000-000","8/7/2024 3:37:09 PM","0000-00","0","no battery","V","215852","µV","96196","µV"
"08/11/2024","12:00:59","2","default","203499907","Sensor2","45.158","min","227.575","μmol/L","Humid","22.998","deg","95381","µV","18.534","°C","985.000","hPa","35.0","pmil","0","51.462","deg","22.621","°C","100.000","%a.s.","22.257","deg","22.682","°C","985.000","hPa","0.861","-0.02056","0.00035","-0.00011","0","14.7","Humid","28.35","0","65.20","249259.23","SABD0002000014","AAV2.0.0.13","4.0.0.2353","PSt7-10","000000-000","8/7/2024 3:37:09 PM","0000-00","0","no battery","V","215852","µV","96196","µV"
"08/11/2024","12:01:00","2","default","203499907","Sensor2","45.174","min","227.575","μmol/L","Humid","22.998","deg","95390","µV","18.534","°C","985.000","hPa","35.0","pmil","0","51.462","deg","22.621","°C","100.000","%a.s.","22.257","deg","22.682","°C","985.000","hPa","0.861","-0.02056","0.00035","-0.00011","0","14.7","Humid","28.35","0","65.20","249250.32","SABD0002000014","AAV2.0.0.13","4.0.0.2353","PSt7-10","000000-000","8/7/2024 3:37:09 PM","0000-00","0","no battery","V","215852","µV","96196","µV"
"08/11/2024","12:01:01","2","default","203499907","Sensor2","45.191","min","227.514","μmol/L","Humid","23.001","deg","95391","µV","18.534","°C","985.000","hPa","35.0","pmil","0","51.462","deg","22.621","°C","100.000","%a.s.","22.257","deg","22.682","°C","985.000","hPa","0.861","-0.02056","0.00035","-0.00011","0","14.7","Humid","28.35","0","65.20","249257.34","SABD0002000014","AAV2.0.0.13","4.0.0.2353","PSt7-10","000000-000","8/7/2024 3:37:09 PM","0000-00","0","no battery","V","215852","µV","96196","µV"
"08/11/2024","12:01:02","2","default","203499907","Sensor2","45.208","min","227.535","μmol/L","Humid","23.000","deg","95387","µV","18.534","°C","985.000","hPa","35.0","pmil","0","51.462","deg","22.621","°C","100.000","%a.s.","22.257","deg","22.682","°C","985.000","hPa","0.861","-0.02056","0.00035","-0.00011","0","14.7","Humid","28.35","0","65.20","249264.06","SABD0002000014","AAV2.0.0.13","4.0.0.2353","PSt7-10","000000-000","8/7/2024 3:37:09 PM","0000-00","0","no battery","V","215852","µV","96196","µV"
"08/11/2024","12:01:03","2","default","203499907","Sensor2","45.225","min","227.535","μmol/L","Humid","23.000","deg","95385","µV","18.534","°C","985.000","hPa","35.0","pmil","0","51.462","deg","22.621","°C","100.000","%a.s.","22.257","deg","22.682","°C","985.000","hPa","0.861","-0.02056","0.00035","-0.00011","0","14.7","Humid","28.35","0","65.20","249252.16","SABD0002000014","AAV2.0.0.13","4.0.0.2353","PSt7-10","000000-000","8/7/2024 3:37:09 PM","0000-00","0","no battery","V","215852","µV","96196","µV"
"08/11/2024","12:01:04","2","default","203499907","Sensor2","45.241","min","227.535","μmol/L","Humid","23.000","deg","95382","µV","18.534","°C","985.000","hPa","35.0","pmil","0","51.462","deg","22.621","°C","100.000","%a.s.","22.257","deg","22.682","°C","985.000","hPa","0.861","-0.02056","0.00035","-0.00011","0","14.7","Humid","28.35","0","65.20","249245.62","SABD0002000014","AAV2.0.0.13","4.0.0.2353","PSt7-10","000000-000","8/7/2024 3:37:09 PM","0000-00","0","no battery","V","215852","µV","96196","µV"
"08/11/2024","12:01:05","2","default","203499907","Sensor2","45.258","min","227.514","μmol/L","Humid","23.001","deg","95384","µV","18.534","°C","985.000","hPa","35.0","pmil","0","51.462","deg","22.621","°C","100.000","%a.s.","22.257","deg","22.682","°C","985.000","hPa","0.861","-0.02056","0.00035","-0.00011","0","14.7","Humid","28.35","0","65.20","249259.67","SABD0002000014","AAV2.0.0.13","4.0.0.2353","PSt7-10","000000-000","8/7/2024 3:37:09 PM","0000-00","0","no battery","V","215852","µV","96196","µV"
"08/11/2024","12:01:06","2","default","203499907","Sensor2","45.275","min","227.449","μmol/L","Humid","23.002","deg","95390","µV","18.540","°C","985.000","hPa","35.0","pmil","0","51.462","deg","22.621","°C","100.000","%a.s.","22.257","deg","22.682","°C","985.000","hPa","0.861","-0.02056","0.00035","-0.00011","0","14.7","Humid","28.35","0","65.20","249272.94","SABD0002000014","AAV2.0.0.13","4.0.0.2353","PSt7-10","000000-000","8/7/2024 3:37:09 PM","0000-00","0","no battery","V","215852","µV","96196","µV"
"08/11/2024","12:01:07","2","default","203499907","Sensor2","45.292","min","227.453","μmol/L","Humid","23.004","deg","95399","µV","18.534","°C","985.000","hPa","35.0","pmil","0","51.462","deg","22.621","°C","100.000","%a.s.","22.257","deg","22.682","°C","985.000","hPa","0.861","-0.02056","0.00035","-0.00011","0","14.7","Humid","28.35","0","65.20","249264.55","SABD0002000014","AAV2.0.0.13","4.0.0.2353","PSt7-10","000000-000","8/7/2024 3:37:09 PM","0000-00","0","no battery","V","215852","µV","96196","µV"
"08/11/2024","12:01:08","2","default","203499907","Sensor2","45.308","min","227.490","μmol/L","Humid","23.000","deg","95391","µV","18.540","°C","985.000","hPa","35.0","pmil","0","51.462","deg","22.621","°C","100.000","%a.s.","22.257","deg","22.682","°C","985.000","hPa","0.861","-0.02056","0.00035","-0.00011","0","14.7","Humid","28.35","0","65.20","249248.59","SABD0002000014","AAV2.0.0.13","4.0.0.2353","PSt7-10","000000-000","8/7/2024 3:37:09 PM","0000-00","0","no battery","V","215852","µV","96196","µV"
"08/11/2024","12:01:09","2","default","203499907","Sensor2","45.325","min","227.530","μmol/L","Humid","22.998","deg","95391","µV","18.540","°C","985.000","hPa","35.0","pmil","0","51.462","deg","22.621","°C","100.000","%a.s.","22.257","deg","22.682","°C","985.000","hPa","0.861","-0.02056","0.00035","-0.00011","0","14.7","Humid","28.35","0","65.20","249258.70","SABD0002000014","AAV2.0.0.13","4.0.0.2353","PSt7-10","000000-000","8/7/2024 3:37:09 PM","0000-00","0","no battery","V","215852","µV","96196","µV"
"08/11/2024","12:01:10","2","default","203499907","Sensor2","45.341","min","227.469","μmol/L","Humid","23.001","deg","95409","µV","18.540","°C","985.000","hPa","35.0","pmil","0","51.462","deg","22.621","°C","100.000","%a.s.","22.257","deg","22.682","°C","985.000","hPa","0.861","-0.02056","0.00035","-0.00011","0","14.7","Humid","28.35","0","65.20","249263.59","SABD0002000014","AAV2.0.0.13","4.0.0.2353","PSt7-10","000000-000","8/7/2024 3:37:09 PM","0000-00","0","no battery","V","215852","µV","96196","µV"
"08/11/2024","12:01:11","2","default","203499907","Sensor2","45.358","min","227.409","μmol/L","Humid","23.004","deg","95402","µV","18.540","°C","985.000","hPa","35.0","pmil","0","51.462","deg","22.621","°C","100.000","%a.s.","22.257","deg","22.682","°C","985.000","hPa","0.861","-0.02056","0.00035","-0.00011","0","14.7","Humid","28.35","0","65.20","249256.55","SABD0002000014","AAV2.0.0.13","4.0.0.2353","PSt7-10","000000-000","8/7/2024 3:37:09 PM","0000-00","0","no battery","V","215852","µV","96196","µV"
"08/11/2024","12:01:12","2","default","203499907","Sensor2","45.374","min","227.474","μmol/L","Humid","23.003","deg","95400","µV","18.534","°C","985.000","hPa","35.0","pmil","0","51.462","deg","22.621","°C","100.000","%a.s.","22.257","deg","22.682","°C","985.000","hPa","0.861","-0.02056","0.00035","-0.00011","0","14.7","Humid","28.35","0","65.20","249246.32","SABD0002000014","AAV2.0.0.13","4.0.0.2353","PSt7-10","000000-000","8/7/2024 3:37:09 PM","0000-00","0","no battery","V","215852","µV","96196","µV"
"08/11/2024","12:01:13","2","default","203499907","Sensor2","45.391","min","227.413","μmol/L","Humid","23.006","deg","95402","µV","18.534","°C","985.000","hPa","35.0","pmil","0","51.462","deg","22.621","°C","100.000","%a.s.","22.257","deg","22.682","°C","985.000","hPa","0.861","-0.02056","0.00035","-0.00011","0","14.7","Humid","28.35","0","65.20","249247.82","SABD0002000014","AAV2.0.0.13","4.0.0.2353","PSt7-10","000000-000","8/7/2024 3:37:09 PM","0000-00","0","no battery","V","215852","µV","96196","µV"
"08/11/2024","12:01:14","2","default","203499907","Sensor2","45.408","min","227.453","μmol/L","Humid","23.004","deg","95412","µV","18.534","°C","985.000","hPa","35.0","pmil","0","51.462","deg","22.621","°C","100.000","%a.s.","22.257","deg","22.682","°C","985.000","hPa","0.861","-0.02056","0.00035","-0.00011","0","14.7","Humid","28.35","0","65.20","249264.05","SABD0002000014","AAV2.0.0.13","4.0.0.2353","PSt7-10","000000-000","8/7/2024 3:37:09 PM","0000-00","0","no battery","V","215852","µV","96196","µV"
"08/11/2024","12:01:15","2","default","203499907","Sensor2","45.425","min","227.348","μmol/L","Humid","23.007","deg","95412","µV","18.540","°C","985.000","hPa","35.0","pmil","0","51.462","deg","22.621","°C","100.000","%a.s.","22.257","deg","22.682","°C","985.000","hPa","0.861","-0.02056","0.00035","-0.00011","0","14.7","Humid","28.35","0","65.20","249254.59","SABD0002000014","AAV2.0.0.13","4.0.0.2353","PSt7-10","000000-000","8/7/2024 3:37:09 PM","0000-00","0","no battery","V","215852","µV","96196","µV"
"08/11/2024","12:01:16","2","default","203499907","Sensor2","45.441","min","227.287","μmol/L","Humid","23.010","deg","95416","µV","18.540","°C","985.000","hPa","35.0","pmil","0","51.462","deg","22.621","°C","100.000","%a.s.","22.257","deg","22.682","°C","985.000","hPa","0.861","-0.02056","0.00035","-0.00011","0","14.7","Humid","28.35","0","65.20","249260.40","SABD0002000014","AAV2.0.0.13","4.0.0.2353","PSt7-10","000000-000","8/7/2024 3:37:09 PM","0000-00","0","no battery","V","215852","µV","96196","µV"
"08/11/2024","12:01:17","2","default","203499907","Sensor2","45.458","min","227.393","μmol/L","Humid","23.007","deg","95411","µV","18.534","°C","985.000","hPa","35.0","pmil","0","51.462","deg","22.621","°C","100.000","%a.s.","22.257","deg","22.682","°C","985.000","hPa","0.861","-0.02056","0.00035","-0.00011","0","14.7","Humid","28.35","0","65.20","249259.68","SABD0002000014","AAV2.0.0.13","4.0.0.2353","PSt7-10","000000-000","8/7/2024 3:37:09 PM","0000-00","0","no battery","V","215852","µV","96196","µV"
"08/11/2024","12:01:18","2","default","203499907","Sensor2","45.475","min","227.453","μmol/L","Humid","23.004","deg","95417","µV","18.534","°C","985.000","hPa","35.0","pmil","0","51.462","deg","22.621","°C","100.000","%a.s.","22.257","deg","22.682","°C","985.000","hPa","0.861","-0.02056","0.00035","-0.00011","0","14.7","Humid","28.35","0","65.20","249257.87","SABD0002000014","AAV2.0.0.13","4.0.0.2353","PSt7-10","000000-000","8/7/2024 3:37:09 PM","0000-00","0","no battery","V","215852","µV","96196","µV"
"08/11/2024","12:01:19","2","default","203499907","Sensor2","45.492","min","227.413","μmol/L","Humid","23.006","deg","95421","µV","18.534","°C","985.000","hPa","35.0","pmil","0","51.462","deg","22.621","°C","100.000","%a.s.","22.257","deg","22.682","°C","985.000","hPa","0.861","-0.02056","0.00035","-0.00011","0","14.7","Humid","28.35","0","65.20","249255.05","SABD0002000014","AAV2.0.0.13","4.0.0.2353","PSt7-10","000000-000","8/7/2024 3:37:09 PM","0000-00","0","no battery","V","215852","µV","96196","µV"
"08/11/2024","12:01:20","2","default","203499907","Sensor2","45.508","min","227.348","μmol/L","Humid","23.007","deg","95420","µV","18.540","°C","985.000","hPa","35.0","pmil","0","51.462","deg","22.621","°C","100.000","%a.s.","22.257","deg","22.682","°C","985.000","hPa","0.861","-0.02056","0.00035","-0.00011","0","14.7","Humid","28.35","0","65.20","249258.29","SABD0002000014","AAV2.0.0.13","4.0.0.2353","PSt7-10","000000-000","8/7/2024 3:37:09 PM","0000-00","0","no battery","V","215852","µV","96196","µV"
"08/11/2024","12:01:21","2","default","203499907","Sensor2","45.525","min","227.478","μmol/L","Humid","23.005","deg","95417","µV","18.528","°C","985.000","hPa","35.0","pmil","0","51.462","deg","22.621","°C","100.000","%a.s.","22.257","deg","22.682","°C","985.000","hPa","0.861","-0.02056","0.00035","-0.00011","0","14.7","Humid","28.35","0","65.20","249261.25","SABD0002000014","AAV2.0.0.13","4.0.0.2353","PSt7-10","000000-000","8/7/2024 3:37:09 PM","0000-00","0","no battery","V","215852","µV","96196","µV"
"08/11/2024","12:01:22","2","default","203499907","Sensor2","45.542","min","227.291","μmol/L","Humid","23.012","deg","95422","µV","18.534","°C","985.000","hPa","35.0","pmil","0","51.462","deg","22.621","°C","100.000","%a.s.","22.257","deg","22.682","°C","985.000","hPa","0.861","-0.02056","0.00035","-0.00011","0","14.7","Humid","28.35","0","65.20","249257.80","SABD0002000014","AAV2.0.0.13","4.0.0.2353","PSt7-10","000000-000","8/7/2024 3:37:09 PM","0000-00","0","no battery","V","215852","µV","96196","µV"
"08/11/2024","12:01:23","2","default","203499907","Sensor2","45.558","min","227.393","μmol/L","Humid","23.007","deg","95424","µV","18.534","°C","985.000","hPa","35.0","pmil","0","51.462","deg","22.621","°C","100.000","%a.s.","22.257","deg","22.682","°C","985.000","hPa","0.861","-0.02056","0.00035","-0.00011","0","14.7","Humid","28.35","0","65.20","249264.05","SABD0002000014","AAV2.0.0.13","4.0.0.2353","PSt7-10","000000-000","8/7/2024 3:37:09 PM","0000-00","0","no battery","V","215852","µV","96196","µV"
"08/11/2024","12:01:24","2","default","203499907","Sensor2","45.575","min","227.327","μmol/L","Humid","23.008","deg","95427","µV","18.540","°C","985.000","hPa","35.0","pmil","0","51.462","deg","22.621","°C","100.000","%a.s.","22.257","deg","22.682","°C","985.000","hPa","0.861","-0.02056","0.00035","-0.00011","0","14.7","Humid","28.35","0","65.20","249250.86","SABD0002000014","AAV2.0.0.13","4.0.0.2353","PSt7-10","000000-000","8/7/2024 3:37:09 PM","0000-00","0","no battery","V","215852","µV","96196","µV"
"08/11/2024","12:01:25","2","default","203499907","Sensor2","45.591","min","227.433","μmol/L","Humid","23.005","deg","95428","µV","18.534","°C","985.000","hPa","35.0","pmil","0","51.462","deg","22.621","°C","100.000","%a.s.","22.257","deg","22.682","°C","985.000","hPa","0.861","-0.02056","0.00035","-0.00011","0","14.7","Humid","28.35","0","65.20","249252.90","SABD0002000014","AAV2.0.0.13","4.0.0.2353","PSt7-10","000000-000","8/7/2024 3:37:09 PM","0000-00","0","no battery","V","215852","µV","96196","µV"
"08/11/2024","12:01:26","2","default","203499907","Sensor2","45.608","min","227.291","μmol/L","Humid","23.012","deg","95424","µV","18.534","°C","985.000","hPa","35.0","pmil","0","51.462","deg","22.621","°C","100.000","%a.s.","22.257","deg","22.682","°C","985.000","hPa","0.861","-0.02056","0.00035","-0.00011","0","14.7","Humid","28.35","0","65.20","249249.99","SABD0002000014","AAV2.0.0.13","4.0.0.2353","PSt7-10","000000-000","8/7/2024 3:37:09 PM","0000-00","0","no battery","V","215852","µV","96196","µV"
"08/11/2024","12:01:27","2","default","203499907","Sensor2","45.624","min","227.267","μmol/L","Humid","23.011","deg","95427","µV","18.540","°C","985.000","hPa","35.0","pmil","0","51.462","deg","22.621","°C","100.000","%a.s.","22.257","deg","22.682","°C","985.000","hPa","0.861","-0.02056","0.00035","-0.00011","0","14.7","Humid","28.35","0","65.20","249248.92","SABD0002000014","AAV2.0.0.13","4.0.0.2353","PSt7-10","000000-000","8/7/2024 3:37:09 PM","0000-00","0","no battery","V","215852","µV","96196","µV"
"08/11/2024","12:01:28","2","default","203499907","Sensor2","45.641","min","227.311","μmol/L","Humid","23.011","deg","95431","µV","18.534","°C","985.000","hPa","35.0","pmil","0","51.462","deg","22.621","°C","100.000","%a.s.","22.257","deg","22.682","°C","985.000","hPa","0.861","-0.02056","0.00035","-0.00011","0","14.7","Humid","28.35","0","65.20","249261.52","SABD0002000014","AAV2.0.0.13","4.0.0.2353","PSt7-10","000000-000","8/7/2024 3:37:09 PM","0000-00","0","no battery","V","215852","µV","96196","µV"
"08/11/2024","12:01:29","2","default","203499907","Sensor2","45.658","min","227.336","μmol/L","Humid","23.012","deg","95435","µV","18.528","°C","985.000","hPa","35.0","pmil","0","51.462","deg","22.621","°C","100.000","%a.s.","22.257","deg","22.682","°C","985.000","hPa","0.861","-0.02056","0.00035","-0.00011","0","14.7","Humid","28.35","0","65.20","249266.39","SABD0002000014","AAV2.0.0.13","4.0.0.2353","PSt7-10","000000-000","8/7/2024 3:37:09 PM","0000-00","0","no battery","V","215852","µV","96196","µV"
"08/11/2024","12:01:30","2","default","203499907","Sensor2","45.675","min","227.267","μmol/L","Humid","23.011","deg","95430","µV","18.540","°C","985.000","hPa","35.0","pmil","0","51.462","deg","22.621","°C","100.000","%a.s.","22.257","deg","22.682","°C","985.000","hPa","0.861","-0.02056","0.00035","-0.00011","0","14.7","Humid","28.35","0","65.20","249264.69","SABD0002000014","AAV2.0.0.13","4.0.0.2353","PSt7-10","000000-000","8/7/2024 3:37:09 PM","0000-00","0","no battery","V","215852","µV","96196","µV"
"08/11/2024","12:01:31","2","default","203499907","Sensor2","45.691","min","227.271","μmol/L","Humid","23.013","deg","95435","µV","18.534","°C","985.000","hPa","35.0","pmil","0","51.462","deg","22.621","°C","100.000","%a.s.","22.257","deg","22.682","°C","985.000","hPa","0.861","-0.02056","0.00035","-0.00011","0","14.7","Humid","28.35","0","65.20","249248.57","SABD0002000014","AAV2.0.0.13","4.0.0.2353","PSt7-10","000000-000","8/7/2024 3:37:09 PM","0000-00","0","no battery","V","215852","µV","96196","µV"
"08/11/2024","12:01:32","2","default","203499907","Sensor2","45.708","min","227.283","μmol/L","Humid","23.008","deg","95436","µV","18.546","°C","985.000","hPa","35.0","pmil","0","51.462","deg","22.621","°C","100.000","%a.s.","22.257","deg","22.682","°C","985.000","hPa","0.861","-0.02056","0.00035","-0.00011","0","14.7","Humid","28.35","0","65.20","249253.27","SABD0002000014","AAV2.0.0.13","4.0.0.2353","PSt7-10","000000-000","8/7/2024 3:37:09 PM","0000-00","0","no battery","V","215852","µV","96196","µV"
"08/11/2024","12:01:33","2","default","203499907","Sensor2","45.725","min","227.307","μmol/L","Humid","23.009","deg","95437","µV","18.540","°C","985.000","hPa","35.0","pmil","0","51.462","deg","22.621","°C","100.000","%a.s.","22.257","deg","22.682","°C","985.000","hPa","0.861","-0.02056","0.00035","-0.00011","0","14.7","Humid","28.35","0","65.20","249250.85","SABD0002000014","AAV2.0.0.13","4.0.0.2353","PSt7-10","000000-000","8/7/2024 3:37:09 PM","0000-00","0","no battery","V","215852","µV","96196","µV"
"08/11/2024","12:01:34","2","default","203499907","Sensor2","45.742","min","227.372","μmol/L","Humid","23.008","deg","95439","µV","18.534","°C","985.000","hPa","35.0","pmil","0","51.462","deg","22.621","°C","100.000","%a.s.","22.257","deg","22.682","°C","985.000","hPa","0.861","-0.02056","0.00035","-0.00011","0","14.7","Humid","28.35","0","65.20","249261.44","SABD0002000014","AAV2.0.0.13","4.0.0.2353","PSt7-10","000000-000","8/7/2024 3:37:09 PM","0000-00","0","no battery","V","215852","µV","96196","µV"
"08/11/2024","12:01:35","2","default","203499907","Sensor2","45.758","min","227.397","μmol/L","Humid","23.009","deg","95446","µV","18.528","°C","985.000","hPa","35.0","pmil","0","51.462","deg","22.621","°C","100.000","%a.s.","22.257","deg","22.682","°C","985.000","hPa","0.861","-0.02056","0.00035","-0.00011","0","14.7","Humid","28.35","0","65.20","249257.47","SABD0002000014","AAV2.0.0.13","4.0.0.2353","PSt7-10","000000-000","8/7/2024 3:37:09 PM","0000-00","0","no battery","V","215852","µV","96196","µV"
"08/11/2024","12:01:36","2","default","203499907","Sensor2","45.775","min","227.210","μmol/L","Humid","23.016","deg","95441","µV","18.534","°C","985.000","hPa","35.0","pmil","0","51.462","deg","22.621","°C","100.000","%a.s.","22.257","deg","22.682","°C","985.000","hPa","0.861","-0.02056","0.00035","-0.00011","0","14.7","Humid","28.35","0","65.20","249246.63","SABD0002000014","AAV2.0.0.13","4.0.0.2353","PSt7-10","000000-000","8/7/2024 3:37:09 PM","0000-00","0","no battery","V","215852","µV","96196","µV"
"08/11/2024","12:01:37","2","default","203499907","Sensor2","45.792","min","227.251","μmol/L","Humid","23.014","deg","95445","µV","18.534","°C","985.000","hPa","35.0","pmil","0","51.462","deg","22.621","°C","100.000","%a.s.","22.257","deg","22.682","°C","985.000","hPa","0.861","-0.02056","0.00035","-0.00011","0","14.7","Humid","28.35","0","65.20","249250.86","SABD0002000014","AAV2.0.0.13","4.0.0.2353","PSt7-10","000000-000","8/7/2024 3:37:09 PM","0000-00","0","no battery","V","215852","µV","96196","µV"
"08/11/2024","12:01:38","2","default","203499907","Sensor2","45.808","min","227.206","μmol/L","Humid","23.014","deg","95441","µV","18.540","°C","985.000","hPa","35.0","pmil","0","51.462","deg","22.621","°C","100.000","%a.s.","22.257","deg","22.682","°C","985.000","hPa","0.861","-0.02056","0.00035","-0.00011","0","14.7","Humid","28.35","0","65.20","249250.93","SABD0002000014","AAV2.0.0.13","4.0.0.2353","PSt7-10","000000-000","8/7/2024 3:37:09 PM","0000-00","0","no battery","V","215852","µV","96196","µV"
"08/11/2024","12:01:39","2","default","203499907","Sensor2","45.824","min","227.291","μmol/L","Humid","23.012","deg","95449","µV","18.534","°C","985.000","hPa","35.0","pmil","0","51.462","deg","22.621","°C","100.000","%a.s.","22.257","deg","22.682","°C","985.000","hPa","0.861","-0.02056","0.00035","-0.00011","0","14.7","Humid","28.35","0","65.20","249252.19","SABD0002000014","AAV2.0.0.13","4.0.0.2353","PSt7-10","000000-000","8/7/2024 3:37:09 PM","0000-00","0","no battery","V","215852","µV","96196","µV"
"08/11/2024","12:01:40","2","default","203499907","Sensor2","45.841","min","227.206","μmol/L","Humid","23.014","deg","95447","µV","18.540","°C","985.000","hPa","35.0","pmil","0","51.462","deg","22.621","°C","100.000","%a.s.","22.257","deg","22.682","°C","985.000","hPa","0.861","-0.02056","0.00035","-0.00011","0","14.7","Humid","28.35","0","65.20","249246.77","SABD0002000014","AAV2.0.0.13","4.0.0.2353","PSt7-10","000000-000","8/7/2024 3:37:09 PM","0000-00","0","no battery","V","215852","µV","96196","µV"
"08/11/2024","12:01:41","2","default","203499907","Sensor2","45.858","min","227.226","μmol/L","Humid","23.013","deg","95452","µV","18.540","°C","985.000","hPa","35.0","pmil","0","51.462","deg","22.621","°C","100.000","%a.s.","22.257","deg","22.682","°C","985.000","hPa","0.861","-0.02056","0.00035","-0.00011","0","14.7","Humid","28.35","0","65.20","249250.86","SABD0002000014","AAV2.0.0.13","4.0.0.2353","PSt7-10","000000-000","8/7/2024 3:37:09 PM","0000-00","0","no battery","V","215852","µV","96196","µV"
"08/11/2024","12:01:42","2","default","203499907","Sensor2","45.875","min","227.291","μmol/L","Humid","23.012","deg","95450","µV","18.534","°C","985.000","hPa","35.0","pmil","0","51.462","deg","22.621","°C","100.000","%a.s.","22.257","deg","22.682","°C","985.000","hPa","0.861","-0.02056","0.00035","-0.00011","0","14.7","Humid","28.35","0","65.20","249250.92","SABD0002000014","AAV2.0.0.13","4.0.0.2353","PSt7-10","000000-000","8/7/2024 3:37:09 PM","0000-00","0","no battery","V","215852","µV","96196","µV"
"08/11/2024","12:01:43","2","default","203499907","Sensor2","45.891","min","227.190","μmol/L","Humid","23.017","deg","95452","µV","18.534","°C","985.000","hPa","35.0","pmil","0","51.462","deg","22.621","°C","100.000","%a.s.","22.257","deg","22.682","°C","985.000","hPa","0.861","-0.02056","0.00035","-0.00011","0","14.7","Humid","28.35","0","65.20","249249.79","SABD0002000014","AAV2.0.0.13","4.0.0.2353","PSt7-10","000000-000","8/7/2024 3:37:09 PM","0000-00","0","no battery","V","215852","µV","96196","µV"
"08/11/2024","12:01:44","2","default","203499907","Sensor2","45.908","min","227.230","μmol/L","Humid","23.015","deg","95448","µV","18.534","°C","985.000","hPa","35.0","pmil","0","51.462","deg","22.621","°C","100.000","%a.s.","22.257","deg","22.682","°C","985.000","hPa","0.861","-0.02056","0.00035","-0.00011","0","14.7","Humid","28.35","0","65.20","249253.91","SABD0002000014","AAV2.0.0.13","4.0.0.2353","PSt7-10","000000-000","8/7/2024 3:37:09 PM","0000-00","0","no battery","V","215852","µV","96196","µV"
"08/11/2024","12:01:45","2","default","203499907","Sensor2","45.925","min","227.165","μmol/L","Humid","23.016","deg","95460","µV","18.540","°C","985.000","hPa","35.0","pmil","0","51.462","deg","22.621","°C","100.000","%a.s.","22.257","deg","22.682","°C","985.000","hPa","0.861","-0.02056","0.00035","-0.00011","0","14.7","Humid","28.35","0","65.20","249258.08","SABD0002000014","AAV2.0.0.13","4.0.0.2353","PSt7-10","000000-000","8/7/2024 3:37:09 PM","0000-00","0","no battery","V","215852","µV","96196","µV"
"08/11/2024","12:01:46","2","default","203499907","Sensor2","45.942","min","227.190","μmol/L","Humid","23.017","deg","95457","µV","18.534","°C","985.000","hPa","35.0","pmil","0","51.462","deg","22.621","°C","100.000","%a.s.","22.257","deg","22.682","°C","985.000","hPa","0.861","-0.02056","0.00035","-0.00011","0","14.7","Humid","28.35","0","65.20","249250.03","SABD0002000014","AAV2.0.0.13","4.0.0.2353","PSt7-10","000000-000","8/7/2024 3:37:09 PM","0000-00","0","no battery","V","215852","µV","96196","µV"
"08/11/2024","12:01:47","2","default","203499907","Sensor2","45.958","min","227.129","μmol/L","Humid","23.020","deg","95453","µV","18.534","°C","985.000","hPa","35.0","pmil","0","51.462","deg","22.621","°C","100.000","%a.s.","22.257","deg","22.682","°C","985.000","hPa","0.861","-0.02056","0.00035","-0.00011","0","14.7","Humid","28.35","0","65.20","249250.22","SABD0002000014","AAV2.0.0.13","4.0.0.2353","PSt7-10","000000-000","8/7/2024 3:37:09 PM","0000-00","0","no battery","V","215852","µV","96196","µV"
"08/11/2024","12:01:48","2","default","203499907","Sensor2","45.975","min","227.275","μmol/L","Humid","23.015","deg","95463","µV","18.528","°C","985.000","hPa","35.0","pmil","0","51.462","deg","22.621","°C","100.000","%a.s.","22.257","deg","22.682","°C","985.000","hPa","0.861","-0.02056","0.00035","-0.00011","0","14.7","Humid","28.35","0","65.20","249248.79","SABD0002000014","AAV2.0.0.13","4.0.0.2353","PSt7-10","000000-000","8/7/2024 3:37:09 PM","0000-00","0","no battery","V","215852","µV","96196","µV"
"08/11/2024","12:01:49","2","default","203499907","Sensor2","45.991","min","227.206","μmol/L","Humid","23.014","deg","95471","µV","18.540","°C","985.000","hPa","35.0","pmil","0","51.462","deg","22.621","°C","100.000","%a.s.","22.257","deg","22.682","°C","985.000","hPa","0.861","-0.02056","0.00035","-0.00011","0","14.7","Humid","28.35","0","65.20","249266.15","SABD0002000014","AAV2.0.0.13","4.0.0.2353","PSt7-10","000000-000","8/7/2024 3:37:09 PM","0000-00","0","no battery","V","215852","µV","96196","µV"
"08/11/2024","12:01:50","2","default","203499907","Sensor2","46.008","min","227.190","μmol/L","Humid","23.017","deg","95463","µV","18.534","°C","985.000","hPa","35.0","pmil","0","51.462","deg","22.621","°C","100.000","%a.s.","22.257","deg","22.682","°C","985.000","hPa","0.861","-0.02056","0.00035","-0.00011","0","14.7","Humid","28.35","0","65.20","249252.01","SABD0002000014","AAV2.0.0.13","4.0.0.2353","PSt7-10","000000-000","8/7/2024 3:37:09 PM","0000-00","0","no battery","V","215852","µV","96196","µV"
"08/11/2024","12:01:51","2","default","203499907","Sensor2","46.024","min","227.149","μmol/L","Humid","23.019","deg","95461","µV","18.534","°C","985.000","hPa","35.0","pmil","0","51.462","deg","22.621","°C","100.000","%a.s.","22.257","deg","22.682","°C","985.000","hPa","0.861","-0.02056","0.00035","-0.00011","0","14.7","Humid","28.35","0","65.20","249261.62","SABD0002000014","AAV2.0.0.13","4.0.0.2353","PSt7-10","000000-000","8/7/2024 3:37:09 PM","0000-00","0","no battery","V","215852","µV","96196","µV"
"08/11/2024","12:01:52","2","default","203499907","Sensor2","46.041","min","227.165","μmol/L","Humid","23.016","deg","95472","µV","18.540","°C","985.000","hPa","35.0","pmil","0","51.462","deg","22.621","°C","100.000","%a.s.","22.257","deg","22.682","°C","985.000","hPa","0.861","-0.02056","0.00035","-0.00011","0","14.7","Humid","28.35","0","65.20","249262.53","SABD0002000014","AAV2.0.0.13","4.0.0.2353","PSt7-10","000000-000","8/7/2024 3:37:09 PM","0000-00","0","no battery","V","215852","µV","96196","µV"
"08/11/2024","12:01:53","2","default","203499907","Sensor2","46.058","min","227.145","μmol/L","Humid","23.017","deg","95474","µV","18.540","°C","985.000","hPa","35.0","pmil","0","51.462","deg","22.621","°C","100.000","%a.s.","22.257","deg","22.682","°C","985.000","hPa","0.861","-0.02056","0.00035","-0.00011","0","14.7","Humid","28.35","0","65.20","249259.80","SABD0002000014","AAV2.0.0.13","4.0.0.2353","PSt7-10","000000-000","8/7/2024 3:37:09 PM","0000-00","0","no battery","V","215852","µV","96196","µV"
"08/11/2024","12:01:54","2","default","203499907","Sensor2","46.075","min","227.105","μmol/L","Humid","23.019","deg","95472","µV","18.540","°C","985.000","hPa","35.0","pmil","0","51.462","deg","22.621","°C","100.000","%a.s.","22.257","deg","22.682","°C","985.000","hPa","0.861","-0.02056","0.00035","-0.00011","0","14.7","Humid","28.35","0","65.20","249259.15","SABD0002000014","AAV2.0.0.13","4.0.0.2353","PSt7-10","000000-000","8/7/2024 3:37:09 PM","0000-00","0","no battery","V","215852","µV","96196","µV"
"08/11/2024","12:01:55","2","default","203499907","Sensor2","46.092","min","227.109","μmol/L","Humid","23.021","deg","95473","µV","18.534","°C","985.000","hPa","35.0","pmil","0","51.462","deg","22.621","°C","100.000","%a.s.","22.257","deg","22.682","°C","985.000","hPa","0.861","-0.02056","0.00035","-0.00011","0","14.7","Humid","28.35","0","65.20","249267.31","SABD0002000014","AAV2.0.0.13","4.0.0.2353","PSt7-10","000000-000","8/7/2024 3:37:09 PM","0000-00","0","no battery","V","215852","µV","96196","µV"
"08/11/2024","12:01:56","2","default","203499907","Sensor2","46.108","min","227.089","μmol/L","Humid","23.022","deg","95473","µV","18.534","°C","985.000","hPa","35.0","pmil","0","51.462","deg","22.621","°C","100.000","%a.s.","22.257","deg","22.682","°C","985.000","hPa","0.861","-0.02056","0.00035","-0.00011","0","14.7","Humid","28.35","0","65.20","249254.62","SABD0002000014","AAV2.0.0.13","4.0.0.2353","PSt7-10","000000-000","8/7/2024 3:37:09 PM","0000-00","0","no battery","V","215852","µV","96196","µV"
"08/11/2024","12:01:57","2","default","203499907","Sensor2","46.125","min","227.251","μmol/L","Humid","23.014","deg","95481","µV","18.534","°C","985.000","hPa","35.0","pmil","0","51.462","deg","22.621","°C","100.000","%a.s.","22.257","deg","22.682","°C","985.000","hPa","0.861","-0.02056","0.00035","-0.00011","0","14.7","Humid","28.35","0","65.20","249268.26","SABD0002000014","AAV2.0.0.13","4.0.0.2353","PSt7-10","000000-000","8/7/2024 3:37:09 PM","0000-00","0","no battery","V","215852","µV","96196","µV"
"08/11/2024","12:01:58","2","default","203499907","Sensor2","46.142","min","227.024","μmol/L","Humid","23.023","deg","95479","µV","18.540","°C","985.000","hPa","35.0","pmil","0","51.462","deg","22.621","°C","100.000","%a.s.","22.257","deg","22.682","°C","985.000","hPa","0.861","-0.02056","0.00035","-0.00011","0","14.7","Humid","28.35","0","65.20","249253.59","SABD0002000014","AAV2.0.0.13","4.0.0.2353","PSt7-10","000000-000","8/7/2024 3:37:09 PM","0000-00","0","no battery","V","215852","µV","96196","µV"
"08/11/2024","12:01:59","2","default","203499907","Sensor2","46.158","min","227.133","μmol/L","Humid","23.022","deg","95483","µV","18.528","°C","985.000","hPa","35.0","pmil","0","51.462","deg","22.621","°C","100.000","%a.s.","22.257","deg","22.682","°C","985.000","hPa","0.861","-0.02056","0.00035","-0.00011","0","14.7","Humid","28.35","0","65.20","249260.78","SABD0002000014","AAV2.0.0.13","4.0.0.2353","PSt7-10","000000-000","8/7/2024 3:37:09 PM","0000-00","0","no battery","V","215852","µV","96196","µV"
"08/11/2024","12:02:00","2","default","203499907","Sensor2","46.175","min","227.044","μmol/L","Humid","23.022","deg","95480","µV","18.540","°C","985.000","hPa","35.0","pmil","0","51.462","deg","22.621","°C","100.000","%a.s.","22.257","deg","22.682","°C","985.000","hPa","0.861","-0.02056","0.00035","-0.00011","0","14.7","Humid","28.35","0","65.20","249251.04","SABD0002000014","AAV2.0.0.13","4.0.0.2353","PSt7-10","000000-000","8/7/2024 3:37:09 PM","0000-00","0","no battery","V","215852","µV","96196","µV"
"08/11/2024","12:02:01","2","default","203499907","Sensor2","46.192","min","227.048","μmol/L","Humid","23.024","deg","95482","µV","18.534","°C","985.000","hPa","35.0","pmil","0","51.462","deg","22.621","°C","100.000","%a.s.","22.257","deg","22.682","°C","985.000","hPa","0.861","-0.02056","0.00035","-0.00011","0","14.7","Humid","28.35","0","65.20","249255.78","SABD0002000014","AAV2.0.0.13","4.0.0.2353","PSt7-10","000000-000","8/7/2024 3:37:09 PM","0000-00","0","no battery","V","215852","µV","96196","µV"
"08/11/2024","12:02:02","2","default","203499907","Sensor2","46.208","min","227.028","μmol/L","Humid","23.025","deg","95486","µV","18.534","°C","985.000","hPa","35.0","pmil","0","51.462","deg","22.621","°C","100.000","%a.s.","22.257","deg","22.682","°C","985.000","hPa","0.861","-0.02056","0.00035","-0.00011","0","14.7","Humid","28.35","0","65.20","249246.78","SABD0002000014","AAV2.0.0.13","4.0.0.2353","PSt7-10","000000-000","8/7/2024 3:37:09 PM","0000-00","0","no battery","V","215852","µV","96196","µV"
"08/11/2024","12:02:03","2","default","203499907","Sensor2","46.225","min","227.068","μmol/L","Humid","23.023","deg","95482","µV","18.534","°C","985.000","hPa","35.0","pmil","0","51.462","deg","22.621","°C","100.000","%a.s.","22.257","deg","22.682","°C","985.000","hPa","0.861","-0.02056","0.00035","-0.00011","0","14.7","Humid","28.35","0","65.20","249261.94","SABD0002000014","AAV2.0.0.13","4.0.0.2353","PSt7-10","000000-000","8/7/2024 3:37:09 PM","0000-00","0","no battery","V","215852","µV","96196","µV"
"08/11/2024","12:02:04","2","default","203499907","Sensor2","46.241","min","226.963","μmol/L","Humid","23.026","deg","95482","µV","18.540","°C","985.000","hPa","35.0","pmil","0","51.462","deg","22.621","°C","100.000","%a.s.","22.257","deg","22.682","°C","985.000","hPa","0.861","-0.02056","0.00035","-0.00011","0","14.7","Humid","28.35","0","65.20","249252.72","SABD0002000014","AAV2.0.0.13","4.0.0.2353","PSt7-10","000000-000","8/7/2024 3:37:09 PM","0000-00","0","no battery","V","215852","µV","96196","µV"
"08/11/2024","12:02:05","2","default","203499907","Sensor2","46.258","min","227.028","μmol/L","Humid","23.025","deg","95487","µV","18.534","°C","985.000","hPa","35.0","pmil","0","51.462","deg","22.621","°C","100.000","%a.s.","22.257","deg","22.682","°C","985.000","hPa","0.861","-0.02056","0.00035","-0.00011","0","14.7","Humid","28.35","0","65.20","249251.75","SABD0002000014","AAV2.0.0.13","4.0.0.2353","PSt7-10","000000-000","8/7/2024 3:37:09 PM","0000-00","0","no battery","V","215852","µV","96196","µV"
"08/11/2024","12:02:06","2","default","203499907","Sensor2","46.275","min","227.003","μmol/L","Humid","23.024","deg","95490","µV","18.540","°C","985.000","hPa","35.0","pmil","0","51.462","deg","22.621","°C","100.000","%a.s.","22.257","deg","22.682","°C","985.000","hPa","0.861","-0.02056","0.00035","-0.00011","0","14.7","Humid","28.35","0","65.20","249260.49","SABD0002000014","AAV2.0.0.13","4.0.0.2353","PSt7-10","000000-000","8/7/2024 3:37:09 PM","0000-00","0","no battery","V","215852","µV","96196","µV"
"08/11/2024","12:02:07","2","default","203499907","Sensor2","46.291","min","226.959","μmol/L","Humid","23.024","deg","95487","µV","18.546","°C","985.000","hPa","35.0","pmil","0","51.462","deg","22.621","°C","100.000","%a.s.","22.257","deg","22.682","°C","985.000","hPa","0.861","-0.02056","0.00035","-0.00011","0","14.7","Humid","28.35","0","65.20","249258.60","SABD0002000014","AAV2.0.0.13","4.0.0.2353","PSt7-10","000000-000","8/7/2024 3:37:09 PM","0000-00","0","no battery","V","215852","µV","96196","µV"
"08/11/2024","12:02:08","2","default","203499907","Sensor2","46.308","min","227.048","μmol/L","Humid","23.024","deg","95488","µV","18.534","°C","985.000","hPa","35.0","pmil","0","51.462","deg","22.621","°C","100.000","%a.s.","22.257","deg","22.682","°C","985.000","hPa","0.861","-0.02056","0.00035","-0.00011","0","14.7","Humid","28.35","0","65.20","249257.60","SABD0002000014","AAV2.0.0.13","4.0.0.2353","PSt7-10","000000-000","8/7/2024 3:37:09 PM","0000-00","0","no battery","V","215852","µV","96196","µV"
"08/11/2024","12:02:09","2","default","203499907","Sensor2","46.325","min","227.028","μmol/L","Humid","23.025","deg","95492","µV","18.534","°C","985.000","hPa","35.0","pmil","0","51.462","deg","22.621","°C","100.000","%a.s.","22.257","deg","22.682","°C","985.000","hPa","0.861","-0.02056","0.00035","-0.00011","0","14.7","Humid","28.35","0","65.20","249256.07","SABD0002000014","AAV2.0.0.13","4.0.0.2353","PSt7-10","000000-000","8/7/2024 3:37:09 PM","0000-00","0","no battery","V","215852","µV","96196","µV"
"08/11/2024","12:02:10","2","default","203499907","Sensor2","46.342","min","227.008","μmol/L","Humid","23.026","deg","95492","µV","18.534","°C","985.000","hPa","35.0","pmil","0","51.462","deg","22.621","°C","100.000","%a.s.","22.257","deg","22.682","°C","985.000","hPa","0.861","-0.02056","0.00035","-0.00011","0","14.7","Humid","28.35","0","65.20","249256.87","SABD0002000014","AAV2.0.0.13","4.0.0.2353","PSt7-10","000000-000","8/7/2024 3:37:09 PM","0000-00","0","no battery","V","215852","µV","96196","µV"
"08/11/2024","12:02:11","2","default","203499907","Sensor2","46.358","min","227.024","μmol/L","Humid","23.023","deg","95485","µV","18.540","°C","985.000","hPa","35.0","pmil","0","51.462","deg","22.621","°C","100.000","%a.s.","22.257","deg","22.682","°C","985.000","hPa","0.861","-0.02056","0.00035","-0.00011","0","14.7","Humid","28.35","0","65.20","249247.80","SABD0002000014","AAV2.0.0.13","4.0.0.2353","PSt7-10","000000-000","8/7/2024 3:37:09 PM","0000-00","0","no battery","V","215852","µV","96196","µV"
"08/11/2024","12:02:12","2","default","203499907","Sensor2","46.375","min","227.003","μmol/L","Humid","23.024","deg","95495","µV","18.540","°C","985.000","hPa","35.0","pmil","0","51.462","deg","22.621","°C","100.000","%a.s.","22.257","deg","22.682","°C","985.000","hPa","0.861","-0.02056","0.00035","-0.00011","0","14.7","Humid","28.35","0","65.20","249249.85","SABD0002000014","AAV2.0.0.13","4.0.0.2353","PSt7-10","000000-000","8/7/2024 3:37:09 PM","0000-00","0","no battery","V","215852","µV","96196","µV"
"08/11/2024","12:02:13","2","default","203499907","Sensor2","46.391","min","226.902","μmol/L","Humid","23.029","deg","95501","µV","18.540","°C","985.000","hPa","35.0","pmil","0","51.462","deg","22.621","°C","100.000","%a.s.","22.257","deg","22.682","°C","985.000","hPa","0.861","-0.02056","0.00035","-0.00011","0","14.7","Humid","28.35","0","65.20","249257.46","SABD0002000014","AAV2.0.0.13","4.0.0.2353","PSt7-10","000000-000","8/7/2024 3:37:09 PM","0000-00","0","no battery","V","215852","µV","96196","µV"
"08/11/2024","12:02:14","2","default","203499907","Sensor2","46.408","min","226.967","μmol/L","Humid","23.028","deg","95497","µV","18.534","°C","985.000","hPa","35.0","pmil","0","51.462","deg","22.621","°C","100.000","%a.s.","22.257","deg","22.682","°C","985.000","hPa","0.861","-0.02056","0.00035","-0.00011","0","14.7","Humid","28.35","0","65.20","249243.07","SABD0002000014","AAV2.0.0.13","4.0.0.2353","PSt7-10","000000-000","8/7/2024 3:37:09 PM","0000-00","0","no battery","V","215852","µV","96196","µV"
"08/11/2024","12:02:15","2","default","203499907","Sensor2","46.424","min","226.943","μmol/L","Humid","23.027","deg","95496","µV","18.540","°C","985.000","hPa","35.0","pmil","0","51.462","deg","22.621","°C","100.000","%a.s.","22.257","deg","22.682","°C","985.000","hPa","0.861","-0.02056","0.00035","-0.00011","0","14.7","Humid","28.35","0","65.20","249247.31","SABD0002000014","AAV2.0.0.13","4.0.0.2353","PSt7-10","000000-000","8/7/2024 3:37:09 PM","0000-00","0","no battery","V","215852","µV","96196","µV"
"08/11/2024","12:02:16","2","default","203499907","Sensor2","46.441","min","226.963","μmol/L","Humid","23.026","deg","95504","µV","18.540","°C","985.000","hPa","35.0","pmil","0","51.462","deg","22.621","°C","100.000","%a.s.","22.257","deg","22.682","°C","985.000","hPa","0.861","-0.02056","0.00035","-0.00011","0","14.7","Humid","28.35","0","65.20","249247.30","SABD0002000014","AAV2.0.0.13","4.0.0.2353","PSt7-10","000000-000","8/7/2024 3:37:09 PM","0000-00","0","no battery","V","215852","µV","96196","µV"
"08/11/2024","12:02:17","2","default","203499907","Sensor2","46.458","min","227.028","μmol/L","Humid","23.025","deg","95505","µV","18.534","°C","985.000","hPa","35.0","pmil","0","51.462","deg","22.621","°C","100.000","%a.s.","22.257","deg","22.682","°C","985.000","hPa","0.861","-0.02056","0.00035","-0.00011","0","14.7","Humid","28.35","0","65.20","249250.75","SABD0002000014","AAV2.0.0.13","4.0.0.2353","PSt7-10","000000-000","8/7/2024 3:37:09 PM","0000-00","0","no battery","V","215852","µV","96196","µV"
"08/11/2024","12:02:18","2","default","203499907","Sensor2","46.475","min","226.947","μmol/L","Humid","23.029","deg","95505","µV","18.534","°C","985.000","hPa","35.0","pmil","0","51.462","deg","22.621","°C","100.000","%a.s.","22.257","deg","22.682","°C","985.000","hPa","0.861","-0.02056","0.00035","-0.00011","0","14.7","Humid","28.35","0","65.20","249243.63","SABD0002000014","AAV2.0.0.13","4.0.0.2353","PSt7-10","000000-000","8/7/2024 3:37:09 PM","0000-00","0","no battery","V","215852","µV","96196","µV"
"08/11/2024","12:02:19","2","default","203499907","Sensor2","46.491","min","226.943","μmol/L","Humid","23.027","deg","95505","µV","18.540","°C","985.000","hPa","35.0","pmil","0","51.462","deg","22.621","°C","100.000","%a.s.","22.257","deg","22.682","°C","985.000","hPa","0.861","-0.02056","0.00035","-0.00011","0","14.7","Humid","28.35","0","65.20","249250.40","SABD0002000014","AAV2.0.0.13","4.0.0.2353","PSt7-10","000000-000","8/7/2024 3:37:09 PM","0000-00","0","no battery","V","215852","µV","96196","µV"
"08/11/2024","12:02:20","2","default","203499907","Sensor2","46.508","min","226.927","μmol/L","Humid","23.030","deg","95516","µV","18.534","°C","985.000","hPa","35.0","pmil","0","51.462","deg","22.621","°C","100.000","%a.s.","22.257","deg","22.682","°C","985.000","hPa","0.861","-0.02056","0.00035","-0.00011","0","14.7","Humid","28.35","0","65.20","249250.62","SABD0002000014","AAV2.0.0.13","4.0.0.2353","PSt7-10","000000-000","8/7/2024 3:37:09 PM","0000-00","0","no battery","V","215852","µV","96196","µV"
"08/11/2024","12:02:21","2","default","203499907","Sensor2","46.525","min","226.922","μmol/L","Humid","23.028","deg","95513","µV","18.540","°C","985.000","hPa","35.0","pmil","0","51.462","deg","22.621","°C","100.000","%a.s.","22.257","deg","22.682","°C","985.000","hPa","0.861","-0.02056","0.00035","-0.00011","0","14.7","Humid","28.35","0","65.20","249252.31","SABD0002000014","AAV2.0.0.13","4.0.0.2353","PSt7-10","000000-000","8/7/2024 3:37:09 PM","0000-00","0","no battery","V","215852","µV","96196","µV"
"08/11/2024","12:02:22","2","default","203499907","Sensor2","46.542","min","226.983","μmol/L","Humid","23.025","deg","95519","µV","18.540","°C","985.000","hPa","35.0","pmil","0","51.462","deg","22.621","°C","100.000","%a.s.","22.257","deg","22.682","°C","985.000","hPa","0.861","-0.02056","0.00035","-0.00011","0","14.7","Humid","28.35","0","65.20","249251.30","SABD0002000014","AAV2.0.0.13","4.0.0.2353","PSt7-10","000000-000","8/7/2024 3:37:09 PM","0000-00","0","no battery","V","215852","µV","96196","µV"
"08/11/2024","12:02:23","2","default","203499907","Sensor2","46.558","min","226.922","μmol/L","Humid","23.028","deg","95522","µV","18.540","°C","985.000","hPa","35.0","pmil","0","51.462","deg","22.621","°C","100.000","%a.s.","22.257","deg","22.682","°C","985.000","hPa","0.861","-0.02056","0.00035","-0.00011","0","14.7","Humid","28.35","0","65.20","249256.88","SABD0002000014","AAV2.0.0.13","4.0.0.2353","PSt7-10","000000-000","8/7/2024 3:37:09 PM","0000-00","0","no battery","V","215852","µV","96196","µV"
"08/11/2024","12:02:24","2","default","203499907","Sensor2","46.575","min","226.862","μmol/L","Humid","23.031","deg","95519","µV","18.540","°C","985.000","hPa","35.0","pmil","0","51.462","deg","22.621","°C","100.000","%a.s.","22.257","deg","22.682","°C","985.000","hPa","0.861","-0.02056","0.00035","-0.00011","0","14.7","Humid","28.35","0","65.20","249260.29","SABD0002000014","AAV2.0.0.13","4.0.0.2353","PSt7-10","000000-000","8/7/2024 3:37:09 PM","0000-00","0","no battery","V","215852","µV","96196","µV"
"08/11/2024","12:02:25","2","default","203499907","Sensor2","46.591","min","226.927","μmol/L","Humid","23.030","deg","95513","µV","18.534","°C","985.000","hPa","35.0","pmil","0","51.462","deg","22.621","°C","100.000","%a.s.","22.257","deg","22.682","°C","985.000","hPa","0.861","-0.02056","0.00035","-0.00011","0","14.7","Humid","28.35","0","65.20","249255.86","SABD0002000014","AAV2.0.0.13","4.0.0.2353","PSt7-10","000000-000","8/7/2024 3:37:09 PM","0000-00","0","no battery","V","215852","µV","96196","µV"
"08/11/2024","12:02:26","2","default","203499907","Sensor2","46.608","min","226.866","μmol/L","Humid","23.033","deg","95512","µV","18.534","°C","985.000","hPa","35.0","pmil","0","51.462","deg","22.621","°C","100.000","%a.s.","22.257","deg","22.682","°C","985.000","hPa","0.861","-0.02056","0.00035","-0.00011","0","14.7","Humid","28.35","0","65.20","249252.71","SABD0002000014","AAV2.0.0.13","4.0.0.2353","PSt7-10","000000-000","8/7/2024 3:37:09 PM","0000-00","0","no battery","V","215852","µV","96196","µV"
"08/11/2024","12:02:27","2","default","203499907","Sensor2","46.624","min","226.886","μmol/L","Humid","23.032","deg","95513","µV","18.534","°C","985.000","hPa","35.0","pmil","0","51.462","deg","22.621","°C","100.000","%a.s.","22.257","deg","22.682","°C","985.000","hPa","0.861","-0.02056","0.00035","-0.00011","0","14.7","Humid","28.35","0","65.20","249249.06","SABD0002000014","AAV2.0.0.13","4.0.0.2353","PSt7-10","000000-000","8/7/2024 3:37:09 PM","0000-00","0","no battery","V","215852","µV","96196","µV"
"08/11/2024","12:02:28","2","default","203499907","Sensor2","46.641","min","226.951","μmol/L","Humid","23.031","deg","95518","µV","18.528","°C","985.000","hPa","35.0","pmil","0","51.462","deg","22.621","°C","100.000","%a.s.","22.257","deg","22.682","°C","985.000","hPa","0.861","-0.02056","0.00035","-0.00011","0","14.7","Humid","28.35","0","65.20","249241.54","SABD0002000014","AAV2.0.0.13","4.0.0.2353","PSt7-10","000000-000","8/7/2024 3:37:09 PM","0000-00","0","no battery","V","215852","µV","96196","µV"
"08/11/2024","12:02:29","2","default","203499907","Sensor2","46.658","min","226.826","μmol/L","Humid","23.035","deg","95522","µV","18.534","°C","985.000","hPa","35.0","pmil","0","51.462","deg","22.621","°C","100.000","%a.s.","22.257","deg","22.682","°C","985.000","hPa","0.861","-0.02056","0.00035","-0.00011","0","14.7","Humid","28.35","0","65.20","249243.36","SABD0002000014","AAV2.0.0.13","4.0.0.2353","PSt7-10","000000-000","8/7/2024 3:37:09 PM","0000-00","0","no battery","V","215852","µV","96196","µV"
"08/11/2024","12:02:30","2","default","203499907","Sensor2","46.675","min","226.821","μmol/L","Humid","23.033","deg","95530","µV","18.540","°C","985.000","hPa","35.0","pmil","0","51.462","deg","22.621","°C","100.000","%a.s.","22.257","deg","22.682","°C","985.000","hPa","0.861","-0.02056","0.00035","-0.00011","0","14.7","Humid","28.35","0","65.20","249264.22","SABD0002000014","AAV2.0.0.13","4.0.0.2353","PSt7-10","000000-000","8/7/2024 3:37:09 PM","0000-00","0","no battery","V","215852","µV","96196","µV"
"08/11/2024","12:02:31","2","default","203499907","Sensor2","46.691","min","226.821","μmol/L","Humid","23.033","deg","95521","µV","18.540","°C","985.000","hPa","35.0","pmil","0","51.462","deg","22.621","°C","100.000","%a.s.","22.257","deg","22.682","°C","985.000","hPa","0.861","-0.02056","0.00035","-0.00011","0","14.7","Humid","28.35","0","65.20","249251.07","SABD0002000014","AAV2.0.0.13","4.0.0.2353","PSt7-10","000000-000","8/7/2024 3:37:09 PM","0000-00","0","no battery","V","215852","µV","96196","µV"
"08/11/2024","12:02:32","2","default","203499907","Sensor2","46.708","min","226.842","μmol/L","Humid","23.032","deg","95528","µV","18.540","°C","985.000","hPa","35.0","pmil","0","51.462","deg","22.621","°C","100.000","%a.s.","22.257","deg","22.682","°C","985.000","hPa","0.861","-0.02056","0.00035","-0.00011","0","14.7","Humid","28.35","0","65.20","249243.29","SABD0002000014","AAV2.0.0.13","4.0.0.2353","PSt7-10","000000-000","8/7/2024 3:37:09 PM","0000-00","0","no battery","V","215852","µV","96196","µV"
"08/11/2024","12:02:33","2","default","203499907","Sensor2","46.725","min","226.842","μmol/L","Humid","23.032","deg","95536","µV","18.540","°C","985.000","hPa","35.0","pmil","0","51.462","deg","22.621","°C","100.000","%a.s.","22.257","deg","22.682","°C","985.000","hPa","0.861","-0.02056","0.00035","-0.00011","0","14.7","Humid","28.35","0","65.20","249251.57","SABD0002000014","AAV2.0.0.13","4.0.0.2353","PSt7-10","000000-000","8/7/2024 3:37:09 PM","0000-00","0","no battery","V","215852","µV","96196","µV"
"08/11/2024","12:02:34","2","default","203499907","Sensor2","46.742","min","226.821","μmol/L","Humid","23.033","deg","95535","µV","18.540","°C","985.000","hPa","35.0","pmil","0","51.462","deg","22.621","°C","100.000","%a.s.","22.257","deg","22.682","°C","985.000","hPa","0.861","-0.02056","0.00035","-0.00011","0","14.7","Humid","28.35","0","65.20","249256.65","SABD0002000014","AAV2.0.0.13","4.0.0.2353","PSt7-10","000000-000","8/7/2024 3:37:09 PM","0000-00","0","no battery","V","215852","µV","96196","µV"
"08/11/2024","12:02:35","2","default","203499907","Sensor2","46.758","min","226.826","μmol/L","Humid","23.035","deg","95536","µV","18.534","°C","985.000","hPa","35.0","pmil","0","51.462","deg","22.621","°C","100.000","%a.s.","22.257","deg","22.682","°C","985.000","hPa","0.861","-0.02056","0.00035","-0.00011","0","14.7","Humid","28.35","0","65.20","249265.32","SABD0002000014","AAV2.0.0.13","4.0.0.2353","PSt7-10","000000-000","8/7/2024 3:37:09 PM","0000-00","0","no battery","V","215852","µV","96196","µV"
"08/11/2024","12:02:36","2","default","203499907","Sensor2","46.774","min","226.801","μmol/L","Humid","23.034","deg","95532","µV","18.540","°C","985.000","hPa","35.0","pmil","0","51.462","deg","22.621","°C","100.000","%a.s.","22.257","deg","22.682","°C","985.000","hPa","0.861","-0.02056","0.00035","-0.00011","0","14.7","Humid","28.35","0","65.20","249257.86","SABD0002000014","AAV2.0.0.13","4.0.0.2353","PSt7-10","000000-000","8/7/2024 3:37:09 PM","0000-00","0","no battery","V","215852","µV","96196","µV"
"08/11/2024","12:02:37","2","default","203499907","Sensor2","46.791","min","226.842","μmol/L","Humid","23.032","deg","95530","µV","18.540","°C","985.000","hPa","35.0","pmil","0","51.462","deg","22.621","°C","100.000","%a.s.","22.257","deg","22.682","°C","985.000","hPa","0.861","-0.02056","0.00035","-0.00011","0","14.7","Humid","28.35","0","65.20","249256.22","SABD0002000014","AAV2.0.0.13","4.0.0.2353","PSt7-10","000000-000","8/7/2024 3:37:09 PM","0000-00","0","no battery","V","215852","µV","96196","µV"
"08/11/2024","12:02:38","2","default","203499907","Sensor2","46.808","min","226.826","μmol/L","Humid","23.035","deg","95543","µV","18.534","°C","985.000","hPa","35.0","pmil","0","51.462","deg","22.621","°C","100.000","%a.s.","22.257","deg","22.682","°C","985.000","hPa","0.861","-0.02056","0.00035","-0.00011","0","14.7","Humid","28.35","0","65.20","249251.18","SABD0002000014","AAV2.0.0.13","4.0.0.2353","PSt7-10","000000-000","8/7/2024 3:37:09 PM","0000-00","0","no battery","V","215852","µV","96196","µV"
"08/11/2024","12:02:39","2","default","203499907","Sensor2","46.825","min","226.846","μmol/L","Humid","23.034","deg","95544","µV","18.534","°C","985.000","hPa","35.0","pmil","0","51.462","deg","22.621","°C","100.000","%a.s.","22.257","deg","22.682","°C","985.000","hPa","0.861","-0.02056","0.00035","-0.00011","0","14.7","Humid","28.35","0","65.20","249265.69","SABD0002000014","AAV2.0.0.13","4.0.0.2353","PSt7-10","000000-000","8/7/2024 3:37:09 PM","0000-00","0","no battery","V","215852","µV","96196","µV"
"08/11/2024","12:02:40","2","default","203499907","Sensor2","46.841","min","226.716","μmol/L","Humid","23.036","deg","95533","µV","18.546","°C","985.000","hPa","35.0","pmil","0","51.462","deg","22.621","°C","100.000","%a.s.","22.257","deg","22.682","°C","985.000","hPa","0.861","-0.02056","0.00035","-0.00011","0","14.7","Humid","28.35","0","65.20","249248.65","SABD0002000014","AAV2.0.0.13","4.0.0.2353","PSt7-10","000000-000","8/7/2024 3:37:09 PM","0000-00","0","no battery","V","215852","µV","96196","µV"
"08/11/2024","12:02:41","2","default","203499907","Sensor2","46.858","min","226.870","μmol/L","Humid","23.035","deg","95543","µV","18.528","°C","985.000","hPa","35.0","pmil","0","51.462","deg","22.621","°C","100.000","%a.s.","22.257","deg","22.682","°C","985.000","hPa","0.861","-0.02056","0.00035","-0.00011","0","14.7","Humid","28.35","0","65.20","249252.83","SABD0002000014","AAV2.0.0.13","4.0.0.2353","PSt7-10","000000-000","8/7/2024 3:37:09 PM","0000-00","0","no battery","V","215852","µV","96196","µV"
"08/11/2024","12:02:42","2","default","203499907","Sensor2","46.875","min","226.805","μmol/L","Humid","23.036","deg","95539","µV","18.534","°C","985.000","hPa","35.0","pmil","0","51.462","deg","22.621","°C","100.000","%a.s.","22.257","deg","22.682","°C","985.000","hPa","0.861","-0.02056","0.00035","-0.00011","0","14.7","Humid","28.35","0","65.20","249239.00","SABD0002000014","AAV2.0.0.13","4.0.0.2353","PSt7-10","000000-000","8/7/2024 3:37:09 PM","0000-00","0","no battery","V","215852","µV","96196","µV"
"08/11/2024","12:02:43","2","default","203499907","Sensor2","46.891","min","226.789","μmol/L","Humid","23.039","deg","95539","µV","18.528","°C","985.000","hPa","35.0","pmil","0","51.462","deg","22.621","°C","100.000","%a.s.","22.257","deg","22.682","°C","985.000","hPa","0.861","-0.02056","0.00035","-0.00011","0","14.7","Humid","28.35","0","65.20","249232.70","SABD0002000014","AAV2.0.0.13","4.0.0.2353","PSt7-10","000000-000","8/7/2024 3:37:09 PM","0000-00","0","no battery","V","215852","µV","96196","µV"
"08/11/2024","12:02:44","2","default","203499907","Sensor2","46.908","min","226.781","μmol/L","Humid","23.035","deg","95542","µV","18.540","°C","985.000","hPa","35.0","pmil","0","51.462","deg","22.621","°C","100.000","%a.s.","22.257","deg","22.682","°C","985.000","hPa","0.861","-0.02056","0.00035","-0.00011","0","14.7","Humid","28.35","0","65.20","249246.62","SABD0002000014","AAV2.0.0.13","4.0.0.2353","PSt7-10","000000-000","8/7/2024 3:37:09 PM","0000-00","0","no battery","V","215852","µV","96196","µV"
"08/11/2024","12:02:45","2","default","203499907","Sensor2","46.925","min","226.660","μmol/L","Humid","23.041","deg","95549","µV","18.540","°C","985.000","hPa","35.0","pmil","0","51.462","deg","22.621","°C","100.000","%a.s.","22.257","deg","22.682","°C","985.000","hPa","0.861","-0.02056","0.00035","-0.00011","0","14.7","Humid","28.35","0","65.20","249252.20","SABD0002000014","AAV2.0.0.13","4.0.0.2353","PSt7-10","000000-000","8/7/2024 3:37:09 PM","0000-00","0","no battery","V","215852","µV","96196","µV"
"08/11/2024","12:02:46","2","default","203499907","Sensor2","46.942","min","226.745","μmol/L","Humid","23.039","deg","95547","µV","18.534","°C","985.000","hPa","35.0","pmil","0","51.462","deg","22.621","°C","100.000","%a.s.","22.257","deg","22.682","°C","985.000","hPa","0.861","-0.02056","0.00035","-0.00011","0","14.7","Humid","28.35","0","65.20","249252.92","SABD0002000014","AAV2.0.0.13","4.0.0.2353","PSt7-10","000000-000","8/7/2024 3:37:09 PM","0000-00","0","no battery","V","215852","µV","96196","µV"
"08/11/2024","12:02:47","2","default","203499907","Sensor2","46.958","min","226.789","μmol/L","Humid","23.039","deg","95550","µV","18.528","°C","985.000","hPa","35.0","pmil","0","51.462","deg","22.621","°C","100.000","%a.s.","22.257","deg","22.682","°C","985.000","hPa","0.861","-0.02056","0.00035","-0.00011","0","14.7","Humid","28.35","0","65.20","249252.38","SABD0002000014","AAV2.0.0.13","4.0.0.2353","PSt7-10","000000-000","8/7/2024 3:37:09 PM","0000-00","0","no battery","V","215852","µV","96196","µV"
"08/11/2024","12:02:48","2","default","203499907","Sensor2","46.975","min","226.639","μmol/L","Humid","23.042","deg","95553","µV","18.540","°C","985.000","hPa","35.0","pmil","0","51.462","deg","22.621","°C","100.000","%a.s.","22.257","deg","22.682","°C","985.000","hPa","0.861","-0.02056","0.00035","-0.00011","0","14.7","Humid","28.35","0","65.20","249231.87","SABD0002000014","AAV2.0.0.13","4.0.0.2353","PSt7-10","000000-000","8/7/2024 3:37:09 PM","0000-00","0","no battery","V","215852","µV","96196","µV"
"08/11/2024","12:02:49","2","default","203499907","Sensor2","46.992","min","226.805","μmol/L","Humid","23.036","deg","95551","µV","18.534","°C","985.000","hPa","35.0","pmil","0","51.462","deg","22.621","°C","100.000","%a.s.","22.257","deg","22.682","°C","985.000","hPa","0.861","-0.02056","0.00035","-0.00011","0","14.7","Humid","28.35","0","65.20","249251.16","SABD0002000014","AAV2.0.0.13","4.0.0.2353","PSt7-10","000000-000","8/7/2024 3:37:09 PM","0000-00","0","no battery","V","215852","µV","96196","µV"
"08/11/2024","12:02:50","2","default","203499907","Sensor2","47.008","min","226.801","μmol/L","Humid","23.034","deg","95551","µV","18.540","°C","985.000","hPa","35.0","pmil","0","51.462","deg","22.621","°C","100.000","%a.s.","22.257","deg","22.682","°C","985.000","hPa","0.861","-0.02056","0.00035","-0.00011","0","14.7","Humid","28.35","0","65.20","249245.93","SABD0002000014","AAV2.0.0.13","4.0.0.2353","PSt7-10","000000-000","8/7/2024 3:37:09 PM","0000-00","0","no battery","V","215852","µV","96196","µV"
"08/11/2024","12:02:51","2","default","203499907","Sensor2","47.025","min","226.720","μmol/L","Humid","23.038","deg","95560","µV","18.540","°C","985.000","hPa","35.0","pmil","0","51.462","deg","22.621","°C","100.000","%a.s.","22.257","deg","22.682","°C","985.000","hPa","0.861","-0.02056","0.00035","-0.00011","0","14.7","Humid","28.35","0","65.20","249236.37","SABD0002000014","AAV2.0.0.13","4.0.0.2353","PSt7-10","000000-000","8/7/2024 3:37:09 PM","0000-00","0","no battery","V","215852","µV","96196","µV"
"08/11/2024","12:02:52","2","default","203499907","Sensor2","47.041","min","226.765","μmol/L","Humid","23.038","deg","95560","µV","18.534","°C","985.000","hPa","35.0","pmil","0","51.462","deg","22.621","°C","100.000","%a.s.","22.257","deg","22.682","°C","985.000","hPa","0.861","-0.02056","0.00035","-0.00011","0","14.7","Humid","28.35","0","65.20","249255.67","SABD0002000014","AAV2.0.0.13","4.0.0.2353","PSt7-10","000000-000","8/7/2024 3:37:09 PM","0000-00","0","no battery","V","215852","µV","96196","µV"
"08/11/2024","12:02:53","2","default","203499907","Sensor2","47.058","min","226.740","μmol/L","Humid","23.037","deg","95555","µV","18.540","°C","985.000","hPa","35.0","pmil","0","51.462","deg","22.621","°C","100.000","%a.s.","22.257","deg","22.682","°C","985.000","hPa","0.861","-0.02056","0.00035","-0.00011","0","14.7","Humid","28.35","0","65.20","249251.22","SABD0002000014","AAV2.0.0.13","4.0.0.2353","PSt7-10","000000-000","8/7/2024 3:37:09 PM","0000-00","0","no battery","V","215852","µV","96196","µV"
"08/11/2024","12:02:54","2","default","203499907","Sensor2","47.074","min","226.785","μmol/L","Humid","23.037","deg","95550","µV","18.534","°C","985.000","hPa","35.0","pmil","0","51.462","deg","22.621","°C","100.000","%a.s.","22.257","deg","22.682","°C","985.000","hPa","0.861","-0.02056","0.00035","-0.00011","0","14.7","Humid","28.35","0","65.20","249238.64","SABD0002000014","AAV2.0.0.13","4.0.0.2353","PSt7-10","000000-000","8/7/2024 3:37:09 PM","0000-00","0","no battery","V","215852","µV","96196","µV"
"08/11/2024","12:02:55","2","default","203499907","Sensor2","47.091","min","226.684","μmol/L","Humid","23.042","deg","95570","µV","18.534","°C","985.000","hPa","35.0","pmil","0","51.462","deg","22.621","°C","100.000","%a.s.","22.257","deg","22.682","°C","985.000","hPa","0.861","-0.02056","0.00035","-0.00011","0","14.7","Humid","28.35","0","65.20","249254.44","SABD0002000014","AAV2.0.0.13","4.0.0.2353","PSt7-10","000000-000","8/7/2024 3:37:09 PM","0000-00","0","no battery","V","215852","µV","96196","µV"
"08/11/2024","12:02:56","2","default","203499907","Sensor2","47.108","min","226.680","μmol/L","Humid","23.040","deg","95565","µV","18.540","°C","985.000","hPa","35.0","pmil","0","51.462","deg","22.621","°C","100.000","%a.s.","22.257","deg","22.682","°C","985.000","hPa","0.861","-0.02056","0.00035","-0.00011","0","14.7","Humid","28.35","0","65.20","249254.54","SABD0002000014","AAV2.0.0.13","4.0.0.2353","PSt7-10","000000-000","8/7/2024 3:37:09 PM","0000-00","0","no battery","V","215852","µV","96196","µV"
"08/11/2024","12:02:57","2","default","203499907","Sensor2","47.125","min","226.700","μmol/L","Humid","23.039","deg","95561","µV","18.540","°C","985.000","hPa","35.0","pmil","0","51.462","deg","22.621","°C","100.000","%a.s.","22.257","deg","22.682","°C","985.000","hPa","0.861","-0.02056","0.00035","-0.00011","0","14.7","Humid","28.35","0","65.20","249240.41","SABD0002000014","AAV2.0.0.13","4.0.0.2353","PSt7-10","000000-000","8/7/2024 3:37:09 PM","0000-00","0","no battery","V","215852","µV","96196","µV"
"08/11/2024","12:02:58","2","default","203499907","Sensor2","47.142","min","226.660","μmol/L","Humid","23.041","deg","95566","µV","18.540","°C","985.000","hPa","35.0","pmil","0","51.462","deg","22.621","°C","100.000","%a.s.","22.257","deg","22.682","°C","985.000","hPa","0.861","-0.02056","0.00035","-0.00011","0","14.7","Humid","28.35","0","65.20","249252.18","SABD0002000014","AAV2.0.0.13","4.0.0.2353","PSt7-10","000000-000","8/7/2024 3:37:09 PM","0000-00","0","no battery","V","215852","µV","96196","µV"
"08/11/2024","12:02:59","2","default","203499907","Sensor2","47.158","min","226.664","μmol/L","Humid","23.043","deg","95565","µV","18.534","°C","985.000","hPa","35.0","pmil","0","51.462","deg","22.621","°C","100.000","%a.s.","22.257","deg","22.682","°C","985.000","hPa","0.861","-0.02056","0.00035","-0.00011","0","14.7","Humid","28.35","0","65.20","249255.82","SABD0002000014","AAV2.0.0.13","4.0.0.2353","PSt7-10","000000-000","8/7/2024 3:37:09 PM","0000-00","0","no battery","V","215852","µV","96196","µV"
"08/11/2024","12:03:00","2","default","203499907","Sensor2","47.175","min","226.619","μmol/L","Humid","23.043","deg","95565","µV","18.540","°C","985.000","hPa","35.0","pmil","0","51.462","deg","22.621","°C","100.000","%a.s.","22.257","deg","22.682","°C","985.000","hPa","0.861","-0.02056","0.00035","-0.00011","0","14.7","Humid","28.35","0","65.20","249243.44","SABD0002000014","AAV2.0.0.13","4.0.0.2353","PSt7-10","000000-000","8/7/2024 3:37:09 PM","0000-00","0","no battery","V","215852","µV","96196","µV"
"08/11/2024","12:03:01","2","default","203499907","Sensor2","47.192","min","226.538","μmol/L","Humid","23.047","deg","95566","µV","18.540","°C","985.000","hPa","35.0","pmil","0","51.462","deg","22.621","°C","100.000","%a.s.","22.257","deg","22.682","°C","985.000","hPa","0.861","-0.02056","0.00035","-0.00011","0","14.7","Humid","28.35","0","65.20","249244.03","SABD0002000014","AAV2.0.0.13","4.0.0.2353","PSt7-10","000000-000","8/7/2024 3:37:09 PM","0000-00","0","no battery","V","215852","µV","96196","µV"
"08/11/2024","12:03:02","2","default","203499907","Sensor2","47.208","min","226.720","μmol/L","Humid","23.038","deg","95575","µV","18.540","°C","985.000","hPa","35.0","pmil","0","51.462","deg","22.621","°C","100.000","%a.s.","22.257","deg","22.682","°C","985.000","hPa","0.861","-0.02056","0.00035","-0.00011","0","14.7","Humid","28.35","0","65.20","249261.65","SABD0002000014","AAV2.0.0.13","4.0.0.2353","PSt7-10","000000-000","8/7/2024 3:37:09 PM","0000-00","0","no battery","V","215852","µV","96196","µV"
"08/11/2024","12:03:03","2","default","203499907","Sensor2","47.224","min","226.583","μmol/L","Humid","23.047","deg","95572","µV","18.534","°C","985.000","hPa","35.0","pmil","0","51.462","deg","22.621","°C","100.000","%a.s.","22.257","deg","22.682","°C","985.000","hPa","0.861","-0.02056","0.00035","-0.00011","0","14.7","Humid","28.35","0","65.20","249247.71","SABD0002000014","AAV2.0.0.13","4.0.0.2353","PSt7-10","000000-000","8/7/2024 3:37:09 PM","0000-00","0","no battery","V","215852","µV","96196","µV"
"08/11/2024","12:03:04","2","default","203499907","Sensor2","47.241","min","226.624","μmol/L","Humid","23.045","deg","95577","µV","18.534","°C","985.000","hPa","35.0","pmil","0","51.462","deg","22.621","°C","100.000","%a.s.","22.257","deg","22.682","°C","985.000","hPa","0.861","-0.02056","0.00035","-0.00011","0","14.7","Humid","28.35","0","65.20","249251.68","SABD0002000014","AAV2.0.0.13","4.0.0.2353","PSt7-10","000000-000","8/7/2024 3:37:09 PM","0000-00","0","no battery","V","215852","µV","96196","µV"
"08/11/2024","12:03:05","2","default","203499907","Sensor2","47.258","min","226.538","μmol/L","Humid","23.047","deg","95583","µV","18.540","°C","985.000","hPa","35.0","pmil","0","51.462","deg","22.621","°C","100.000","%a.s.","22.257","deg","22.682","°C","985.000","hPa","0.861","-0.02056","0.00035","-0.00011","0","14.7","Humid","28.35","0","65.20","249252.30","SABD0002000014","AAV2.0.0.13","4.0.0.2353","PSt7-10","000000-000","8/7/2024 3:37:09 PM","0000-00","0","no battery","V","215852","µV","96196","µV"
"08/11/2024","12:03:06","2","default","203499907","Sensor2","47.275","min","226.559","μmol/L","Humid","23.046","deg","95585","µV","18.540","°C","985.000","hPa","35.0","pmil","0","51.462","deg","22.621","°C","100.000","%a.s.","22.257","deg","22.682","°C","985.000","hPa","0.861","-0.02056","0.00035","-0.00011","0","14.7","Humid","28.35","0","65.20","249263.81","SABD0002000014","AAV2.0.0.13","4.0.0.2353","PSt7-10","000000-000","8/7/2024 3:37:09 PM","0000-00","0","no battery","V","215852","µV","96196","µV"
"08/11/2024","12:03:07","2","default","203499907","Sensor2","47.291","min","226.518","μmol/L","Humid","23.048","deg","95581","µV","18.540","°C","985.000","hPa","35.0","pmil","0","51.462","deg","22.621","°C","100.000","%a.s.","22.257","deg","22.682","°C","985.000","hPa","0.861","-0.02056","0.00035","-0.00011","0","14.7","Humid","28.35","0","65.20","249251.98","SABD0002000014","AAV2.0.0.13","4.0.0.2353","PSt7-10","000000-000","8/7/2024 3:37:09 PM","0000-00","0","no battery","V","215852","µV","96196","µV"
"08/11/2024","12:03:08","2","default","203499907","Sensor2","47.308","min","226.644","μmol/L","Humid","23.044","deg","95585","µV","18.534","°C","985.000","hPa","35.0","pmil","0","51.462","deg","22.621","°C","100.000","%a.s.","22.257","deg","22.682","°C","985.000","hPa","0.861","-0.02056","0.00035","-0.00011","0","14.7","Humid","28.35","0","65.20","249258.52","SABD0002000014","AAV2.0.0.13","4.0.0.2353","PSt7-10","000000-000","8/7/2024 3:37:09 PM","0000-00","0","no battery","V","215852","µV","96196","µV"
"08/11/2024","12:03:09","2","default","203499907","Sensor2","47.325","min","226.624","μmol/L","Humid","23.045","deg","95587","µV","18.534","°C","985.000","hPa","35.0","pmil","0","51.462","deg","22.621","°C","100.000","%a.s.","22.257","deg","22.682","°C","985.000","hPa","0.861","-0.02056","0.00035","-0.00011","0","14.7","Humid","28.35","0","65.20","249259.02","SABD0002000014","AAV2.0.0.13","4.0.0.2353","PSt7-10","000000-000","8/7/2024 3:37:09 PM","0000-00","0","no battery","V","215852","µV","96196","µV"
"08/11/2024","12:03:10","2","default","203499907","Sensor2","47.342","min","226.599","μmol/L","Humid","23.044","deg","95591","µV","18.540","°C","985.000","hPa","35.0","pmil","0","51.462","deg","22.621","°C","100.000","%a.s.","22.257","deg","22.682","°C","985.000","hPa","0.861","-0.02056","0.00035","-0.00011","0","14.7","Humid","28.35","0","65.20","249251.33","SABD0002000014","AAV2.0.0.13","4.0.0.2353","PSt7-10","000000-000","8/7/2024 3:37:09 PM","0000-00","0","no battery","V","215852","µV","96196","µV"
"08/11/2024","12:03:11","2","default","203499907","Sensor2","47.358","min","226.583","μmol/L","Humid","23.047","deg","95584","µV","18.534","°C","985.000","hPa","35.0","pmil","0","51.462","deg","22.621","°C","100.000","%a.s.","22.257","deg","22.682","°C","985.000","hPa","0.861","-0.02056","0.00035","-0.00011","0","14.7","Humid","28.35","0","65.20","249237.98","SABD0002000014","AAV2.0.0.13","4.0.0.2353","PSt7-10","000000-000","8/7/2024 3:37:09 PM","0000-00","0","no battery","V","215852","µV","96196","µV"
"08/11/2024","12:03:12","2","default","203499907","Sensor2","47.375","min","226.518","μmol/L","Humid","23.048","deg","95594","µV","18.540","°C","985.000","hPa","35.0","pmil","0","51.462","deg","22.621","°C","100.000","%a.s.","22.257","deg","22.682","°C","985.000","hPa","0.861","-0.02056","0.00035","-0.00011","0","14.7","Humid","28.35","0","65.20","249251.27","SABD0002000014","AAV2.0.0.13","4.0.0.2353","PSt7-10","000000-000","8/7/2024 3:37:09 PM","0000-00","0","no battery","V","215852","µV","96196","µV"
"08/11/2024","12:03:13","2","default","203499907","Sensor2","47.392","min","226.458","μmol/L","Humid","23.051","deg","95589","µV","18.540","°C","985.000","hPa","35.0","pmil","0","51.462","deg","22.621","°C","100.000","%a.s.","22.257","deg","22.682","°C","985.000","hPa","0.861","-0.02056","0.00035","-0.00011","0","14.7","Humid","28.35","0","65.20","249252.73","SABD0002000014","AAV2.0.0.13","4.0.0.2353","PSt7-10","000000-000","8/7/2024 3:37:09 PM","0000-00","0","no battery","V","215852","µV","96196","µV"
"08/11/2024","12:03:14","2","default","203499907","Sensor2","47.408","min","226.648","μmol/L","Humid","23.046","deg","95593","µV","18.528","°C","985.000","hPa","35.0","pmil","0","51.462","deg","22.621","°C","100.000","%a.s.","22.257","deg","22.682","°C","985.000","hPa","0.861","-0.02056","0.00035","-0.00011","0","14.7","Humid","28.35","0","65.20","249264.20","SABD0002000014","AAV2.0.0.13","4.0.0.2353","PSt7-10","000000-000","8/7/2024 3:37:09 PM","0000-00","0","no battery","V","215852","µV","96196","µV"
"08/11/2024","12:03:15","2","default","203499907","Sensor2","47.424","min","226.583","μmol/L","Humid","23.047","deg","95590","µV","18.534","°C","985.000","hPa","35.0","pmil","0","51.462","deg","22.621","°C","100.000","%a.s.","22.257","deg","22.682","°C","985.000","hPa","0.861","-0.02056","0.00035","-0.00011","0","14.7","Humid","28.35","0","65.20","249250.77","SABD0002000014","AAV2.0.0.13","4.0.0.2353","PSt7-10","000000-000","8/7/2024 3:37:09 PM","0000-00","0","no battery","V","215852","µV","96196","µV"
"08/11/2024","12:03:16","2","default","203499907","Sensor2","47.441","min","226.498","μmol/L","Humid","23.049","deg","95594","µV","18.540","°C","985.000","hPa","35.0","pmil","0","51.462","deg","22.621","°C","100.000","%a.s.","22.257","deg","22.682","°C","985.000","hPa","0.861","-0.02056","0.00035","-0.00011","0","14.7","Humid","28.35","0","65.20","249242.07","SABD0002000014","AAV2.0.0.13","4.0.0.2353","PSt7-10","000000-000","8/7/2024 3:37:09 PM","0000-00","0","no battery","V","215852","µV","96196","µV"
"08/11/2024","12:03:17","2","default","203499907","Sensor2","47.458","min","226.583","μmol/L","Humid","23.047","deg","95594","µV","18.534","°C","985.000","hPa","35.0","pmil","0","51.462","deg","22.621","°C","100.000","%a.s.","22.257","deg","22.682","°C","985.000","hPa","0.861","-0.02056","0.00035","-0.00011","0","14.7","Humid","28.35","0","65.20","249244.36","SABD0002000014","AAV2.0.0.13","4.0.0.2353","PSt7-10","000000-000","8/7/2024 3:37:09 PM","0000-00","0","no battery","V","215852","µV","96196","µV"
"08/11/2024","12:03:18","2","default","203499907","Sensor2","47.475","min","226.478","μmol/L","Humid","23.050","deg","95596","µV","18.540","°C","985.000","hPa","35.0","pmil","0","51.462","deg","22.621","°C","100.000","%a.s.","22.257","deg","22.682","°C","985.000","hPa","0.861","-0.02056","0.00035","-0.00011","0","14.7","Humid","28.35","0","65.20","249265.01","SABD0002000014","AAV2.0.0.13","4.0.0.2353","PSt7-10","000000-000","8/7/2024 3:37:09 PM","0000-00","0","no battery","V","215852","µV","96196","µV"
"08/11/2024","12:03:19","2","default","203499907","Sensor2","47.491","min","226.498","μmol/L","Humid","23.049","deg","95598","µV","18.540","°C","985.000","hPa","35.0","pmil","0","51.462","deg","22.621","°C","100.000","%a.s.","22.257","deg","22.682","°C","985.000","hPa","0.861","-0.02056","0.00035","-0.00011","0","14.7","Humid","28.35","0","65.20","249253.56","SABD0002000014","AAV2.0.0.13","4.0.0.2353","PSt7-10","000000-000","8/7/2024 3:37:09 PM","0000-00","0","no battery","V","215852","µV","96196","µV"
"08/11/2024","12:03:20","2","default","203499907","Sensor2","47.508","min","226.518","μmol/L","Humid","23.048","deg","95595","µV","18.540","°C","985.000","hPa","35.0","pmil","0","51.462","deg","22.621","°C","100.000","%a.s.","22.257","deg","22.682","°C","985.000","hPa","0.861","-0.02056","0.00035","-0.00011","0","14.7","Humid","28.35","0","65.20","249255.16","SABD0002000014","AAV2.0.0.13","4.0.0.2353","PSt7-10","000000-000","8/7/2024 3:37:09 PM","0000-00","0","no battery","V","215852","µV","96196","µV"
"08/11/2024","12:03:21","2","default","203499907","Sensor2","47.525","min","226.543","μmol/L","Humid","23.049","deg","95596","µV","18.534","°C","985.000","hPa","35.0","pmil","0","51.462","deg","22.621","°C","100.000","%a.s.","22.257","deg","22.682","°C","985.000","hPa","0.861","-0.02056","0.00035","-0.00011","0","14.7","Humid","28.35","0","65.20","249250.14","SABD0002000014","AAV2.0.0.13","4.0.0.2353","PSt7-10","000000-000","8/7/2024 3:37:09 PM","0000-00","0","no battery","V","215852","µV","96196","µV"
"08/11/2024","12:03:22","2","default","203499907","Sensor2","47.541","min","226.523","μmol/L","Humid","23.050","deg","95596","µV","18.534","°C","985.000","hPa","35.0","pmil","0","51.462","deg","22.621","°C","100.000","%a.s.","22.257","deg","22.682","°C","985.000","hPa","0.861","-0.02056","0.00035","-0.00011","0","14.7","Humid","28.35","0","65.20","249247.29","SABD0002000014","AAV2.0.0.13","4.0.0.2353","PSt7-10","000000-000","8/7/2024 3:37:09 PM","0000-00","0","no battery","V","215852","µV","96196","µV"
"08/11/2024","12:03:23","2","default","203499907","Sensor2","47.558","min","226.474","μmol/L","Humid","23.048","deg","95601","µV","18.546","°C","985.000","hPa","35.0","pmil","0","51.462","deg","22.621","°C","100.000","%a.s.","22.257","deg","22.682","°C","985.000","hPa","0.861","-0.02056","0.00035","-0.00011","0","14.7","Humid","28.35","0","65.20","249254.46","SABD0002000014","AAV2.0.0.13","4.0.0.2353","PSt7-10","000000-000","8/7/2024 3:37:09 PM","0000-00","0","no battery","V","215852","µV","96196","µV"
"08/11/2024","12:03:24","2","default","203499907","Sensor2","47.575","min","226.462","μmol/L","Humid","23.053","deg","95604","µV","18.534","°C","985.000","hPa","35.0","pmil","0","51.462","deg","22.621","°C","100.000","%a.s.","22.257","deg","22.682","°C","985.000","hPa","0.861","-0.02056","0.00035","-0.00011","0","14.7","Humid","28.35","0","65.20","249254.12","SABD0002000014","AAV2.0.0.13","4.0.0.2353","PSt7-10","000000-000","8/7/2024 3:37:09 PM","0000-00","0","no battery","V","215852","µV","96196","µV"
"08/11/2024","12:03:25","2","default","203499907","Sensor2","47.592","min","226.462","μmol/L","Humid","23.053","deg","95607","µV","18.534","°C","985.000","hPa","35.0","pmil","0","51.462","deg","22.621","°C","100.000","%a.s.","22.257","deg","22.682","°C","985.000","hPa","0.861","-0.02056","0.00035","-0.00011","0","14.7","Humid","28.35","0","65.20","249263.08","SABD0002000014","AAV2.0.0.13","4.0.0.2353","PSt7-10","000000-000","8/7/2024 3:37:09 PM","0000-00","0","no battery","V","215852","µV","96196","µV"
"08/11/2024","12:03:26","2","default","203499907","Sensor2","47.608","min","226.482","μmol/L","Humid","23.052","deg","95605","µV","18.534","°C","985.000","hPa","35.0","pmil","0","51.462","deg","22.621","°C","100.000","%a.s.","22.257","deg","22.682","°C","985.000","hPa","0.861","-0.02056","0.00035","-0.00011","0","14.7","Humid","28.35","0","65.20","249256.04","SABD0002000014","AAV2.0.0.13","4.0.0.2353","PSt7-10","000000-000","8/7/2024 3:37:09 PM","0000-00","0","no battery","V","215852","µV","96196","µV"
"08/11/2024","12:03:27","2","default","203499907","Sensor2","47.625","min","226.502","μmol/L","Humid","23.051","deg","95611","µV","18.534","°C","985.000","hPa","35.0","pmil","0","51.462","deg","22.621","°C","100.000","%a.s.","22.257","deg","22.682","°C","985.000","hPa","0.861","-0.02056","0.00035","-0.00011","0","14.7","Humid","28.35","0","65.20","249267.83","SABD0002000014","AAV2.0.0.13","4.0.0.2353","PSt7-10","000000-000","8/7/2024 3:37:09 PM","0000-00","0","no battery","V","215852","µV","96196","µV"
"08/11/2024","12:03:28","2","default","203499907","Sensor2","47.641","min","226.543","μmol/L","Humid","23.049","deg","95600","µV","18.534","°C","985.000","hPa","35.0","pmil","0","51.462","deg","22.621","°C","100.000","%a.s.","22.257","deg","22.682","°C","985.000","hPa","0.861","-0.02056","0.00035","-0.00011","0","14.7","Humid","28.35","0","65.20","249255.28","SABD0002000014","AAV2.0.0.13","4.0.0.2353","PSt7-10","000000-000","8/7/2024 3:37:09 PM","0000-00","0","no battery","V","215852","µV","96196","µV"
"08/11/2024","12:03:29","2","default","203499907","Sensor2","47.658","min","226.543","μmol/L","Humid","23.049","deg","95610","µV","18.534","°C","985.000","hPa","35.0","pmil","0","51.462","deg","22.621","°C","100.000","%a.s.","22.257","deg","22.682","°C","985.000","hPa","0.861","-0.02056","0.00035","-0.00011","0","14.7","Humid","28.35","0","65.20","249265.31","SABD0002000014","AAV2.0.0.13","4.0.0.2353","PSt7-10","000000-000","8/7/2024 3:37:09 PM","0000-00","0","no battery","V","215852","µV","96196","µV"
"08/11/2024","12:03:30","2","default","203499907","Sensor2","47.674","min","226.442","μmol/L","Humid","23.054","deg","95608","µV","18.534","°C","985.000","hPa","35.0","pmil","0","51.462","deg","22.621","°C","100.000","%a.s.","22.257","deg","22.682","°C","985.000","hPa","0.861","-0.02056","0.00035","-0.00011","0","14.7","Humid","28.35","0","65.20","249251.83","SABD0002000014","AAV2.0.0.13","4.0.0.2353","PSt7-10","000000-000","8/7/2024 3:37:09 PM","0000-00","0","no battery","V","215852","µV","96196","µV"
"08/11/2024","12:03:31","2","default","203499907","Sensor2","47.691","min","226.458","μmol/L","Humid","23.051","deg","95602","µV","18.540","°C","985.000","hPa","35.0","pmil","0","51.462","deg","22.621","°C","100.000","%a.s.","22.257","deg","22.682","°C","985.000","hPa","0.861","-0.02056","0.00035","-0.00011","0","14.7","Humid","28.35","0","65.20","249248.03","SABD0002000014","AAV2.0.0.13","4.0.0.2353","PSt7-10","000000-000","8/7/2024 3:37:09 PM","0000-00","0","no battery","V","215852","µV","96196","µV"
"08/11/2024","12:03:32","2","default","203499907","Sensor2","47.708","min","226.442","μmol/L","Humid","23.054","deg","95607","µV","18.534","°C","985.000","hPa","35.0","pmil","0","51.462","deg","22.621","°C","100.000","%a.s.","22.257","deg","22.682","°C","985.000","hPa","0.861","-0.02056","0.00035","-0.00011","0","14.7","Humid","28.35","0","65.20","249248.92","SABD0002000014","AAV2.0.0.13","4.0.0.2353","PSt7-10","000000-000","8/7/2024 3:37:09 PM","0000-00","0","no battery","V","215852","µV","96196","µV"
"08/11/2024","12:03:33","2","default","203499907","Sensor2","47.725","min","226.482","μmol/L","Humid","23.052","deg","95608","µV","18.534","°C","985.000","hPa","35.0","pmil","0","51.462","deg","22.621","°C","100.000","%a.s.","22.257","deg","22.682","°C","985.000","hPa","0.861","-0.02056","0.00035","-0.00011","0","14.7","Humid","28.35","0","65.20","249256.26","SABD0002000014","AAV2.0.0.13","4.0.0.2353","PSt7-10","000000-000","8/7/2024 3:37:09 PM","0000-00","0","no battery","V","215852","µV","96196","µV"
"08/11/2024","12:03:34","2","default","203499907","Sensor2","47.742","min","226.482","μmol/L","Humid","23.052","deg","95608","µV","18.534","°C","985.000","hPa","35.0","pmil","0","51.462","deg","22.621","°C","100.000","%a.s.","22.257","deg","22.682","°C","985.000","hPa","0.861","-0.02056","0.00035","-0.00011","0","14.7","Humid","28.35","0","65.20","249250.38","SABD0002000014","AAV2.0.0.13","4.0.0.2353","PSt7-10","000000-000","8/7/2024 3:37:09 PM","0000-00","0","no battery","V","215852","µV","96196","µV"
"08/11/2024","12:03:35","2","default","203499907","Sensor2","47.758","min","226.487","μmol/L","Humid","23.054","deg","95605","µV","18.528","°C","985.000","hPa","35.0","pmil","0","51.462","deg","22.621","°C","100.000","%a.s.","22.257","deg","22.682","°C","985.000","hPa","0.861","-0.02056","0.00035","-0.00011","0","14.7","Humid","28.35","0","65.20","249253.70","SABD0002000014","AAV2.0.0.13","4.0.0.2353","PSt7-10","000000-000","8/7/2024 3:37:09 PM","0000-00","0","no battery","V","215852","µV","96196","µV"
"08/11/2024","12:03:36","2","default","203499907","Sensor2","47.775","min","226.518","μmol/L","Humid","23.048","deg","95612","µV","18.540","°C","985.000","hPa","35.0","pmil","0","51.462","deg","22.621","°C","100.000","%a.s.","22.257","deg","22.682","°C","985.000","hPa","0.861","-0.02056","0.00035","-0.00011","0","14.7","Humid","28.35","0","65.20","249250.44","SABD0002000014","AAV2.0.0.13","4.0.0.2353","PSt7-10","000000-000","8/7/2024 3:37:09 PM","0000-00","0","no battery","V","215852","µV","96196","µV"
"08/11/2024","12:03:37","2","default","203499907","Sensor2","47.792","min","226.442","μmol/L","Humid","23.054","deg","95615","µV","18.534","°C","985.000","hPa","35.0","pmil","0","51.462","deg","22.621","°C","100.000","%a.s.","22.257","deg","22.682","°C","985.000","hPa","0.861","-0.02056","0.00035","-0.00011","0","14.7","Humid","28.35","0","65.20","249250.29","SABD0002000014","AAV2.0.0.13","4.0.0.2353","PSt7-10","000000-000","8/7/2024 3:37:09 PM","0000-00","0","no battery","V","215852","µV","96196","µV"
"08/11/2024","12:03:38","2","default","203499907","Sensor2","47.808","min","226.402","μmol/L","Humid","23.056","deg","95616","µV","18.534","°C","985.000","hPa","35.0","pmil","0","51.462","deg","22.621","°C","100.000","%a.s.","22.257","deg","22.682","°C","985.000","hPa","0.861","-0.02056","0.00035","-0.00011","0","14.7","Humid","28.35","0","65.20","249243.27","SABD0002000014","AAV2.0.0.13","4.0.0.2353","PSt7-10","000000-000","8/7/2024 3:37:09 PM","0000-00","0","no battery","V","215852","µV","96196","µV"
"08/11/2024","12:03:39","2","default","203499907","Sensor2","47.824","min","226.357","μmol/L","Humid","23.056","deg","95613","µV","18.540","°C","985.000","hPa","35.0","pmil","0","51.462","deg","22.621","°C","100.000","%a.s.","22.257","deg","22.682","°C","985.000","hPa","0.861","-0.02056","0.00035","-0.00011","0","14.7","Humid","28.35","0","65.20","249249.25","SABD0002000014","AAV2.0.0.13","4.0.0.2353","PSt7-10","000000-000","8/7/2024 3:37:09 PM","0000-00","0","no battery","V","215852","µV","96196","µV"
"08/11/2024","12:03:40","2","default","203499907","Sensor2","47.841","min","226.462","μmol/L","Humid","23.053","deg","95619","µV","18.534","°C","985.000","hPa","35.0","pmil","0","51.462","deg","22.621","°C","100.000","%a.s.","22.257","deg","22.682","°C","985.000","hPa","0.861","-0.02056","0.00035","-0.00011","0","14.7","Humid","28.35","0","65.20","249251.81","SABD0002000014","AAV2.0.0.13","4.0.0.2353","PSt7-10","000000-000","8/7/2024 3:37:09 PM","0000-00","0","no battery","V","215852","µV","96196","µV"
"08/11/2024","12:03:41","2","default","203499907","Sensor2","47.858","min","226.377","μmol/L","Humid","23.055","deg","95619","µV","18.540","°C","985.000","hPa","35.0","pmil","0","51.462","deg","22.621","°C","100.000","%a.s.","22.257","deg","22.682","°C","985.000","hPa","0.861","-0.02056","0.00035","-0.00011","0","14.7","Humid","28.35","0","65.20","249252.61","SABD0002000014","AAV2.0.0.13","4.0.0.2353","PSt7-10","000000-000","8/7/2024 3:37:09 PM","0000-00","0","no battery","V","215852","µV","96196","µV"
"08/11/2024","12:03:42","2","default","203499907","Sensor2","47.875","min","226.377","μmol/L","Humid","23.055","deg","95623","µV","18.540","°C","985.000","hPa","35.0","pmil","0","51.462","deg","22.621","°C","100.000","%a.s.","22.257","deg","22.682","°C","985.000","hPa","0.861","-0.02056","0.00035","-0.00011","0","14.7","Humid","28.35","0","65.20","249256.78","SABD0002000014","AAV2.0.0.13","4.0.0.2353","PSt7-10","000000-000","8/7/2024 3:37:09 PM","0000-00","0","no battery","V","215852","µV","96196","µV"
"08/11/2024","12:03:43","2","default","203499907","Sensor2","47.891","min","226.422","μmol/L","Humid","23.055","deg","95615","µV","18.534","°C","985.000","hPa","35.0","pmil","0","51.462","deg","22.621","°C","100.000","%a.s.","22.257","deg","22.682","°C","985.000","hPa","0.861","-0.02056","0.00035","-0.00011","0","14.7","Humid","28.35","0","65.20","249251.27","SABD0002000014","AAV2.0.0.13","4.0.0.2353","PSt7-10","000000-000","8/7/2024 3:37:09 PM","0000-00","0","no battery","V","215852","µV","96196","µV"
"08/11/2024","12:03:44","2","default","203499907","Sensor2","47.908","min","226.381","μmol/L","Humid","23.057","deg","95624","µV","18.534","°C","985.000","hPa","35.0","pmil","0","51.462","deg","22.621","°C","100.000","%a.s.","22.257","deg","22.682","°C","985.000","hPa","0.861","-0.02056","0.00035","-0.00011","0","14.7","Humid","28.35","0","65.20","249240.20","SABD0002000014","AAV2.0.0.13","4.0.0.2353","PSt7-10","000000-000","8/7/2024 3:37:09 PM","0000-00","0","no battery","V","215852","µV","96196","µV"
"08/11/2024","12:03:45","2","default","203499907","Sensor2","47.925","min","226.442","μmol/L","Humid","23.054","deg","95619","µV","18.534","°C","985.000","hPa","35.0","pmil","0","51.462","deg","22.621","°C","100.000","%a.s.","22.257","deg","22.682","°C","985.000","hPa","0.861","-0.02056","0.00035","-0.00011","0","14.7","Humid","28.35","0","65.20","249258.95","SABD0002000014","AAV2.0.0.13","4.0.0.2353","PSt7-10","000000-000","8/7/2024 3:37:09 PM","0000-00","0","no battery","V","215852","µV","96196","µV"
"08/11/2024","12:03:46","2","default","203499907","Sensor2","47.942","min","226.422","μmol/L","Humid","23.055","deg","95621","µV","18.534","°C","985.000","hPa","35.0","pmil","0","51.462","deg","22.621","°C","100.000","%a.s.","22.257","deg","22.682","°C","985.000","hPa","0.861","-0.02056","0.00035","-0.00011","0","14.7","Humid","28.35","0","65.20","249249.65","SABD0002000014","AAV2.0.0.13","4.0.0.2353","PSt7-10","000000-000","8/7/2024 3:37:09 PM","0000-00","0","no battery","V","215852","µV","96196","µV"
"08/11/2024","12:03:47","2","default","203499907","Sensor2","47.958","min","226.377","μmol/L","Humid","23.055","deg","95622","µV","18.540","°C","985.000","hPa","35.0","pmil","0","51.462","deg","22.621","°C","100.000","%a.s.","22.257","deg","22.682","°C","985.000","hPa","0.861","-0.02056","0.00035","-0.00011","0","14.7","Humid","28.35","0","65.20","249249.80","SABD0002000014","AAV2.0.0.13","4.0.0.2353","PSt7-10","000000-000","8/7/2024 3:37:09 PM","0000-00","0","no battery","V","215852","µV","96196","µV"
"08/11/2024","12:03:48","2","default","203499907","Sensor2","47.975","min","226.381","μmol/L","Humid","23.057","deg","95618","µV","18.534","°C","985.000","hPa","35.0","pmil","0","51.462","deg","22.621","°C","100.000","%a.s.","22.257","deg","22.682","°C","985.000","hPa","0.861","-0.02056","0.00035","-0.00011","0","14.7","Humid","28.35","0","65.20","249254.05","SABD0002000014","AAV2.0.0.13","4.0.0.2353","PSt7-10","000000-000","8/7/2024 3:37:09 PM","0000-00","0","no battery","V","215852","µV","96196","µV"
"08/11/2024","12:03:49","2","default","203499907","Sensor2","47.992","min","226.361","μmol/L","Humid","23.058","deg","95619","µV","18.534","°C","985.000","hPa","35.0","pmil","0","51.462","deg","22.621","°C","100.000","%a.s.","22.257","deg","22.682","°C","985.000","hPa","0.861","-0.02056","0.00035","-0.00011","0","14.7","Humid","28.35","0","65.20","249247.85","SABD0002000014","AAV2.0.0.13","4.0.0.2353","PSt7-10","000000-000","8/7/2024 3:37:09 PM","0000-00","0","no battery","V","215852","µV","96196","µV"
"08/11/2024","12:03:50","2","default","203499907","Sensor2","48.008","min","226.397","μmol/L","Humid","23.054","deg","95616","µV","18.540","°C","985.000","hPa","35.0","pmil","0","51.462","deg","22.621","°C","100.000","%a.s.","22.257","deg","22.682","°C","985.000","hPa","0.861","-0.02056","0.00035","-0.00011","0","14.7","Humid","28.35","0","65.20","249246.53","SABD0002000014","AAV2.0.0.13","4.0.0.2353","PSt7-10","000000-000","8/7/2024 3:37:09 PM","0000-00","0","no battery","V","215852","µV","96196","µV"
"08/11/2024","12:03:51","2","default","203499907","Sensor2","48.024","min","226.361","μmol/L","Humid","23.058","deg","95621","µV","18.534","°C","985.000","hPa","35.0","pmil","0","51.462","deg","22.621","°C","100.000","%a.s.","22.257","deg","22.682","°C","985.000","hPa","0.861","-0.02056","0.00035","-0.00011","0","14.7","Humid","28.35","0","65.20","249253.72","SABD0002000014","AAV2.0.0.13","4.0.0.2353","PSt7-10","000000-000","8/7/2024 3:37:09 PM","0000-00","0","no battery","V","215852","µV","96196","µV"
"08/11/2024","12:03:52","2","default","203499907","Sensor2","48.041","min","226.357","μmol/L","Humid","23.056","deg","95625","µV","18.540","°C","985.000","hPa","35.0","pmil","0","51.462","deg","22.621","°C","100.000","%a.s.","22.257","deg","22.682","°C","985.000","hPa","0.861","-0.02056","0.00035","-0.00011","0","14.7","Humid","28.35","0","65.20","249243.78","SABD0002000014","AAV2.0.0.13","4.0.0.2353","PSt7-10","000000-000","8/7/2024 3:37:09 PM","0000-00","0","no battery","V","215852","µV","96196","µV"
"08/11/2024","12:03:53","2","default","203499907","Sensor2","48.058","min","226.357","μmol/L","Humid","23.056","deg","95620","µV","18.540","°C","985.000","hPa","35.0","pmil","0","51.462","deg","22.621","°C","100.000","%a.s.","22.257","deg","22.682","°C","985.000","hPa","0.861","-0.02056","0.00035","-0.00011","0","14.7","Humid","28.35","0","65.20","249252.51","SABD0002000014","AAV2.0.0.13","4.0.0.2353","PSt7-10","000000-000","8/7/2024 3:37:09 PM","0000-00","0","no battery","V","215852","µV","96196","µV"
"08/11/2024","12:03:54","2","default","203499907","Sensor2","48.075","min","226.337","μmol/L","Humid","23.057","deg","95627","µV","18.540","°C","985.000","hPa","35.0","pmil","0","51.462","deg","22.621","°C","100.000","%a.s.","22.257","deg","22.682","°C","985.000","hPa","0.861","-0.02056","0.00035","-0.00011","0","14.7","Humid","28.35","0","65.20","249254.15","SABD0002000014","AAV2.0.0.13","4.0.0.2353","PSt7-10","000000-000","8/7/2024 3:37:09 PM","0000-00","0","no battery","V","215852","µV","96196","µV"
"08/11/2024","12:03:55","2","default","203499907","Sensor2","48.091","min","226.276","μmol/L","Humid","23.060","deg","95629","µV","18.540","°C","985.000","hPa","35.0","pmil","0","51.462","deg","22.621","°C","100.000","%a.s.","22.257","deg","22.682","°C","985.000","hPa","0.861","-0.02056","0.00035","-0.00011","0","14.7","Humid","28.35","0","65.20","249239.94","SABD0002000014","AAV2.0.0.13","4.0.0.2353","PSt7-10","000000-000","8/7/2024 3:37:09 PM","0000-00","0","no battery","V","215852","µV","96196","µV"
"08/11/2024","12:03:56","2","default","203499907","Sensor2","48.108","min","226.345","μmol/L","Humid","23.061","deg","95626","µV","18.528","°C","985.000","hPa","35.0","pmil","0","51.462","deg","22.621","°C","100.000","%a.s.","22.257","deg","22.682","°C","985.000","hPa","0.861","-0.02056","0.00035","-0.00011","0","14.7","Humid","28.35","0","65.20","249246.85","SABD0002000014","AAV2.0.0.13","4.0.0.2353","PSt7-10","000000-000","8/7/2024 3:37:09 PM","0000-00","0","no battery","V","215852","µV","96196","µV"
"08/11/2024","12:03:57","2","default","203499907","Sensor2","48.125","min","226.422","μmol/L","Humid","23.055","deg","95632","µV","18.534","°C","985.000","hPa","35.0","pmil","0","51.462","deg","22.621","°C","100.000","%a.s.","22.257","deg","22.682","°C","985.000","hPa","0.861","-0.02056","0.00035","-0.00011","0","14.7","Humid","28.35","0","65.20","249245.93","SABD0002000014","AAV2.0.0.13","4.0.0.2353","PSt7-10","000000-000","8/7/2024 3:37:09 PM","0000-00","0","no battery","V","215852","µV","96196","µV"
"08/11/2024","12:03:58","2","default","203499907","Sensor2","48.142","min","226.381","μmol/L","Humid","23.057","deg","95634","µV","18.534","°C","985.000","hPa","35.0","pmil","0","51.462","deg","22.621","°C","100.000","%a.s.","22.257","deg","22.682","°C","985.000","hPa","0.861","-0.02056","0.00035","-0.00011","0","14.7","Humid","28.35","0","65.20","249248.14","SABD0002000014","AAV2.0.0.13","4.0.0.2353","PSt7-10","000000-000","8/7/2024 3:37:09 PM","0000-00","0","no battery","V","215852","µV","96196","µV"
"08/11/2024","12:03:59","2","default","203499907","Sensor2","48.158","min","226.402","μmol/L","Humid","23.056","deg","95623","µV","18.534","°C","985.000","hPa","35.0","pmil","0","51.462","deg","22.621","°C","100.000","%a.s.","22.257","deg","22.682","°C","985.000","hPa","0.861","-0.02056","0.00035","-0.00011","0","14.7","Humid","28.35","0","65.20","249246.53","SABD0002000014","AAV2.0.0.13","4.0.0.2353","PSt7-10","000000-000","8/7/2024 3:37:09 PM","0000-00","0","no battery","V","215852","µV","96196","µV"
"08/11/2024","12:04:00","2","default","203499907","Sensor2","48.175","min","226.272","μmol/L","Humid","23.058","deg","95634","µV","18.546","°C","985.000","hPa","35.0","pmil","0","51.462","deg","22.621","°C","100.000","%a.s.","22.257","deg","22.682","°C","985.000","hPa","0.861","-0.02056","0.00035","-0.00011","0","14.7","Humid","28.35","0","65.20","249247.12","SABD0002000014","AAV2.0.0.13","4.0.0.2353","PSt7-10","000000-000","8/7/2024 3:37:09 PM","0000-00","0","no battery","V","215852","µV","96196","µV"
"08/11/2024","12:04:01","2","default","203499907","Sensor2","48.191","min","226.296","μmol/L","Humid","23.059","deg","95634","µV","18.540","°C","985.000","hPa","35.0","pmil","0","51.462","deg","22.621","°C","100.000","%a.s.","22.257","deg","22.682","°C","985.000","hPa","0.861","-0.02056","0.00035","-0.00011","0","14.7","Humid","28.35","0","65.20","249247.50","SABD0002000014","AAV2.0.0.13","4.0.0.2353","PSt7-10","000000-000","8/7/2024 3:37:09 PM","0000-00","0","no battery","V","215852","µV","96196","µV"
"08/11/2024","12:04:02","2","default","203499907","Sensor2","48.208","min","226.281","μmol/L","Humid","23.062","deg","95640","µV","18.534","°C","985.000","hPa","35.0","pmil","0","51.462","deg","22.621","°C","100.000","%a.s.","22.257","deg","22.682","°C","985.000","hPa","0.861","-0.02056","0.00035","-0.00011","0","14.7","Humid","28.35","0","65.20","249246.41","SABD0002000014","AAV2.0.0.13","4.0.0.2353","PSt7-10","000000-000","8/7/2024 3:37:09 PM","0000-00","0","no battery","V","215852","µV","96196","µV"
"08/11/2024","12:04:03","2","default","203499907","Sensor2","48.224","min","226.216","μmol/L","Humid","23.063","deg","95630","µV","18.540","°C","985.000","hPa","35.0","pmil","0","51.462","deg","22.621","°C","100.000","%a.s.","22.257","deg","22.682","°C","985.000","hPa","0.861","-0.02056","0.00035","-0.00011","0","14.7","Humid","28.35","0","65.20","249242.82","SABD0002000014","AAV2.0.0.13","4.0.0.2353","PSt7-10","000000-000","8/7/2024 3:37:09 PM","0000-00","0","no battery","V","215852","µV","96196","µV"
"08/11/2024","12:04:04","2","default","203499907","Sensor2","48.241","min","226.321","μmol/L","Humid","23.060","deg","95636","µV","18.534","°C","985.000","hPa","35.0","pmil","0","51.462","deg","22.621","°C","100.000","%a.s.","22.257","deg","22.682","°C","985.000","hPa","0.861","-0.02056","0.00035","-0.00011","0","14.7","Humid","28.35","0","65.20","249243.96","SABD0002000014","AAV2.0.0.13","4.0.0.2353","PSt7-10","000000-000","8/7/2024 3:37:09 PM","0000-00","0","no battery","V","215852","µV","96196","µV"
"08/11/2024","12:04:05","2","default","203499907","Sensor2","48.258","min","226.317","μmol/L","Humid","23.058","deg","95642","µV","18.540","°C","985.000","hPa","35.0","pmil","0","51.462","deg","22.621","°C","100.000","%a.s.","22.257","deg","22.682","°C","985.000","hPa","0.861","-0.02056","0.00035","-0.00011","0","14.7","Humid","28.35","0","65.20","249242.70","SABD0002000014","AAV2.0.0.13","4.0.0.2353","PSt7-10","000000-000","8/7/2024 3:37:09 PM","0000-00","0","no battery","V","215852","µV","96196","µV"
"08/11/2024","12:04:06","2","default","203499907","Sensor2","48.275","min","226.281","μmol/L","Humid","23.062","deg","95641","µV","18.534","°C","985.000","hPa","35.0","pmil","0","51.462","deg","22.621","°C","100.000","%a.s.","22.257","deg","22.682","°C","985.000","hPa","0.861","-0.02056","0.00035","-0.00011","0","14.7","Humid","28.35","0","65.20","249246.37","SABD0002000014","AAV2.0.0.13","4.0.0.2353","PSt7-10","000000-000","8/7/2024 3:37:09 PM","0000-00","0","no battery","V","215852","µV","96196","µV"
"08/11/2024","12:04:07","2","default","203499907","Sensor2","48.291","min","226.216","μmol/L","Humid","23.063","deg","95644","µV","18.540","°C","985.000","hPa","35.0","pmil","0","51.462","deg","22.621","°C","100.000","%a.s.","22.257","deg","22.682","°C","985.000","hPa","0.861","-0.02056","0.00035","-0.00011","0","14.7","Humid","28.35","0","65.20","249237.94","SABD0002000014","AAV2.0.0.13","4.0.0.2353","PSt7-10","000000-000","8/7/2024 3:37:09 PM","0000-00","0","no battery","V","215852","µV","96196","µV"
"08/11/2024","12:04:08","2","default","203499907","Sensor2","48.308","min","226.341","μmol/L","Humid","23.059","deg","95639","µV","18.534","°C","985.000","hPa","35.0","pmil","0","51.462","deg","22.621","°C","100.000","%a.s.","22.257","deg","22.682","°C","985.000","hPa","0.861","-0.02056","0.00035","-0.00011","0","14.7","Humid","28.35","0","65.20","249223.15","SABD0002000014","AAV2.0.0.13","4.0.0.2353","PSt7-10","000000-000","8/7/2024 3:37:09 PM","0000-00","0","no battery","V","215852","µV","96196","µV"
"08/11/2024","12:04:09","2","default","203499907","Sensor2","48.325","min","226.196","μmol/L","Humid","23.064","deg","95648","µV","18.540","°C","985.000","hPa","35.0","pmil","0","51.462","deg","22.621","°C","100.000","%a.s.","22.257","deg","22.682","°C","985.000","hPa","0.861","-0.02056","0.00035","-0.00011","0","14.7","Humid","28.35","0","65.20","249240.86","SABD0002000014","AAV2.0.0.13","4.0.0.2353","PSt7-10","000000-000","8/7/2024 3:37:09 PM","0000-00","0","no battery","V","215852","µV","96196","µV"
"08/11/2024","12:04:10","2","default","203499907","Sensor2","48.342","min","226.256","μmol/L","Humid","23.061","deg","95647","µV","18.540","°C","985.000","hPa","35.0","pmil","0","51.462","deg","22.621","°C","100.000","%a.s.","22.257","deg","22.682","°C","985.000","hPa","0.861","-0.02056","0.00035","-0.00011","0","14.7","Humid","28.35","0","65.20","249245.81","SABD0002000014","AAV2.0.0.13","4.0.0.2353","PSt7-10","000000-000","8/7/2024 3:37:09 PM","0000-00","0","no battery","V","215852","µV","96196","µV"
"08/11/2024","12:04:11","2","default","203499907","Sensor2","48.358","min","226.236","μmol/L","Humid","23.062","deg","95650","µV","18.540","°C","985.000","hPa","35.0","pmil","0","51.462","deg","22.621","°C","100.000","%a.s.","22.257","deg","22.682","°C","985.000","hPa","0.861","-0.02056","0.00035","-0.00011","0","14.7","Humid","28.35","0","65.20","249244.47","SABD0002000014","AAV2.0.0.13","4.0.0.2353","PSt7-10","000000-000","8/7/2024 3:37:09 PM","0000-00","0","no battery","V","215852","µV","96196","µV"
"08/11/2024","12:04:12","2","default","203499907","Sensor2","48.375","min","226.281","μmol/L","Humid","23.062","deg","95655","µV","18.534","°C","985.000","hPa","35.0","pmil","0","51.462","deg","22.621","°C","100.000","%a.s.","22.257","deg","22.682","°C","985.000","hPa","0.861","-0.02056","0.00035","-0.00011","0","14.7","Humid","28.35","0","65.20","249255.95","SABD0002000014","AAV2.0.0.13","4.0.0.2353","PSt7-10","000000-000","8/7/2024 3:37:09 PM","0000-00","0","no battery","V","215852","µV","96196","µV"
"08/11/2024","12:04:13","2","default","203499907","Sensor2","48.392","min","226.135","μmol/L","Humid","23.067","deg","95651","µV","18.540","°C","985.000","hPa","35.0","pmil","0","51.462","deg","22.621","°C","100.000","%a.s.","22.257","deg","22.682","°C","985.000","hPa","0.861","-0.02056","0.00035","-0.00011","0","14.7","Humid","28.35","0","65.20","249238.84","SABD0002000014","AAV2.0.0.13","4.0.0.2353","PSt7-10","000000-000","8/7/2024 3:37:09 PM","0000-00","0","no battery","V","215852","µV","96196","µV"
"08/11/2024","12:04:14","2","default","203499907","Sensor2","48.408","min","226.220","μmol/L","Humid","23.065","deg","95656","µV","18.534","°C","985.000","hPa","35.0","pmil","0","51.462","deg","22.621","°C","100.000","%a.s.","22.257","deg","22.682","°C","985.000","hPa","0.861","-0.02056","0.00035","-0.00011","0","14.7","Humid","28.35","0","65.20","249250.71","SABD0002000014","AAV2.0.0.13","4.0.0.2353","PSt7-10","000000-000","8/7/2024 3:37:09 PM","0000-00","0","no battery","V","215852","µV","96196","µV"
"08/11/2024","12:04:15","2","default","203499907","Sensor2","48.424","min","226.180","μmol/L","Humid","23.067","deg","95648","µV","18.534","°C","985.000","hPa","35.0","pmil","0","51.462","deg","22.621","°C","100.000","%a.s.","22.257","deg","22.682","°C","985.000","hPa","0.861","-0.02056","0.00035","-0.00011","0","14.7","Humid","28.35","0","65.20","249235.93","SABD0002000014","AAV2.0.0.13","4.0.0.2353","PSt7-10","000000-000","8/7/2024 3:37:09 PM","0000-00","0","no battery","V","215852","µV","96196","µV"
"08/11/2024","12:04:16","2","default","203499907","Sensor2","48.441","min","226.135","μmol/L","Humid","23.067","deg","95653","µV","18.540","°C","985.000","hPa","35.0","pmil","0","51.462","deg","22.621","°C","100.000","%a.s.","22.257","deg","22.682","°C","985.000","hPa","0.861","-0.02056","0.00035","-0.00011","0","14.7","Humid","28.35","0","65.20","249242.36","SABD0002000014","AAV2.0.0.13","4.0.0.2353","PSt7-10","000000-000","8/7/2024 3:37:09 PM","0000-00","0","no battery","V","215852","µV","96196","µV"
"08/11/2024","12:04:17","2","default","203499907","Sensor2","48.458","min","226.260","μmol/L","Humid","23.063","deg","95654","µV","18.534","°C","985.000","hPa","35.0","pmil","0","51.462","deg","22.621","°C","100.000","%a.s.","22.257","deg","22.682","°C","985.000","hPa","0.861","-0.02056","0.00035","-0.00011","0","14.7","Humid","28.35","0","65.20","249233.56","SABD0002000014","AAV2.0.0.13","4.0.0.2353","PSt7-10","000000-000","8/7/2024 3:37:09 PM","0000-00","0","no battery","V","215852","µV","96196","µV"
"08/11/2024","12:04:18","2","default","203499907","Sensor2","48.475","min","226.180","μmol/L","Humid","23.067","deg","95655","µV","18.534","°C","985.000","hPa","35.0","pmil","0","51.462","deg","22.621","°C","100.000","%a.s.","22.257","deg","22.682","°C","985.000","hPa","0.861","-0.02056","0.00035","-0.00011","0","14.7","Humid","28.35","0","65.20","249239.59","SABD0002000014","AAV2.0.0.13","4.0.0.2353","PSt7-10","000000-000","8/7/2024 3:37:09 PM","0000-00","0","no battery","V","215852","µV","96196","µV"
"08/11/2024","12:04:19","2","default","203499907","Sensor2","48.491","min","226.220","μmol/L","Humid","23.065","deg","95655","µV","18.534","°C","985.000","hPa","35.0","pmil","0","51.462","deg","22.621","°C","100.000","%a.s.","22.257","deg","22.682","°C","985.000","hPa","0.861","-0.02056","0.00035","-0.00011","0","14.7","Humid","28.35","0","65.20","249243.78","SABD0002000014","AAV2.0.0.13","4.0.0.2353","PSt7-10","000000-000","8/7/2024 3:37:09 PM","0000-00","0","no battery","V","215852","µV","96196","µV"
"08/11/2024","12:04:20","2","default","203499907","Sensor2","48.508","min","226.155","μmol/L","Humid","23.066","deg","95660","µV","18.540","°C","985.000","hPa","35.0","pmil","0","51.462","deg","22.621","°C","100.000","%a.s.","22.257","deg","22.682","°C","985.000","hPa","0.861","-0.02056","0.00035","-0.00011","0","14.7","Humid","28.35","0","65.20","249243.12","SABD0002000014","AAV2.0.0.13","4.0.0.2353","PSt7-10","000000-000","8/7/2024 3:37:09 PM","0000-00","0","no battery","V","215852","µV","96196","µV"
"08/11/2024","12:04:21","2","default","203499907","Sensor2","48.525","min","226.220","μmol/L","Humid","23.065","deg","95666","µV","18.534","°C","985.000","hPa","35.0","pmil","0","51.462","deg","22.621","°C","100.000","%a.s.","22.257","deg","22.682","°C","985.000","hPa","0.861","-0.02056","0.00035","-0.00011","0","14.7","Humid","28.35","0","65.20","249237.74","SABD0002000014","AAV2.0.0.13","4.0.0.2353","PSt7-10","000000-000","8/7/2024 3:37:09 PM","0000-00","0","no battery","V","215852","µV","96196","µV"
"08/11/2024","12:04:22","2","default","203499907","Sensor2","48.542","min","226.260","μmol/L","Humid","23.063","deg","95663","µV","18.534","°C","985.000","hPa","35.0","pmil","0","51.462","deg","22.621","°C","100.000","%a.s.","22.257","deg","22.682","°C","985.000","hPa","0.861","-0.02056","0.00035","-0.00011","0","14.7","Humid","28.35","0","65.20","249238.77","SABD0002000014","AAV2.0.0.13","4.0.0.2353","PSt7-10","000000-000","8/7/2024 3:37:09 PM","0000-00","0","no battery","V","215852","µV","96196","µV"
"08/11/2024","12:04:23","2","default","203499907","Sensor2","48.558","min","226.200","μmol/L","Humid","23.066","deg","95671","µV","18.534","°C","985.000","hPa","35.0","pmil","0","51.462","deg","22.621","°C","100.000","%a.s.","22.257","deg","22.682","°C","985.000","hPa","0.861","-0.02056","0.00035","-0.00011","0","14.7","Humid","28.35","0","65.20","249241.79","SABD0002000014","AAV2.0.0.13","4.0.0.2353","PSt7-10","000000-000","8/7/2024 3:37:09 PM","0000-00","0","no battery","V","215852","µV","96196","µV"
"08/11/2024","12:04:24","2","default","203499907","Sensor2","48.575","min","226.240","μmol/L","Humid","23.064","deg","95673","µV","18.534","°C","985.000","hPa","35.0","pmil","0","51.462","deg","22.621","°C","100.000","%a.s.","22.257","deg","22.682","°C","985.000","hPa","0.861","-0.02056","0.00035","-0.00011","0","14.7","Humid","28.35","0","65.20","249236.15","SABD0002000014","AAV2.0.0.13","4.0.0.2353","PSt7-10","000000-000","8/7/2024 3:37:09 PM","0000-00","0","no battery","V","215852","µV","96196","µV"
"08/11/2024","12:04:25","2","default","203499907","Sensor2","48.591","min","226.099","μmol/L","Humid","23.071","deg","95670","µV","18.534","°C","985.000","hPa","35.0","pmil","0","51.462","deg","22.621","°C","100.000","%a.s.","22.257","deg","22.682","°C","985.000","hPa","0.861","-0.02056","0.00035","-0.00011","0","14.7","Humid","28.35","0","65.20","249233.73","SABD0002000014","AAV2.0.0.13","4.0.0.2353","PSt7-10","000000-000","8/7/2024 3:37:09 PM","0000-00","0","no battery","V","215852","µV","96196","µV"
"08/11/2024","12:04:26","2","default","203499907","Sensor2","48.608","min","226.135","μmol/L","Humid","23.067","deg","95667","µV","18.540","°C","985.000","hPa","35.0","pmil","0","51.462","deg","22.621","°C","100.000","%a.s.","22.257","deg","22.682","°C","985.000","hPa","0.861","-0.02056","0.00035","-0.00011","0","14.7","Humid","28.35","0","65.20","249223.51","SABD0002000014","AAV2.0.0.13","4.0.0.2353","PSt7-10","000000-000","8/7/2024 3:37:09 PM","0000-00","0","no battery","V","215852","µV","96196","µV"
"08/11/2024","12:04:27","2","default","203499907","Sensor2","48.625","min","226.014","μmol/L","Humid","23.073","deg","95671","µV","18.540","°C","985.000","hPa","35.0","pmil","0","51.462","deg","22.621","°C","100.000","%a.s.","22.257","deg","22.682","°C","985.000","hPa","0.861","-0.02056","0.00035","-0.00011","0","14.7","Humid","28.35","0","65.20","249226.19","SABD0002000014","AAV2.0.0.13","4.0.0.2353","PSt7-10","000000-000","8/7/2024 3:37:09 PM","0000-00","0","no battery","V","215852","µV","96196","µV"
"08/11/2024","12:04:28","2","default","203499907","Sensor2","48.641","min","226.119","μmol/L","Humid","23.070","deg","95668","µV","18.534","°C","985.000","hPa","35.0","pmil","0","51.462","deg","22.621","°C","100.000","%a.s.","22.257","deg","22.682","°C","985.000","hPa","0.861","-0.02056","0.00035","-0.00011","0","14.7","Humid","28.35","0","65.20","249228.13","SABD0002000014","AAV2.0.0.13","4.0.0.2353","PSt7-10","000000-000","8/7/2024 3:37:09 PM","0000-00","0","no battery","V","215852","µV","96196","µV"
"08/11/2024","12:04:29","2","default","203499907","Sensor2","48.658","min","226.115","μmol/L","Humid","23.068","deg","95678","µV","18.540","°C","985.000","hPa","35.0","pmil","0","51.462","deg","22.621","°C","100.000","%a.s.","22.257","deg","22.682","°C","985.000","hPa","0.861","-0.02056","0.00035","-0.00011","0","14.7","Humid","28.35","0","65.20","249223.89","SABD0002000014","AAV2.0.0.13","4.0.0.2353","PSt7-10","000000-000","8/7/2024 3:37:09 PM","0000-00","0","no battery","V","215852","µV","96196","µV"
"08/11/2024","12:04:30","2","default","203499907","Sensor2","48.675","min","226.055","μmol/L","Humid","23.071","deg","95677","µV","18.540","°C","985.000","hPa","35.0","pmil","0","51.462","deg","22.621","°C","100.000","%a.s.","22.257","deg","22.682","°C","985.000","hPa","0.861","-0.02056","0.00035","-0.00011","0","14.7","Humid","28.35","0","65.20","249244.10","SABD0002000014","AAV2.0.0.13","4.0.0.2353","PSt7-10","000000-000","8/7/2024 3:37:09 PM","0000-00","0","no battery","V","215852","µV","96196","µV"
"08/11/2024","12:04:31","2","default","203499907","Sensor2","48.691","min","226.140","μmol/L","Humid","23.069","deg","95682","µV","18.534","°C","985.000","hPa","35.0","pmil","0","51.462","deg","22.621","°C","100.000","%a.s.","22.257","deg","22.682","°C","985.000","hPa","0.861","-0.02056","0.00035","-0.00011","0","14.7","Humid","28.35","0","65.20","249235.37","SABD0002000014","AAV2.0.0.13","4.0.0.2353","PSt7-10","000000-000","8/7/2024 3:37:09 PM","0000-00","0","no battery","V","215852","µV","96196","µV"
"08/11/2024","12:04:32","2","default","203499907","Sensor2","48.708","min","226.014","μmol/L","Humid","23.073","deg","95677","µV","18.540","°C","985.000","hPa","35.0","pmil","0","51.462","deg","22.621","°C","100.000","%a.s.","22.257","deg","22.682","°C","985.000","hPa","0.861","-0.02056","0.00035","-0.00011","0","14.7","Humid","28.35","0","65.20","249229.29","SABD0002000014","AAV2.0.0.13","4.0.0.2353","PSt7-10","000000-000","8/7/2024 3:37:09 PM","0000-00","0","no battery","V","215852","µV","96196","µV"
"08/11/2024","12:04:33","2","default","203499907","Sensor2","48.725","min","226.039","μmol/L","Humid","23.074","deg","95683","µV","18.534","°C","985.000","hPa","35.0","pmil","0","51.462","deg","22.621","°C","100.000","%a.s.","22.257","deg","22.682","°C","985.000","hPa","0.861","-0.02056","0.00035","-0.00011","0","14.7","Humid","28.35","0","65.20","249223.52","SABD0002000014","AAV2.0.0.13","4.0.0.2353","PSt7-10","000000-000","8/7/2024 3:37:09 PM","0000-00","0","no battery","V","215852","µV","96196","µV"
"08/11/2024","12:04:34","2","default","203499907","Sensor2","48.742","min","226.059","μmol/L","Humid","23.073","deg","95682","µV","18.534","°C","985.000","hPa","35.0","pmil","0","51.462","deg","22.621","°C","100.000","%a.s.","22.257","deg","22.682","°C","985.000","hPa","0.861","-0.02056","0.00035","-0.00011","0","14.7","Humid","28.35","0","65.20","249239.69","SABD0002000014","AAV2.0.0.13","4.0.0.2353","PSt7-10","000000-000","8/7/2024 3:37:09 PM","0000-00","0","no battery","V","215852","µV","96196","µV"
"08/11/2024","12:04:35","2","default","203499907","Sensor2","48.758","min","225.974","μmol/L","Humid","23.075","deg","95685","µV","18.540","°C","985.000","hPa","35.0","pmil","0","51.462","deg","22.621","°C","100.000","%a.s.","22.257","deg","22.682","°C","985.000","hPa","0.861","-0.02056","0.00035","-0.00011","0","14.7","Humid","28.35","0","65.20","249223.48","SABD0002000014","AAV2.0.0.13","4.0.0.2353","PSt7-10","000000-000","8/7/2024 3:37:09 PM","0000-00","0","no battery","V","215852","µV","96196","µV"
"08/11/2024","12:04:36","2","default","203499907","Sensor2","48.775","min","226.039","μmol/L","Humid","23.074","deg","95682","µV","18.534","°C","985.000","hPa","35.0","pmil","0","51.462","deg","22.621","°C","100.000","%a.s.","22.257","deg","22.682","°C","985.000","hPa","0.861","-0.02056","0.00035","-0.00011","0","14.7","Humid","28.35","0","65.20","249212.63","SABD0002000014","AAV2.0.0.13","4.0.0.2353","PSt7-10","000000-000","8/7/2024 3:37:09 PM","0000-00","0","no battery","V","215852","µV","96196","µV"
"08/11/2024","12:04:37","2","default","203499907","Sensor2","48.791","min","226.014","μmol/L","Humid","23.073","deg","95691","µV","18.540","°C","985.000","hPa","35.0","pmil","0","51.462","deg","22.621","°C","100.000","%a.s.","22.257","deg","22.682","°C","985.000","hPa","0.861","-0.02056","0.00035","-0.00011","0","14.7","Humid","28.35","0","65.20","249234.70","SABD0002000014","AAV2.0.0.13","4.0.0.2353","PSt7-10","000000-000","8/7/2024 3:37:09 PM","0000-00","0","no battery","V","215852","µV","96196","µV"
"08/11/2024","12:04:38","2","default","203499907","Sensor2","48.808","min","226.095","μmol/L","Humid","23.069","deg","95687","µV","18.540","°C","985.000","hPa","35.0","pmil","0","51.462","deg","22.621","°C","100.000","%a.s.","22.257","deg","22.682","°C","985.000","hPa","0.861","-0.02056","0.00035","-0.00011","0","14.7","Humid","28.35","0","65.20","249232.34","SABD0002000014","AAV2.0.0.13","4.0.0.2353","PSt7-10","000000-000","8/7/2024 3:37:09 PM","0000-00","0","no battery","V","215852","µV","96196","µV"
"08/11/2024","12:04:39","2","default","203499907","Sensor2","48.824","min","225.978","μmol/L","Humid","23.077","deg","95690","µV","18.534","°C","985.000","hPa","35.0","pmil","0","51.462","deg","22.621","°C","100.000","%a.s.","22.257","deg","22.682","°C","985.000","hPa","0.861","-0.02056","0.00035","-0.00011","0","14.7","Humid","28.35","0","65.20","249220.55","SABD0002000014","AAV2.0.0.13","4.0.0.2353","PSt7-10","000000-000","8/7/2024 3:37:09 PM","0000-00","0","no battery","V","215852","µV","96196","µV"
"08/11/2024","12:04:40","2","default","203499907","Sensor2","48.841","min","226.014","μmol/L","Humid","23.073","deg","95691","µV","18.540","°C","985.000","hPa","35.0","pmil","0","51.462","deg","22.621","°C","100.000","%a.s.","22.257","deg","22.682","°C","985.000","hPa","0.861","-0.02056","0.00035","-0.00011","0","14.7","Humid","28.35","0","65.20","249223.69","SABD0002000014","AAV2.0.0.13","4.0.0.2353","PSt7-10","000000-000","8/7/2024 3:37:09 PM","0000-00","0","no battery","V","215852","µV","96196","µV"
"08/11/2024","12:04:41","2","default","203499907","Sensor2","48.858","min","225.958","μmol/L","Humid","23.078","deg","95695","µV","18.534","°C","985.000","hPa","35.0","pmil","0","51.462","deg","22.621","°C","100.000","%a.s.","22.257","deg","22.682","°C","985.000","hPa","0.861","-0.02056","0.00035","-0.00011","0","14.7","Humid","28.35","0","65.20","249224.74","SABD0002000014","AAV2.0.0.13","4.0.0.2353","PSt7-10","000000-000","8/7/2024 3:37:09 PM","0000-00","0","no battery","V","215852","µV","96196","µV"
"08/11/2024","12:04:42","2","default","203499907","Sensor2","48.875","min","225.954","μmol/L","Humid","23.076","deg","95694","µV","18.540","°C","985.000","hPa","35.0","pmil","0","51.462","deg","22.621","°C","100.000","%a.s.","22.257","deg","22.682","°C","985.000","hPa","0.861","-0.02056","0.00035","-0.00011","0","14.7","Humid","28.35","0","65.20","249222.03","SABD0002000014","AAV2.0.0.13","4.0.0.2353","PSt7-10","000000-000","8/7/2024 3:37:09 PM","0000-00","0","no battery","V","215852","µV","96196","µV"
"08/11/2024","12:04:43","2","default","203499907","Sensor2","48.892","min","225.994","μmol/L","Humid","23.074","deg","95693","µV","18.540","°C","985.000","hPa","35.0","pmil","0","51.462","deg","22.621","°C","100.000","%a.s.","22.257","deg","22.682","°C","985.000","hPa","0.861","-0.02056","0.00035","-0.00011","0","14.7","Humid","28.35","0","65.20","249226.20","SABD0002000014","AAV2.0.0.13","4.0.0.2353","PSt7-10","000000-000","8/7/2024 3:37:09 PM","0000-00","0","no battery","V","215852","µV","96196","µV"
"08/11/2024","12:04:44","2","default","203499907","Sensor2","48.908","min","225.954","μmol/L","Humid","23.076","deg","95696","µV","18.540","°C","985.000","hPa","35.0","pmil","0","51.462","deg","22.621","°C","100.000","%a.s.","22.257","deg","22.682","°C","985.000","hPa","0.861","-0.02056","0.00035","-0.00011","0","14.7","Humid","28.35","0","65.20","249215.55","SABD0002000014","AAV2.0.0.13","4.0.0.2353","PSt7-10","000000-000","8/7/2024 3:37:09 PM","0000-00","0","no battery","V","215852","µV","96196","µV"
"08/11/2024","12:04:45","2","default","203499907","Sensor2","48.925","min","226.039","μmol/L","Humid","23.074","deg","95698","µV","18.534","°C","985.000","hPa","35.0","pmil","0","51.462","deg","22.621","°C","100.000","%a.s.","22.257","deg","22.682","°C","985.000","hPa","0.861","-0.02056","0.00035","-0.00011","0","14.7","Humid","28.35","0","65.20","249222.36","SABD0002000014","AAV2.0.0.13","4.0.0.2353","PSt7-10","000000-000","8/7/2024 3:37:09 PM","0000-00","0","no battery","V","215852","µV","96196","µV"
"08/11/2024","12:04:46","2","default","203499907","Sensor2","48.941","min","225.994","μmol/L","Humid","23.074","deg","95700","µV","18.540","°C","985.000","hPa","35.0","pmil","0","51.462","deg","22.621","°C","100.000","%a.s.","22.257","deg","22.682","°C","985.000","hPa","0.861","-0.02056","0.00035","-0.00011","0","14.7","Humid","28.35","0","65.20","249230.00","SABD0002000014","AAV2.0.0.13","4.0.0.2353","PSt7-10","000000-000","8/7/2024 3:37:09 PM","0000-00","0","no battery","V","215852","µV","96196","µV"
"08/11/2024","12:04:47","2","default","203499907","Sensor2","48.958","min","225.954","μmol/L","Humid","23.076","deg","95703","µV","18.540","°C","985.000","hPa","35.0","pmil","0","51.462","deg","22.621","°C","100.000","%a.s.","22.257","deg","22.682","°C","985.000","hPa","0.861","-0.02056","0.00035","-0.00011","0","14.7","Humid","28.35","0","65.20","249235.85","SABD0002000014","AAV2.0.0.13","4.0.0.2353","PSt7-10","000000-000","8/7/2024 3:37:09 PM","0000-00","0","no battery","V","215852","µV","96196","µV"
"08/11/2024","12:04:48","2","default","203499907","Sensor2","48.974","min","225.974","μmol/L","Humid","23.075","deg","95708","µV","18.540","°C","985.000","hPa","35.0","pmil","0","51.462","deg","22.621","°C","100.000","%a.s.","22.257","deg","22.682","°C","985.000","hPa","0.861","-0.02056","0.00035","-0.00011","0","14.7","Humid","28.35","0","65.20","249224.21","SABD0002000014","AAV2.0.0.13","4.0.0.2353","PSt7-10","000000-000","8/7/2024 3:37:09 PM","0000-00","0","no battery","V","215852","µV","96196","µV"
"08/11/2024","12:04:49","2","default","203499907","Sensor2","48.991","min","225.874","μmol/L","Humid","23.080","deg","95714","µV","18.540","°C","985.000","hPa","35.0","pmil","0","51.462","deg","22.621","°C","100.000","%a.s.","22.257","deg","22.682","°C","985.000","hPa","0.861","-0.02056","0.00035","-0.00011","0","14.7","Humid","28.35","0","65.20","249220.80","SABD0002000014","AAV2.0.0.13","4.0.0.2353","PSt7-10","000000-000","8/7/2024 3:37:09 PM","0000-00","0","no battery","V","215852","µV","96196","µV"
"08/11/2024","12:04:50","2","default","203499907","Sensor2","49.008","min","225.894","μmol/L","Humid","23.079","deg","95705","µV","18.540","°C","985.000","hPa","35.0","pmil","0","51.462","deg","22.621","°C","100.000","%a.s.","22.257","deg","22.682","°C","985.000","hPa","0.861","-0.02056","0.00035","-0.00011","0","14.7","Humid","28.35","0","65.20","249231.68","SABD0002000014","AAV2.0.0.13","4.0.0.2353","PSt7-10","000000-000","8/7/2024 3:37:09 PM","0000-00","0","no battery","V","215852","µV","96196","µV"
"08/11/2024","12:04:51","2","default","203499907","Sensor2","49.025","min","225.999","μmol/L","Humid","23.076","deg","95709","µV","18.534","°C","985.000","hPa","35.0","pmil","0","51.462","deg","22.621","°C","100.000","%a.s.","22.257","deg","22.682","°C","985.000","hPa","0.861","-0.02056","0.00035","-0.00011","0","14.7","Humid","28.35","0","65.20","249220.38","SABD0002000014","AAV2.0.0.13","4.0.0.2353","PSt7-10","000000-000","8/7/2024 3:37:09 PM","0000-00","0","no battery","V","215852","µV","96196","µV"
"08/11/2024","12:04:52","2","default","203499907","Sensor2","49.041","min","225.894","μmol/L","Humid","23.079","deg","95714","µV","18.540","°C","985.000","hPa","35.0","pmil","0","51.462","deg","22.621","°C","100.000","%a.s.","22.257","deg","22.682","°C","985.000","hPa","0.861","-0.02056","0.00035","-0.00011","0","14.7","Humid","28.35","0","65.20","249221.57","SABD0002000014","AAV2.0.0.13","4.0.0.2353","PSt7-10","000000-000","8/7/2024 3:37:09 PM","0000-00","0","no battery","V","215852","µV","96196","µV"
"08/11/2024","12:04:53","2","default","203499907","Sensor2","49.058","min","225.958","μmol/L","Humid","23.078","deg","95719","µV","18.534","°C","985.000","hPa","35.0","pmil","0","51.462","deg","22.621","°C","100.000","%a.s.","22.257","deg","22.682","°C","985.000","hPa","0.861","-0.02056","0.00035","-0.00011","0","14.7","Humid","28.35","0","65.20","249224.34","SABD0002000014","AAV2.0.0.13","4.0.0.2353","PSt7-10","000000-000","8/7/2024 3:37:09 PM","0000-00","0","no battery","V","215852","µV","96196","µV"
"08/11/2024","12:04:54","2","default","203499907","Sensor2","49.075","min","225.833","μmol/L","Humid","23.082","deg","95716","µV","18.540","°C","985.000","hPa","35.0","pmil","0","51.462","deg","22.621","°C","100.000","%a.s.","22.257","deg","22.682","°C","985.000","hPa","0.861","-0.02056","0.00035","-0.00011","0","14.7","Humid","28.35","0","65.20","249215.37","SABD0002000014","AAV2.0.0.13","4.0.0.2353","PSt7-10","000000-000","8/7/2024 3:37:09 PM","0000-00","0","no battery","V","215852","µV","96196","µV"
"08/11/2024","12:04:55","2","default","203499907","Sensor2","49.092","min","225.934","μmol/L","Humid","23.077","deg","95722","µV","18.540","°C","985.000","hPa","35.0","pmil","0","51.462","deg","22.621","°C","100.000","%a.s.","22.257","deg","22.682","°C","985.000","hPa","0.861","-0.02056","0.00035","-0.00011","0","14.7","Humid","28.35","0","65.20","249227.37","SABD0002000014","AAV2.0.0.13","4.0.0.2353","PSt7-10","000000-000","8/7/2024 3:37:09 PM","0000-00","0","no battery","V","215852","µV","96196","µV"
"08/11/2024","12:04:56","2","default","203499907","Sensor2","49.108","min","225.813","μmol/L","Humid","23.083","deg","95719","µV","18.540","°C","985.000","hPa","35.0","pmil","0","51.462","deg","22.621","°C","100.000","%a.s.","22.257","deg","22.682","°C","985.000","hPa","0.861","-0.02056","0.00035","-0.00011","0","14.7","Humid","28.35","0","65.20","249232.61","SABD0002000014","AAV2.0.0.13","4.0.0.2353","PSt7-10","000000-000","8/7/2024 3:37:09 PM","0000-00","0","no battery","V","215852","µV","96196","µV"
"08/11/2024","12:04:57","2","default","203499907","Sensor2","49.124","min","225.858","μmol/L","Humid","23.083","deg","95716","µV","18.534","°C","985.000","hPa","35.0","pmil","0","51.462","deg","22.621","°C","100.000","%a.s.","22.257","deg","22.682","°C","985.000","hPa","0.861","-0.02056","0.00035","-0.00011","0","14.7","Humid","28.35","0","65.20","249221.25","SABD0002000014","AAV2.0.0.13","4.0.0.2353","PSt7-10","000000-000","8/7/2024 3:37:09 PM","0000-00","0","no battery","V","215852","µV","96196","µV"
"08/11/2024","12:04:58","2","default","203499907","Sensor2","49.141","min","225.858","μmol/L","Humid","23.083","deg","95719","µV","18.534","°C","985.000","hPa","35.0","pmil","0","51.462","deg","22.621","°C","100.000","%a.s.","22.257","deg","22.682","°C","985.000","hPa","0.861","-0.02056","0.00035","-0.00011","0","14.7","Humid","28.35","0","65.20","249224.54","SABD0002000014","AAV2.0.0.13","4.0.0.2353","PSt7-10","000000-000","8/7/2024 3:37:09 PM","0000-00","0","no battery","V","215852","µV","96196","µV"
"08/11/2024","12:04:59","2","default","203499907","Sensor2","49.158","min","225.853","μmol/L","Humid","23.081","deg","95726","µV","18.540","°C","985.000","hPa","35.0","pmil","0","51.462","deg","22.621","°C","100.000","%a.s.","22.257","deg","22.682","°C","985.000","hPa","0.861","-0.02056","0.00035","-0.00011","0","14.7","Humid","28.35","0","65.20","249223.14","SABD0002000014","AAV2.0.0.13","4.0.0.2353","PSt7-10","000000-000","8/7/2024 3:37:09 PM","0000-00","0","no battery","V","215852","µV","96196","µV"
"08/11/2024","12:05:00","2","default","203499907","Sensor2","49.175","min","225.898","μmol/L","Humid","23.081","deg","95724","µV","18.534","°C","985.000","hPa","35.0","pmil","0","51.462","deg","22.621","°C","100.000","%a.s.","22.257","deg","22.682","°C","985.000","hPa","0.861","-0.02056","0.00035","-0.00011","0","14.7","Humid","28.35","0","65.20","249226.31","SABD0002000014","AAV2.0.0.13","4.0.0.2353","PSt7-10","000000-000","8/7/2024 3:37:09 PM","0000-00","0","no battery","V","215852","µV","96196","µV"
"08/11/2024","12:05:01","2","default","203499907","Sensor2","49.191","min","225.853","μmol/L","Humid","23.081","deg","95722","µV","18.540","°C","985.000","hPa","35.0","pmil","0","51.462","deg","22.621","°C","100.000","%a.s.","22.257","deg","22.682","°C","985.000","hPa","0.861","-0.02056","0.00035","-0.00011","0","14.7","Humid","28.35","0","65.20","249218.87","SABD0002000014","AAV2.0.0.13","4.0.0.2353","PSt7-10","000000-000","8/7/2024 3:37:09 PM","0000-00","0","no battery","V","215852","µV","96196","µV"
"08/11/2024","12:05:02","2","default","203499907","Sensor2","49.208","min","225.914","μmol/L","Humid","23.078","deg","95723","µV","18.540","°C","985.000","hPa","35.0","pmil","0","51.462","deg","22.621","°C","100.000","%a.s.","22.257","deg","22.682","°C","985.000","hPa","0.861","-0.02056","0.00035","-0.00011","0","14.7","Humid","28.35","0","65.20","249227.06","SABD0002000014","AAV2.0.0.13","4.0.0.2353","PSt7-10","000000-000","8/7/2024 3:37:09 PM","0000-00","0","no battery","V","215852","µV","96196","µV"
"08/11/2024","12:05:03","2","default","203499907","Sensor2","49.225","min","225.853","μmol/L","Humid","23.081","deg","95735","µV","18.540","°C","985.000","hPa","35.0","pmil","0","51.462","deg","22.621","°C","100.000","%a.s.","22.257","deg","22.682","°C","985.000","hPa","0.861","-0.02056","0.00035","-0.00011","0","14.7","Humid","28.35","0","65.20","249242.69","SABD0002000014","AAV2.0.0.13","4.0.0.2353","PSt7-10","000000-000","8/7/2024 3:37:09 PM","0000-00","0","no battery","V","215852","µV","96196","µV"
"08/11/2024","12:05:04","2","default","203499907","Sensor2","49.242","min","225.753","μmol/L","Humid","23.086","deg","95734","µV","18.540","°C","985.000","hPa","35.0","pmil","0","51.462","deg","22.621","°C","100.000","%a.s.","22.257","deg","22.682","°C","985.000","hPa","0.861","-0.02056","0.00035","-0.00011","0","14.7","Humid","28.35","0","65.20","249231.02","SABD0002000014","AAV2.0.0.13","4.0.0.2353","PSt7-10","000000-000","8/7/2024 3:37:09 PM","0000-00","0","no battery","V","215852","µV","96196","µV"
"08/11/2024","12:05:05","2","default","203499907","Sensor2","49.258","min","225.753","μmol/L","Humid","23.086","deg","95727","µV","18.540","°C","985.000","hPa","35.0","pmil","0","51.462","deg","22.621","°C","100.000","%a.s.","22.257","deg","22.682","°C","985.000","hPa","0.861","-0.02056","0.00035","-0.00011","0","14.7","Humid","28.35","0","65.20","249221.66","SABD0002000014","AAV2.0.0.13","4.0.0.2353","PSt7-10","000000-000","8/7/2024 3:37:09 PM","0000-00","0","no battery","V","215852","µV","96196","µV"
"08/11/2024","12:05:06","2","default","203499907","Sensor2","49.274","min","225.874","μmol/L","Humid","23.080","deg","95728","µV","18.540","°C","985.000","hPa","35.0","pmil","0","51.462","deg","22.621","°C","100.000","%a.s.","22.257","deg","22.682","°C","985.000","hPa","0.861","-0.02056","0.00035","-0.00011","0","14.7","Humid","28.35","0","65.20","249212.67","SABD0002000014","AAV2.0.0.13","4.0.0.2353","PSt7-10","000000-000","8/7/2024 3:37:09 PM","0000-00","0","no battery","V","215852","µV","96196","µV"
"08/11/2024","12:05:07","2","default","203499907","Sensor2","49.291","min","225.749","μmol/L","Humid","23.084","deg","95731","µV","18.546","°C","985.000","hPa","35.0","pmil","0","51.462","deg","22.621","°C","100.000","%a.s.","22.257","deg","22.682","°C","985.000","hPa","0.861","-0.02056","0.00035","-0.00011","0","14.7","Humid","28.35","0","65.20","249231.83","SABD0002000014","AAV2.0.0.13","4.0.0.2353","PSt7-10","000000-000","8/7/2024 3:37:09 PM","0000-00","0","no battery","V","215852","µV","96196","µV"
"08/11/2024","12:05:08","2","default","203499907","Sensor2","49.308","min","225.777","μmol/L","Humid","23.087","deg","95738","µV","18.534","°C","985.000","hPa","35.0","pmil","0","51.462","deg","22.621","°C","100.000","%a.s.","22.257","deg","22.682","°C","985.000","hPa","0.861","-0.02056","0.00035","-0.00011","0","14.7","Humid","28.35","0","65.20","249218.91","SABD0002000014","AAV2.0.0.13","4.0.0.2353","PSt7-10","000000-000","8/7/2024 3:37:09 PM","0000-00","0","no battery","V","215852","µV","96196","µV"
"08/11/2024","12:05:09","2","default","203499907","Sensor2","49.324","min","225.809","μmol/L","Humid","23.081","deg","95733","µV","18.546","°C","985.000","hPa","35.0","pmil","0","51.462","deg","22.621","°C","100.000","%a.s.","22.257","deg","22.682","°C","985.000","hPa","0.861","-0.02056","0.00035","-0.00011","0","14.7","Humid","28.35","0","65.20","249218.53","SABD0002000014","AAV2.0.0.13","4.0.0.2353","PSt7-10","000000-000","8/7/2024 3:37:09 PM","0000-00","0","no battery","V","215852","µV","96196","µV"
"08/11/2024","12:05:10","2","default","203499907","Sensor2","49.341","min","225.797","μmol/L","Humid","23.086","deg","95744","µV","18.534","°C","985.000","hPa","35.0","pmil","0","51.462","deg","22.621","°C","100.000","%a.s.","22.257","deg","22.682","°C","985.000","hPa","0.861","-0.02056","0.00035","-0.00011","0","14.7","Humid","28.35","0","65.20","249222.05","SABD0002000014","AAV2.0.0.13","4.0.0.2353","PSt7-10","000000-000","8/7/2024 3:37:09 PM","0000-00","0","no battery","V","215852","µV","96196","µV"
"08/11/2024","12:05:11","2","default","203499907","Sensor2","49.358","min","225.757","μmol/L","Humid","23.088","deg","95740","µV","18.534","°C","985.000","hPa","35.0","pmil","0","51.462","deg","22.621","°C","100.000","%a.s.","22.257","deg","22.682","°C","985.000","hPa","0.861","-0.02056","0.00035","-0.00011","0","14.7","Humid","28.35","0","65.20","249219.43","SABD0002000014","AAV2.0.0.13","4.0.0.2353","PSt7-10","000000-000","8/7/2024 3:37:09 PM","0000-00","0","no battery","V","215852","µV","96196","µV"
"08/11/2024","12:05:12","2","default","203499907","Sensor2","49.374","min","225.713","μmol/L","Humid","23.088","deg","95742","µV","18.540","°C","985.000","hPa","35.0","pmil","0","51.462","deg","22.621","°C","100.000","%a.s.","22.257","deg","22.682","°C","985.000","hPa","0.861","-0.02056","0.00035","-0.00011","0","14.7","Humid","28.35","0","65.20","249223.98","SABD0002000014","AAV2.0.0.13","4.0.0.2353","PSt7-10","000000-000","8/7/2024 3:37:09 PM","0000-00","0","no battery","V","215852","µV","96196","µV"
"08/11/2024","12:05:13","2","default","203499907","Sensor2","49.391","min","225.697","μmol/L","Humid","23.091","deg","95749","µV","18.534","°C","985.000","hPa","35.0","pmil","0","51.462","deg","22.621","°C","100.000","%a.s.","22.257","deg","22.682","°C","985.000","hPa","0.861","-0.02056","0.00035","-0.00011","0","14.7","Humid","28.35","0","65.20","249223.64","SABD0002000014","AAV2.0.0.13","4.0.0.2353","PSt7-10","000000-000","8/7/2024 3:37:09 PM","0000-00","0","no battery","V","215852","µV","96196","µV"
"08/11/2024","12:05:14","2","default","203499907","Sensor2","49.408","min","225.862","μmol/L","Humid","23.085","deg","95752","µV","18.528","°C","985.000","hPa","35.0","pmil","0","51.462","deg","22.621","°C","100.000","%a.s.","22.257","deg","22.682","°C","985.000","hPa","0.861","-0.02056","0.00035","-0.00011","0","14.7","Humid","28.35","0","65.20","249237.51","SABD0002000014","AAV2.0.0.13","4.0.0.2353","PSt7-10","000000-000","8/7/2024 3:37:09 PM","0000-00","0","no battery","V","215852","µV","96196","µV"
"08/11/2024","12:05:15","2","default","203499907","Sensor2","49.425","min","225.672","μmol/L","Humid","23.090","deg","95747","µV","18.540","°C","985.000","hPa","35.0","pmil","0","51.462","deg","22.621","°C","100.000","%a.s.","22.257","deg","22.682","°C","985.000","hPa","0.861","-0.02056","0.00035","-0.00011","0","14.7","Humid","28.35","0","65.20","249223.54","SABD0002000014","AAV2.0.0.13","4.0.0.2353","PSt7-10","000000-000","8/7/2024 3:37:09 PM","0000-00","0","no battery","V","215852","µV","96196","µV"
"08/11/2024","12:05:16","2","default","203499907","Sensor2","49.441","min","225.757","μmol/L","Humid","23.088","deg","95750","µV","18.534","°C","985.000","hPa","35.0","pmil","0","51.462","deg","22.621","°C","100.000","%a.s.","22.257","deg","22.682","°C","985.000","hPa","0.861","-0.02056","0.00035","-0.00011","0","14.7","Humid","28.35","0","65.20","249233.36","SABD0002000014","AAV2.0.0.13","4.0.0.2353","PSt7-10","000000-000","8/7/2024 3:37:09 PM","0000-00","0","no battery","V","215852","µV","96196","µV"
"08/11/2024","12:05:17","2","default","203499907","Sensor2","49.458","min","225.777","μmol/L","Humid","23.087","deg","95750","µV","18.534","°C","985.000","hPa","35.0","pmil","0","51.462","deg","22.621","°C","100.000","%a.s.","22.257","deg","22.682","°C","985.000","hPa","0.861","-0.02056","0.00035","-0.00011","0","14.7","Humid","28.35","0","65.20","249226.29","SABD0002000014","AAV2.0.0.13","4.0.0.2353","PSt7-10","000000-000","8/7/2024 3:37:09 PM","0000-00","0","no battery","V","215852","µV","96196","µV"
"08/11/2024","12:05:18","2","default","203499907","Sensor2","49.475","min","225.713","μmol/L","Humid","23.088","deg","95749","µV","18.540","°C","985.000","hPa","35.0","pmil","0","51.462","deg","22.621","°C","100.000","%a.s.","22.257","deg","22.682","°C","985.000","hPa","0.861","-0.02056","0.00035","-0.00011","0","14.7","Humid","28.35","0","65.20","249222.31","SABD0002000014","AAV2.0.0.13","4.0.0.2353","PSt7-10","000000-000","8/7/2024 3:37:09 PM","0000-00","0","no battery","V","215852","µV","96196","µV"
"08/11/2024","12:05:19","2","default","203499907","Sensor2","49.492","min","225.737","μmol/L","Humid","23.089","deg","95756","µV","18.534","°C","985.000","hPa","35.0","pmil","0","51.462","deg","22.621","°C","100.000","%a.s.","22.257","deg","22.682","°C","985.000","hPa","0.861","-0.02056","0.00035","-0.00011","0","14.7","Humid","28.35","0","65.20","249237.82","SABD0002000014","AAV2.0.0.13","4.0.0.2353","PSt7-10","000000-000","8/7/2024 3:37:09 PM","0000-00","0","no battery","V","215852","µV","96196","µV"
"08/11/2024","12:05:20","2","default","203499907","Sensor2","49.508","min","225.717","μmol/L","Humid","23.090","deg","95751","µV","18.534","°C","985.000","hPa","35.0","pmil","0","51.462","deg","22.621","°C","100.000","%a.s.","22.257","deg","22.682","°C","985.000","hPa","0.861","-0.02056","0.00035","-0.00011","0","14.7","Humid","28.35","0","65.20","249232.80","SABD0002000014","AAV2.0.0.13","4.0.0.2353","PSt7-10","000000-000","8/7/2024 3:37:09 PM","0000-00","0","no battery","V","215852","µV","96196","µV"
"08/11/2024","12:05:21","2","default","203499907","Sensor2","49.525","min","225.652","μmol/L","Humid","23.091","deg","95757","µV","18.540","°C","985.000","hPa","35.0","pmil","0","51.462","deg","22.621","°C","100.000","%a.s.","22.257","deg","22.682","°C","985.000","hPa","0.861","-0.02056","0.00035","-0.00011","0","14.7","Humid","28.35","0","65.20","249222.15","SABD0002000014","AAV2.0.0.13","4.0.0.2353","PSt7-10","000000-000","8/7/2024 3:37:09 PM","0000-00","0","no battery","V","215852","µV","96196","µV"
"08/11/2024","12:05:22","2","default","203499907","Sensor2","49.541","min","225.652","μmol/L","Humid","23.091","deg","95757","µV","18.540","°C","985.000","hPa","35.0","pmil","0","51.462","deg","22.621","°C","100.000","%a.s.","22.257","deg","22.682","°C","985.000","hPa","0.861","-0.02056","0.00035","-0.00011","0","14.7","Humid","28.35","0","65.20","249224.22","SABD0002000014","AAV2.0.0.13","4.0.0.2353","PSt7-10","000000-000","8/7/2024 3:37:09 PM","0000-00","0","no battery","V","215852","µV","96196","µV"
"08/11/2024","12:05:23","2","default","203499907","Sensor2","49.558","min","225.652","μmol/L","Humid","23.091","deg","95751","µV","18.540","°C","985.000","hPa","35.0","pmil","0","51.462","deg","22.621","°C","100.000","%a.s.","22.257","deg","22.682","°C","985.000","hPa","0.861","-0.02056","0.00035","-0.00011","0","14.7","Humid","28.35","0","65.20","249217.09","SABD0002000014","AAV2.0.0.13","4.0.0.2353","PSt7-10","000000-000","8/7/2024 3:37:09 PM","0000-00","0","no battery","V","215852","µV","96196","µV"
"08/11/2024","12:05:24","2","default","203499907","Sensor2","49.574","min","225.652","μmol/L","Humid","23.091","deg","95759","µV","18.540","°C","985.000","hPa","35.0","pmil","0","51.462","deg","22.621","°C","100.000","%a.s.","22.257","deg","22.682","°C","985.000","hPa","0.861","-0.02056","0.00035","-0.00011","0","14.7","Humid","28.35","0","65.20","249216.25","SABD0002000014","AAV2.0.0.13","4.0.0.2353","PSt7-10","000000-000","8/7/2024 3:37:09 PM","0000-00","0","no battery","V","215852","µV","96196","µV"
"08/11/2024","12:05:25","2","default","203499907","Sensor2","49.591","min","225.552","μmol/L","Humid","23.096","deg","95767","µV","18.540","°C","985.000","hPa","35.0","pmil","0","51.462","deg","22.621","°C","100.000","%a.s.","22.257","deg","22.682","°C","985.000","hPa","0.861","-0.02056","0.00035","-0.00011","0","14.7","Humid","28.35","0","65.20","249212.94","SABD0002000014","AAV2.0.0.13","4.0.0.2353","PSt7-10","000000-000","8/7/2024 3:37:09 PM","0000-00","0","no battery","V","215852","µV","96196","µV"
"08/11/2024","12:05:26","2","default","203499907","Sensor2","49.608","min","225.632","μmol/L","Humid","23.092","deg","95764","µV","18.540","°C","985.000","hPa","35.0","pmil","0","51.462","deg","22.621","°C","100.000","%a.s.","22.257","deg","22.682","°C","985.000","hPa","0.861","-0.02056","0.00035","-0.00011","0","14.7","Humid","28.35","0","65.20","249224.36","SABD0002000014","AAV2.0.0.13","4.0.0.2353","PSt7-10","000000-000","8/7/2024 3:37:09 PM","0000-00","0","no battery","V","215852","µV","96196","µV"
"08/11/2024","12:05:27","2","default","203499907","Sensor2","49.625","min","225.677","μmol/L","Humid","23.092","deg","95760","µV","18.534","°C","985.000","hPa","35.0","pmil","0","51.462","deg","22.621","°C","100.000","%a.s.","22.257","deg","22.682","°C","985.000","hPa","0.861","-0.02056","0.00035","-0.00011","0","14.7","Humid","28.35","0","65.20","249225.79","SABD0002000014","AAV2.0.0.13","4.0.0.2353","PSt7-10","000000-000","8/7/2024 3:37:09 PM","0000-00","0","no battery","V","215852","µV","96196","µV"
"08/11/2024","12:05:28","2","default","203499907","Sensor2","49.642","min","225.632","μmol/L","Humid","23.092","deg","95769","µV","18.540","°C","985.000","hPa","35.0","pmil","0","51.462","deg","22.621","°C","100.000","%a.s.","22.257","deg","22.682","°C","985.000","hPa","0.861","-0.02056","0.00035","-0.00011","0","14.7","Humid","28.35","0","65.20","249241.85","SABD0002000014","AAV2.0.0.13","4.0.0.2353","PSt7-10","000000-000","8/7/2024 3:37:09 PM","0000-00","0","no battery","V","215852","µV","96196","µV"
"08/11/2024","12:05:29","2","default","203499907","Sensor2","49.658","min","225.612","μmol/L","Humid","23.093","deg","95764","µV","18.540","°C","985.000","hPa","35.0","pmil","0","51.462","deg","22.621","°C","100.000","%a.s.","22.257","deg","22.682","°C","985.000","hPa","0.861","-0.02056","0.00035","-0.00011","0","14.7","Humid","28.35","0","65.20","249226.15","SABD0002000014","AAV2.0.0.13","4.0.0.2353","PSt7-10","000000-000","8/7/2024 3:37:09 PM","0000-00","0","no battery","V","215852","µV","96196","µV"
"08/11/2024","12:05:30","2","default","203499907","Sensor2","49.675","min","225.572","μmol/L","Humid","23.095","deg","95763","µV","18.540","°C","985.000","hPa","35.0","pmil","0","51.462","deg","22.621","°C","100.000","%a.s.","22.257","deg","22.682","°C","985.000","hPa","0.861","-0.02056","0.00035","-0.00011","0","14.7","Humid","28.35","0","65.20","249215.41","SABD0002000014","AAV2.0.0.13","4.0.0.2353","PSt7-10","000000-000","8/7/2024 3:37:09 PM","0000-00","0","no battery","V","215852","µV","96196","µV"
"08/11/2024","12:05:31","2","default","203499907","Sensor2","49.691","min","225.552","μmol/L","Humid","23.096","deg","95767","µV","18.540","°C","985.000","hPa","35.0","pmil","0","51.462","deg","22.621","°C","100.000","%a.s.","22.257","deg","22.682","°C","985.000","hPa","0.861","-0.02056","0.00035","-0.00011","0","14.7","Humid","28.35","0","65.20","249216.85","SABD0002000014","AAV2.0.0.13","4.0.0.2353","PSt7-10","000000-000","8/7/2024 3:37:09 PM","0000-00","0","no battery","V","215852","µV","96196","µV"
"08/11/2024","12:05:32","2","default","203499907","Sensor2","49.708","min","225.612","μmol/L","Humid","23.093","deg","95775","µV","18.540","°C","985.000","hPa","35.0","pmil","0","51.462","deg","22.621","°C","100.000","%a.s.","22.257","deg","22.682","°C","985.000","hPa","0.861","-0.02056","0.00035","-0.00011","0","14.7","Humid","28.35","0","65.20","249229.00","SABD0002000014","AAV2.0.0.13","4.0.0.2353","PSt7-10","000000-000","8/7/2024 3:37:09 PM","0000-00","0","no battery","V","215852","µV","96196","µV"
"08/11/2024","12:05:33","2","default","203499907","Sensor2","49.725","min","225.572","μmol/L","Humid","23.095","deg","95780","µV","18.540","°C","985.000","hPa","35.0","pmil","0","51.462","deg","22.621","°C","100.000","%a.s.","22.257","deg","22.682","°C","985.000","hPa","0.861","-0.02056","0.00035","-0.00011","0","14.7","Humid","28.35","0","65.20","249228.70","SABD0002000014","AAV2.0.0.13","4.0.0.2353","PSt7-10","000000-000","8/7/2024 3:37:09 PM","0000-00","0","no battery","V","215852","µV","96196","µV"
"08/11/2024","12:05:34","2","default","203499907","Sensor2","49.741","min","225.657","μmol/L","Humid","23.093","deg","95776","µV","18.534","°C","985.000","hPa","35.0","pmil","0","51.462","deg","22.621","°C","100.000","%a.s.","22.257","deg","22.682","°C","985.000","hPa","0.861","-0.02056","0.00035","-0.00011","0","14.7","Humid","28.35","0","65.20","249231.66","SABD0002000014","AAV2.0.0.13","4.0.0.2353","PSt7-10","000000-000","8/7/2024 3:37:09 PM","0000-00","0","no battery","V","215852","µV","96196","µV"
"08/11/2024","12:05:35","2","default","203499907","Sensor2","49.758","min","225.596","μmol/L","Humid","23.096","deg","95772","µV","18.534","°C","985.000","hPa","35.0","pmil","0","51.462","deg","22.621","°C","100.000","%a.s.","22.257","deg","22.682","°C","985.000","hPa","0.861","-0.02056","0.00035","-0.00011","0","14.7","Humid","28.35","0","65.20","249218.63","SABD0002000014","AAV2.0.0.13","4.0.0.2353","PSt7-10","000000-000","8/7/2024 3:37:09 PM","0000-00","0","no battery","V","215852","µV","96196","µV"
"08/11/2024","12:05:36","2","default","203499907","Sensor2","49.775","min","225.572","μmol/L","Humid","23.095","deg","95781","µV","18.540","°C","985.000","hPa","35.0","pmil","0","51.462","deg","22.621","°C","100.000","%a.s.","22.257","deg","22.682","°C","985.000","hPa","0.861","-0.02056","0.00035","-0.00011","0","14.7","Humid","28.35","0","65.20","249229.97","SABD0002000014","AAV2.0.0.13","4.0.0.2353","PSt7-10","000000-000","8/7/2024 3:37:09 PM","0000-00","0","no battery","V","215852","µV","96196","µV"
"08/11/2024","12:05:37","2","default","203499907","Sensor2","49.792","min","225.576","μmol/L","Humid","23.097","deg","95781","µV","18.534","°C","985.000","hPa","35.0","pmil","0","51.462","deg","22.621","°C","100.000","%a.s.","22.257","deg","22.682","°C","985.000","hPa","0.861","-0.02056","0.00035","-0.00011","0","14.7","Humid","28.35","0","65.20","249225.72","SABD0002000014","AAV2.0.0.13","4.0.0.2353","PSt7-10","000000-000","8/7/2024 3:37:09 PM","0000-00","0","no battery","V","215852","µV","96196","µV"
"08/11/2024","12:05:38","2","default","203499907","Sensor2","49.808","min","225.592","μmol/L","Humid","23.094","deg","95786","µV","18.540","°C","985.000","hPa","35.0","pmil","0","51.462","deg","22.621","°C","100.000","%a.s.","22.257","deg","22.682","°C","985.000","hPa","0.861","-0.02056","0.00035","-0.00011","0","14.7","Humid","28.35","0","65.20","249228.60","SABD0002000014","AAV2.0.0.13","4.0.0.2353","PSt7-10","000000-000","8/7/2024 3:37:09 PM","0000-00","0","no battery","V","215852","µV","96196","µV"
"08/11/2024","12:05:39","2","default","203499907","Sensor2","49.825","min","225.556","μmol/L","Humid","23.098","deg","95786","µV","18.534","°C","985.000","hPa","35.0","pmil","0","51.462","deg","22.621","°C","100.000","%a.s.","22.257","deg","22.682","°C","985.000","hPa","0.861","-0.02056","0.00035","-0.00011","0","14.7","Humid","28.35","0","65.20","249234.90","SABD0002000014","AAV2.0.0.13","4.0.0.2353","PSt7-10","000000-000","8/7/2024 3:37:09 PM","0000-00","0","no battery","V","215852","µV","96196","µV"
"08/11/2024","12:05:40","2","default","203499907","Sensor2","49.842","min","225.512","μmol/L","Humid","23.098","deg","95791","µV","18.540","°C","985.000","hPa","35.0","pmil","0","51.462","deg","22.621","°C","100.000","%a.s.","22.257","deg","22.682","°C","985.000","hPa","0.861","-0.02056","0.00035","-0.00011","0","14.7","Humid","28.35","0","65.20","249222.97","SABD0002000014","AAV2.0.0.13","4.0.0.2353","PSt7-10","000000-000","8/7/2024 3:37:09 PM","0000-00","0","no battery","V","215852","µV","96196","µV"
"08/11/2024","12:05:41","2","default","203499907","Sensor2","49.858","min","225.617","μmol/L","Humid","23.095","deg","95790","µV","18.534","°C","985.000","hPa","35.0","pmil","0","51.462","deg","22.621","°C","100.000","%a.s.","22.257","deg","22.682","°C","985.000","hPa","0.861","-0.02056","0.00035","-0.00011","0","14.7","Humid","28.35","0","65.20","249229.00","SABD0002000014","AAV2.0.0.13","4.0.0.2353","PSt7-10","000000-000","8/7/2024 3:37:09 PM","0000-00","0","no battery","V","215852","µV","96196","µV"
"08/11/2024","12:05:42","2","default","203499907","Sensor2","49.874","min","225.492","μmol/L","Humid","23.099","deg","95790","µV","18.540","°C","985.000","hPa","35.0","pmil","0","51.462","deg","22.621","°C","100.000","%a.s.","22.257","deg","22.682","°C","985.000","hPa","0.861","-0.02056","0.00035","-0.00011","0","14.7","Humid","28.35","0","65.20","249230.02","SABD0002000014","AAV2.0.0.13","4.0.0.2353","PSt7-10","000000-000","8/7/2024 3:37:09 PM","0000-00","0","no battery","V","215852","µV","96196","µV"
"08/11/2024","12:05:43","2","default","203499907","Sensor2","49.891","min","225.472","μmol/L","Humid","23.100","deg","95795","µV","18.540","°C","985.000","hPa","35.0","pmil","0","51.462","deg","22.621","°C","100.000","%a.s.","22.257","deg","22.682","°C","985.000","hPa","0.861","-0.02056","0.00035","-0.00011","0","14.7","Humid","28.35","0","65.20","249224.65","SABD0002000014","AAV2.0.0.13","4.0.0.2353","PSt7-10","000000-000","8/7/2024 3:37:09 PM","0000-00","0","no battery","V","215852","µV","96196","µV"
"08/11/2024","12:05:44","2","default","203499907","Sensor2","49.908","min","225.516","μmol/L","Humid","23.100","deg","95787","µV","18.534","°C","985.000","hPa","35.0","pmil","0","51.462","deg","22.621","°C","100.000","%a.s.","22.257","deg","22.682","°C","985.000","hPa","0.861","-0.02056","0.00035","-0.00011","0","14.7","Humid","28.35","0","65.20","249222.03","SABD0002000014","AAV2.0.0.13","4.0.0.2353","PSt7-10","000000-000","8/7/2024 3:37:09 PM","0000-00","0","no battery","V","215852","µV","96196","µV"
"08/11/2024","12:05:45","2","default","203499907","Sensor2","49.925","min","225.516","μmol/L","Humid","23.100","deg","95793","µV","18.534","°C","985.000","hPa","35.0","pmil","0","51.462","deg","22.621","°C","100.000","%a.s.","22.257","deg","22.682","°C","985.000","hPa","0.861","-0.02056","0.00035","-0.00011","0","14.7","Humid","28.35","0","65.20","249231.67","SABD0002000014","AAV2.0.0.13","4.0.0.2353","PSt7-10","000000-000","8/7/2024 3:37:09 PM","0000-00","0","no battery","V","215852","µV","96196","µV"
"08/11/2024","12:05:46","2","default","203499907","Sensor2","49.941","min","225.536","μmol/L","Humid","23.099","deg","95795","µV","18.534","°C","985.000","hPa","35.0","pmil","0","51.462","deg","22.621","°C","100.000","%a.s.","22.257","deg","22.682","°C","985.000","hPa","0.861","-0.02056","0.00035","-0.00011","0","14.7","Humid","28.35","0","65.20","249222.05","SABD0002000014","AAV2.0.0.13","4.0.0.2353","PSt7-10","000000-000","8/7/2024 3:37:09 PM","0000-00","0","no battery","V","215852","µV","96196","µV"
"08/11/2024","12:05:47","2","default","203499907","Sensor2","49.958","min","225.452","μmol/L","Humid","23.101","deg","95797","µV","18.540","°C","985.000","hPa","35.0","pmil","0","51.462","deg","22.621","°C","100.000","%a.s.","22.257","deg","22.682","°C","985.000","hPa","0.861","-0.02056","0.00035","-0.00011","0","14.7","Humid","28.35","0","65.20","249232.36","SABD0002000014","AAV2.0.0.13","4.0.0.2353","PSt7-10","000000-000","8/7/2024 3:37:09 PM","0000-00","0","no battery","V","215852","µV","96196","µV"
"08/11/2024","12:05:48","2","default","203499907","Sensor2","49.975","min","225.436","μmol/L","Humid","23.104","deg","95802","µV","18.534","°C","985.000","hPa","35.0","pmil","0","51.462","deg","22.621","°C","100.000","%a.s.","22.257","deg","22.682","°C","985.000","hPa","0.861","-0.02056","0.00035","-0.00011","0","14.7","Humid","28.35","0","65.20","249224.96","SABD0002000014","AAV2.0.0.13","4.0.0.2353","PSt7-10","000000-000","8/7/2024 3:37:09 PM","0000-00","0","no battery","V","215852","µV","96196","µV"
"08/11/2024","12:05:49","2","default","203499907","Sensor2","49.992","min","225.411","μmol/L","Humid","23.103","deg","95806","µV","18.540","°C","985.000","hPa","35.0","pmil","0","51.462","deg","22.621","°C","100.000","%a.s.","22.257","deg","22.682","°C","985.000","hPa","0.861","-0.02056","0.00035","-0.00011","0","14.7","Humid","28.35","0","65.20","249237.74","SABD0002000014","AAV2.0.0.13","4.0.0.2353","PSt7-10","000000-000","8/7/2024 3:37:09 PM","0000-00","0","no battery","V","215852","µV","96196","µV"
"08/11/2024","12:05:50","2","default","203499907","Sensor2","50.008","min","225.411","μmol/L","Humid","23.103","deg","95800","µV","18.540","°C","985.000","hPa","35.0","pmil","0","51.462","deg","22.621","°C","100.000","%a.s.","22.257","deg","22.682","°C","985.000","hPa","0.861","-0.02056","0.00035","-0.00011","0","14.7","Humid","28.35","0","65.20","249219.70","SABD0002000014","AAV2.0.0.13","4.0.0.2353","PSt7-10","000000-000","8/7/2024 3:37:09 PM","0000-00","0","no battery","V","215852","µV","96196","µV"
"08/11/2024","12:05:51","2","default","203499907","Sensor2","50.025","min","225.512","μmol/L","Humid","23.098","deg","95804","µV","18.540","°C","985.000","hPa","35.0","pmil","0","51.462","deg","22.621","°C","100.000","%a.s.","22.257","deg","22.682","°C","985.000","hPa","0.861","-0.02056","0.00035","-0.00011","0","14.7","Humid","28.35","0","65.20","249226.42","SABD0002000014","AAV2.0.0.13","4.0.0.2353","PSt7-10","000000-000","8/7/2024 3:37:09 PM","0000-00","0","no battery","V","215852","µV","96196","µV"
"08/11/2024","12:05:52","2","default","203499907","Sensor2","50.041","min","225.416","μmol/L","Humid","23.105","deg","95805","µV","18.534","°C","985.000","hPa","35.0","pmil","0","51.462","deg","22.621","°C","100.000","%a.s.","22.257","deg","22.682","°C","985.000","hPa","0.861","-0.02056","0.00035","-0.00011","0","14.7","Humid","28.35","0","65.20","249233.20","SABD0002000014","AAV2.0.0.13","4.0.0.2353","PSt7-10","000000-000","8/7/2024 3:37:09 PM","0000-00","0","no battery","V","215852","µV","96196","µV"
"08/11/2024","12:05:53","2","default","203499907","Sensor2","50.058","min","225.436","μmol/L","Humid","23.104","deg","95808","µV","18.534","°C","985.000","hPa","35.0","pmil","0","51.462","deg","22.621","°C","100.000","%a.s.","22.257","deg","22.682","°C","985.000","hPa","0.861","-0.02056","0.00035","-0.00011","0","14.7","Humid","28.35","0","65.20","249220.66","SABD0002000014","AAV2.0.0.13","4.0.0.2353","PSt7-10","000000-000","8/7/2024 3:37:09 PM","0000-00","0","no battery","V","215852","µV","96196","µV"
"08/11/2024","12:05:54","2","default","203499907","Sensor2","50.074","min","225.371","μmol/L","Humid","23.105","deg","95810","µV","18.540","°C","985.000","hPa","35.0","pmil","0","51.462","deg","22.621","°C","100.000","%a.s.","22.257","deg","22.682","°C","985.000","hPa","0.861","-0.02056","0.00035","-0.00011","0","14.7","Humid","28.35","0","65.20","249229.14","SABD0002000014","AAV2.0.0.13","4.0.0.2353","PSt7-10","000000-000","8/7/2024 3:37:09 PM","0000-00","0","no battery","V","215852","µV","96196","µV"
"08/11/2024","12:05:55","2","default","203499907","Sensor2","50.091","min","225.351","μmol/L","Humid","23.106","deg","95809","µV","18.540","°C","985.000","hPa","35.0","pmil","0","51.462","deg","22.621","°C","100.000","%a.s.","22.257","deg","22.682","°C","985.000","hPa","0.861","-0.02056","0.00035","-0.00011","0","14.7","Humid","28.35","0","65.20","249225.45","SABD0002000014","AAV2.0.0.13","4.0.0.2353","PSt7-10","000000-000","8/7/2024 3:37:09 PM","0000-00","0","no battery","V","215852","µV","96196","µV"
"08/11/2024","12:05:56","2","default","203499907","Sensor2","50.108","min","225.391","μmol/L","Humid","23.104","deg","95816","µV","18.540","°C","985.000","hPa","35.0","pmil","0","51.462","deg","22.621","°C","100.000","%a.s.","22.257","deg","22.682","°C","985.000","hPa","0.861","-0.02056","0.00035","-0.00011","0","14.7","Humid","28.35","0","65.20","249230.75","SABD0002000014","AAV2.0.0.13","4.0.0.2353","PSt7-10","000000-000","8/7/2024 3:37:09 PM","0000-00","0","no battery","V","215852","µV","96196","µV"
"08/11/2024","12:05:57","2","default","203499907","Sensor2","50.125","min","225.351","μmol/L","Humid","23.106","deg","95817","µV","18.540","°C","985.000","hPa","35.0","pmil","0","51.462","deg","22.621","°C","100.000","%a.s.","22.257","deg","22.682","°C","985.000","hPa","0.861","-0.02056","0.00035","-0.00011","0","14.7","Humid","28.35","0","65.20","249229.93","SABD0002000014","AAV2.0.0.13","4.0.0.2353","PSt7-10","000000-000","8/7/2024 3:37:09 PM","0000-00","0","no battery","V","215852","µV","96196","µV"
"08/11/2024","12:05:58","2","default","203499907","Sensor2","50.141","min","225.436","μmol/L","Humid","23.104","deg","95817","µV","18.534","°C","985.000","hPa","35.0","pmil","0","51.462","deg","22.621","°C","100.000","%a.s.","22.257","deg","22.682","°C","985.000","hPa","0.861","-0.02056","0.00035","-0.00011","0","14.7","Humid","28.35","0","65.20","249214.86","SABD0002000014","AAV2.0.0.13","4.0.0.2353","PSt7-10","000000-000","8/7/2024 3:37:09 PM","0000-00","0","no battery","V","215852","µV","96196","µV"
"08/11/2024","12:05:59","2","default","203499907","Sensor2","50.158","min","225.376","μmol/L","Humid","23.107","deg","95817","µV","18.534","°C","985.000","hPa","35.0","pmil","0","51.462","deg","22.621","°C","100.000","%a.s.","22.257","deg","22.682","°C","985.000","hPa","0.861","-0.02056","0.00035","-0.00011","0","14.7","Humid","28.35","0","65.20","249222.76","SABD0002000014","AAV2.0.0.13","4.0.0.2353","PSt7-10","000000-000","8/7/2024 3:37:09 PM","0000-00","0","no battery","V","215852","µV","96196","µV"
"08/11/2024","12:06:00","2","default","203499907","Sensor2","50.175","min","225.431","μmol/L","Humid","23.102","deg","95817","µV","18.540","°C","985.000","hPa","35.0","pmil","0","51.462","deg","22.621","°C","100.000","%a.s.","22.257","deg","22.682","°C","985.000","hPa","0.861","-0.02056","0.00035","-0.00011","0","14.7","Humid","28.35","0","65.20","249224.91","SABD0002000014","AAV2.0.0.13","4.0.0.2353","PSt7-10","000000-000","8/7/2024 3:37:09 PM","0000-00","0","no battery","V","215852","µV","96196","µV"
"08/11/2024","12:06:01","2","default","203499907","Sensor2","50.192","min","225.396","μmol/L","Humid","23.106","deg","95819","µV","18.534","°C","985.000","hPa","35.0","pmil","0","51.462","deg","22.621","°C","100.000","%a.s.","22.257","deg","22.682","°C","985.000","hPa","0.861","-0.02056","0.00035","-0.00011","0","14.7","Humid","28.35","0","65.20","249228.95","SABD0002000014","AAV2.0.0.13","4.0.0.2353","PSt7-10","000000-000","8/7/2024 3:37:09 PM","0000-00","0","no battery","V","215852","µV","96196","µV"
"08/11/2024","12:06:02","2","default","203499907","Sensor2","50.208","min","225.351","μmol/L","Humid","23.106","deg","95822","µV","18.540","°C","985.000","hPa","35.0","pmil","0","51.462","deg","22.621","°C","100.000","%a.s.","22.257","deg","22.682","°C","985.000","hPa","0.861","-0.02056","0.00035","-0.00011","0","14.7","Humid","28.35","0","65.20","249232.58","SABD0002000014","AAV2.0.0.13","4.0.0.2353","PSt7-10","000000-000","8/7/2024 3:37:09 PM","0000-00","0","no battery","V","215852","µV","96196","µV"
"08/11/2024","12:06:03","2","default","203499907","Sensor2","50.224","min","225.327","μmol/L","Humid","23.105","deg","95824","µV","18.546","°C","985.000","hPa","35.0","pmil","0","51.462","deg","22.621","°C","100.000","%a.s.","22.257","deg","22.682","°C","985.000","hPa","0.861","-0.02056","0.00035","-0.00011","0","14.7","Humid","28.35","0","65.20","249212.98","SABD0002000014","AAV2.0.0.13","4.0.0.2353","PSt7-10","000000-000","8/7/2024 3:37:09 PM","0000-00","0","no battery","V","215852","µV","96196","µV"
"08/11/2024","12:06:04","2","default","203499907","Sensor2","50.241","min","225.351","μmol/L","Humid","23.106","deg","95830","µV","18.540","°C","985.000","hPa","35.0","pmil","0","51.462","deg","22.621","°C","100.000","%a.s.","22.257","deg","22.682","°C","985.000","hPa","0.861","-0.02056","0.00035","-0.00011","0","14.7","Humid","28.35","0","65.20","249224.80","SABD0002000014","AAV2.0.0.13","4.0.0.2353","PSt7-10","000000-000","8/7/2024 3:37:09 PM","0000-00","0","no battery","V","215852","µV","96196","µV"
"08/11/2024","12:06:05","2","default","203499907","Sensor2","50.258","min","225.231","μmol/L","Humid","23.112","deg","95834","µV","18.540","°C","985.000","hPa","35.0","pmil","0","51.462","deg","22.621","°C","100.000","%a.s.","22.257","deg","22.682","°C","985.000","hPa","0.861","-0.02056","0.00035","-0.00011","0","14.7","Humid","28.35","0","65.20","249232.99","SABD0002000014","AAV2.0.0.13","4.0.0.2353","PSt7-10","000000-000","8/7/2024 3:37:09 PM","0000-00","0","no battery","V","215852","µV","96196","µV"
"08/11/2024","12:06:06","2","default","203499907","Sensor2","50.275","min","225.436","μmol/L","Humid","23.104","deg","95828","µV","18.534","°C","985.000","hPa","35.0","pmil","0","51.462","deg","22.621","°C","100.000","%a.s.","22.257","deg","22.682","°C","985.000","hPa","0.861","-0.02056","0.00035","-0.00011","0","14.7","Humid","28.35","0","65.20","249230.37","SABD0002000014","AAV2.0.0.13","4.0.0.2353","PSt7-10","000000-000","8/7/2024 3:37:09 PM","0000-00","0","no battery","V","215852","µV","96196","µV"
"08/11/2024","12:06:07","2","default","203499907","Sensor2","50.291","min","225.251","μmol/L","Humid","23.111","deg","95830","µV","18.540","°C","985.000","hPa","35.0","pmil","0","51.462","deg","22.621","°C","100.000","%a.s.","22.257","deg","22.682","°C","985.000","hPa","0.861","-0.02056","0.00035","-0.00011","0","14.7","Humid","28.35","0","65.20","249211.60","SABD0002000014","AAV2.0.0.13","4.0.0.2353","PSt7-10","000000-000","8/7/2024 3:37:09 PM","0000-00","0","no battery","V","215852","µV","96196","µV"
"08/11/2024","12:06:08","2","default","203499907","Sensor2","50.308","min","225.315","μmol/L","Humid","23.110","deg","95829","µV","18.534","°C","985.000","hPa","35.0","pmil","0","51.462","deg","22.621","°C","100.000","%a.s.","22.257","deg","22.682","°C","985.000","hPa","0.861","-0.02056","0.00035","-0.00011","0","14.7","Humid","28.35","0","65.20","249213.35","SABD0002000014","AAV2.0.0.13","4.0.0.2353","PSt7-10","000000-000","8/7/2024 3:37:09 PM","0000-00","0","no battery","V","215852","µV","96196","µV"
"08/11/2024","12:06:09","2","default","203499907","Sensor2","50.325","min","225.371","μmol/L","Humid","23.105","deg","95839","µV","18.540","°C","985.000","hPa","35.0","pmil","0","51.462","deg","22.621","°C","100.000","%a.s.","22.257","deg","22.682","°C","985.000","hPa","0.861","-0.02056","0.00035","-0.00011","0","14.7","Humid","28.35","0","65.20","249216.51","SABD0002000014","AAV2.0.0.13","4.0.0.2353","PSt7-10","000000-000","8/7/2024 3:37:09 PM","0000-00","0","no battery","V","215852","µV","96196","µV"
"08/11/2024","12:06:10","2","default","203499907","Sensor2","50.342","min","225.371","μmol/L","Humid","23.105","deg","95839","µV","18.540","°C","985.000","hPa","35.0","pmil","0","51.462","deg","22.621","°C","100.000","%a.s.","22.257","deg","22.682","°C","985.000","hPa","0.861","-0.02056","0.00035","-0.00011","0","14.7","Humid","28.35","0","65.20","249212.41","SABD0002000014","AAV2.0.0.13","4.0.0.2353","PSt7-10","000000-000","8/7/2024 3:37:09 PM","0000-00","0","no battery","V","215852","µV","96196","µV"
"08/11/2024","12:06:11","2","default","203499907","Sensor2","50.358","min","225.396","μmol/L","Humid","23.106","deg","95835","µV","18.534","°C","985.000","hPa","35.0","pmil","0","51.462","deg","22.621","°C","100.000","%a.s.","22.257","deg","22.682","°C","985.000","hPa","0.861","-0.02056","0.00035","-0.00011","0","14.7","Humid","28.35","0","65.20","249217.61","SABD0002000014","AAV2.0.0.13","4.0.0.2353","PSt7-10","000000-000","8/7/2024 3:37:09 PM","0000-00","0","no battery","V","215852","µV","96196","µV"
"08/11/2024","12:06:12","2","default","203499907","Sensor2","50.375","min","225.271","μmol/L","Humid","23.110","deg","95838","µV","18.540","°C","985.000","hPa","35.0","pmil","0","51.462","deg","22.621","°C","100.000","%a.s.","22.257","deg","22.682","°C","985.000","hPa","0.861","-0.02056","0.00035","-0.00011","0","14.7","Humid","28.35","0","65.20","249223.60","SABD0002000014","AAV2.0.0.13","4.0.0.2353","PSt7-10","000000-000","8/7/2024 3:37:09 PM","0000-00","0","no battery","V","215852","µV","96196","µV"
"08/11/2024","12:06:13","2","default","203499907","Sensor2","50.391","min","225.291","μmol/L","Humid","23.109","deg","95843","µV","18.540","°C","985.000","hPa","35.0","pmil","0","51.462","deg","22.621","°C","100.000","%a.s.","22.257","deg","22.682","°C","985.000","hPa","0.861","-0.02056","0.00035","-0.00011","0","14.7","Humid","28.35","0","65.20","249230.31","SABD0002000014","AAV2.0.0.13","4.0.0.2353","PSt7-10","000000-000","8/7/2024 3:37:09 PM","0000-00","0","no battery","V","215852","µV","96196","µV"
"08/11/2024","12:06:14","2","default","203499907","Sensor2","50.408","min","225.315","μmol/L","Humid","23.110","deg","95845","µV","18.534","°C","985.000","hPa","35.0","pmil","0","51.462","deg","22.621","°C","100.000","%a.s.","22.257","deg","22.682","°C","985.000","hPa","0.861","-0.02056","0.00035","-0.00011","0","14.7","Humid","28.35","0","65.20","249228.01","SABD0002000014","AAV2.0.0.13","4.0.0.2353","PSt7-10","000000-000","8/7/2024 3:37:09 PM","0000-00","0","no battery","V","215852","µV","96196","µV"
"08/11/2024","12:06:15","2","default","203499907","Sensor2","50.425","min","225.207","μmol/L","Humid","23.111","deg","95849","µV","18.546","°C","985.000","hPa","35.0","pmil","0","51.462","deg","22.621","°C","100.000","%a.s.","22.257","deg","22.682","°C","985.000","hPa","0.861","-0.02056","0.00035","-0.00011","0","14.7","Humid","28.35","0","65.20","249230.08","SABD0002000014","AAV2.0.0.13","4.0.0.2353","PSt7-10","000000-000","8/7/2024 3:37:09 PM","0000-00","0","no battery","V","215852","µV","96196","µV"
"08/11/2024","12:06:16","2","default","203499907","Sensor2","50.441","min","225.151","μmol/L","Humid","23.116","deg","95845","µV","18.540","°C","985.000","hPa","35.0","pmil","0","51.462","deg","22.621","°C","100.000","%a.s.","22.257","deg","22.682","°C","985.000","hPa","0.861","-0.02056","0.00035","-0.00011","0","14.7","Humid","28.35","0","65.20","249213.10","SABD0002000014","AAV2.0.0.13","4.0.0.2353","PSt7-10","000000-000","8/7/2024 3:37:09 PM","0000-00","0","no battery","V","215852","µV","96196","µV"
"08/11/2024","12:06:17","2","default","203499907","Sensor2","50.458","min","225.255","μmol/L","Humid","23.113","deg","95850","µV","18.534","°C","985.000","hPa","35.0","pmil","0","51.462","deg","22.621","°C","100.000","%a.s.","22.257","deg","22.682","°C","985.000","hPa","0.861","-0.02056","0.00035","-0.00011","0","14.7","Humid","28.35","0","65.20","249218.97","SABD0002000014","AAV2.0.0.13","4.0.0.2353","PSt7-10","000000-000","8/7/2024 3:37:09 PM","0000-00","0","no battery","V","215852","µV","96196","µV"
"08/11/2024","12:06:18","2","default","203499907","Sensor2","50.475","min","225.251","μmol/L","Humid","23.111","deg","95853","µV","18.540","°C","985.000","hPa","35.0","pmil","0","51.462","deg","22.621","°C","100.000","%a.s.","22.257","deg","22.682","°C","985.000","hPa","0.861","-0.02056","0.00035","-0.00011","0","14.7","Humid","28.35","0","65.20","249219.98","SABD0002000014","AAV2.0.0.13","4.0.0.2353","PSt7-10","000000-000","8/7/2024 3:37:09 PM","0000-00","0","no battery","V","215852","µV","96196","µV"
"08/11/2024","12:06:19","2","default","203499907","Sensor2","50.492","min","225.255","μmol/L","Humid","23.113","deg","95847","µV","18.534","°C","985.000","hPa","35.0","pmil","0","51.462","deg","22.621","°C","100.000","%a.s.","22.257","deg","22.682","°C","985.000","hPa","0.861","-0.02056","0.00035","-0.00011","0","14.7","Humid","28.35","0","65.20","249223.02","SABD0002000014","AAV2.0.0.13","4.0.0.2353","PSt7-10","000000-000","8/7/2024 3:37:09 PM","0000-00","0","no battery","V","215852","µV","96196","µV"
"08/11/2024","12:06:20","2","default","203499907","Sensor2","50.508","min","225.231","μmol/L","Humid","23.112","deg","95849","µV","18.540","°C","985.000","hPa","35.0","pmil","0","51.462","deg","22.621","°C","100.000","%a.s.","22.257","deg","22.682","°C","985.000","hPa","0.861","-0.02056","0.00035","-0.00011","0","14.7","Humid","28.35","0","65.20","249226.18","SABD0002000014","AAV2.0.0.13","4.0.0.2353","PSt7-10","000000-000","8/7/2024 3:37:09 PM","0000-00","0","no battery","V","215852","µV","96196","µV"
"08/11/2024","12:06:21","2","default","203499907","Sensor2","50.525","min","225.231","μmol/L","Humid","23.112","deg","95856","µV","18.540","°C","985.000","hPa","35.0","pmil","0","51.462","deg","22.621","°C","100.000","%a.s.","22.257","deg","22.682","°C","985.000","hPa","0.861","-0.02056","0.00035","-0.00011","0","14.7","Humid","28.35","0","65.20","249221.80","SABD0002000014","AAV2.0.0.13","4.0.0.2353","PSt7-10","000000-000","8/7/2024 3:37:09 PM","0000-00","0","no battery","V","215852","µV","96196","µV"
"08/11/2024","12:06:22","2","default","203499907","Sensor2","50.541","min","225.231","μmol/L","Humid","23.112","deg","95855","µV","18.540","°C","985.000","hPa","35.0","pmil","0","51.462","deg","22.621","°C","100.000","%a.s.","22.257","deg","22.682","°C","985.000","hPa","0.861","-0.02056","0.00035","-0.00011","0","14.7","Humid","28.35","0","65.20","249223.59","SABD0002000014","AAV2.0.0.13","4.0.0.2353","PSt7-10","000000-000","8/7/2024 3:37:09 PM","0000-00","0","no battery","V","215852","µV","96196","µV"
"08/11/2024","12:06:23","2","default","203499907","Sensor2","50.558","min","225.191","μmol/L","Humid","23.114","deg","95852","µV","18.540","°C","985.000","hPa","35.0","pmil","0","51.462","deg","22.621","°C","100.000","%a.s.","22.257","deg","22.682","°C","985.000","hPa","0.861","-0.02056","0.00035","-0.00011","0","14.7","Humid","28.35","0","65.20","249216.57","SABD0002000014","AAV2.0.0.13","4.0.0.2353","PSt7-10","000000-000","8/7/2024 3:37:09 PM","0000-00","0","no battery","V","215852","µV","96196","µV"
"08/11/2024","12:06:24","2","default","203499907","Sensor2","50.574","min","225.211","μmol/L","Humid","23.113","deg","95847","µV","18.540","°C","985.000","hPa","35.0","pmil","0","51.462","deg","22.621","°C","100.000","%a.s.","22.257","deg","22.682","°C","985.000","hPa","0.861","-0.02056","0.00035","-0.00011","0","14.7","Humid","28.35","0","65.20","249224.98","SABD0002000014","AAV2.0.0.13","4.0.0.2353","PSt7-10","000000-000","8/7/2024 3:37:09 PM","0000-00","0","no battery","V","215852","µV","96196","µV"
"08/11/2024","12:06:25","2","default","203499907","Sensor2","50.591","min","225.211","μmol/L","Humid","23.113","deg","95849","µV","18.540","°C","985.000","hPa","35.0","pmil","0","51.462","deg","22.621","°C","100.000","%a.s.","22.257","deg","22.682","°C","985.000","hPa","0.861","-0.02056","0.00035","-0.00011","0","14.7","Humid","28.35","0","65.20","249215.14","SABD0002000014","AAV2.0.0.13","4.0.0.2353","PSt7-10","000000-000","8/7/2024 3:37:09 PM","0000-00","0","no battery","V","215852","µV","96196","µV"
"08/11/2024","12:06:26","2","default","203499907","Sensor2","50.608","min","225.235","μmol/L","Humid","23.114","deg","95848","µV","18.534","°C","985.000","hPa","35.0","pmil","0","51.462","deg","22.621","°C","100.000","%a.s.","22.257","deg","22.682","°C","985.000","hPa","0.861","-0.02056","0.00035","-0.00011","0","14.7","Humid","28.35","0","65.20","249216.69","SABD0002000014","AAV2.0.0.13","4.0.0.2353","PSt7-10","000000-000","8/7/2024 3:37:09 PM","0000-00","0","no battery","V","215852","µV","96196","µV"
"08/11/2024","12:06:27","2","default","203499907","Sensor2","50.625","min","225.195","μmol/L","Humid","23.116","deg","95856","µV","18.534","°C","985.000","hPa","35.0","pmil","0","51.462","deg","22.621","°C","100.000","%a.s.","22.257","deg","22.682","°C","985.000","hPa","0.861","-0.02056","0.00035","-0.00011","0","14.7","Humid","28.35","0","65.20","249220.41","SABD0002000014","AAV2.0.0.13","4.0.0.2353","PSt7-10","000000-000","8/7/2024 3:37:09 PM","0000-00","0","no battery","V","215852","µV","96196","µV"
"08/11/2024","12:06:28","2","default","203499907","Sensor2","50.641","min","225.171","μmol/L","Humid","23.115","deg","95855","µV","18.540","°C","985.000","hPa","35.0","pmil","0","51.462","deg","22.621","°C","100.000","%a.s.","22.257","deg","22.682","°C","985.000","hPa","0.861","-0.02056","0.00035","-0.00011","0","14.7","Humid","28.35","0","65.20","249208.12","SABD0002000014","AAV2.0.0.13","4.0.0.2353","PSt7-10","000000-000","8/7/2024 3:37:09 PM","0000-00","0","no battery","V","215852","µV","96196","µV"
"08/11/2024","12:06:29","2","default","203499907","Sensor2","50.658","min","225.215","μmol/L","Humid","23.115","deg","95855","µV","18.534","°C","985.000","hPa","35.0","pmil","0","51.462","deg","22.621","°C","100.000","%a.s.","22.257","deg","22.682","°C","985.000","hPa","0.861","-0.02056","0.00035","-0.00011","0","14.7","Humid","28.35","0","65.20","249213.20","SABD0002000014","AAV2.0.0.13","4.0.0.2353","PSt7-10","000000-000","8/7/2024 3:37:09 PM","0000-00","0","no battery","V","215852","µV","96196","µV"
"08/11/2024","12:06:30","2","default","203499907","Sensor2","50.675","min","225.171","μmol/L","Humid","23.115","deg","95861","µV","18.540","°C","985.000","hPa","35.0","pmil","0","51.462","deg","22.621","°C","100.000","%a.s.","22.257","deg","22.682","°C","985.000","hPa","0.861","-0.02056","0.00035","-0.00011","0","14.7","Humid","28.35","0","65.20","249216.31","SABD0002000014","AAV2.0.0.13","4.0.0.2353","PSt7-10","000000-000","8/7/2024 3:37:09 PM","0000-00","0","no battery","V","215852","µV","96196","µV"
"08/11/2024","12:06:31","2","default","203499907","Sensor2","50.692","min","225.062","μmol/L","Humid","23.116","deg","95871","µV","18.552","°C","985.000","hPa","35.0","pmil","0","51.462","deg","22.621","°C","100.000","%a.s.","22.257","deg","22.682","°C","985.000","hPa","0.861","-0.02056","0.00035","-0.00011","0","14.7","Humid","28.35","0","65.20","249228.50","SABD0002000014","AAV2.0.0.13","4.0.0.2353","PSt7-10","000000-000","8/7/2024 3:37:09 PM","0000-00","0","no battery","V","215852","µV","96196","µV"
"08/11/2024","12:06:32","2","default","203499907","Sensor2","50.708","min","225.131","μmol/L","Humid","23.117","deg","95865","µV","18.540","°C","985.000","hPa","35.0","pmil","0","51.462","deg","22.621","°C","100.000","%a.s.","22.257","deg","22.682","°C","985.000","hPa","0.861","-0.02056","0.00035","-0.00011","0","14.7","Humid","28.35","0","65.20","249227.45","SABD0002000014","AAV2.0.0.13","4.0.0.2353","PSt7-10","000000-000","8/7/2024 3:37:09 PM","0000-00","0","no battery","V","215852","µV","96196","µV"
"08/11/2024","12:06:33","2","default","203499907","Sensor2","50.725","min","225.215","μmol/L","Humid","23.115","deg","95866","µV","18.534","°C","985.000","hPa","35.0","pmil","0","51.462","deg","22.621","°C","100.000","%a.s.","22.257","deg","22.682","°C","985.000","hPa","0.861","-0.02056","0.00035","-0.00011","0","14.7","Humid","28.35","0","65.20","249221.86","SABD0002000014","AAV2.0.0.13","4.0.0.2353","PSt7-10","000000-000","8/7/2024 3:37:09 PM","0000-00","0","no battery","V","215852","µV","96196","µV"
"08/11/2024","12:06:34","2","default","203499907","Sensor2","50.742","min","225.111","μmol/L","Humid","23.118","deg","95873","µV","18.540","°C","985.000","hPa","35.0","pmil","0","51.462","deg","22.621","°C","100.000","%a.s.","22.257","deg","22.682","°C","985.000","hPa","0.861","-0.02056","0.00035","-0.00011","0","14.7","Humid","28.35","0","65.20","249217.92","SABD0002000014","AAV2.0.0.13","4.0.0.2353","PSt7-10","000000-000","8/7/2024 3:37:09 PM","0000-00","0","no battery","V","215852","µV","96196","µV"
"08/11/2024","12:06:35","2","default","203499907","Sensor2","50.758","min","225.155","μmol/L","Humid","23.118","deg","95873","µV","18.534","°C","985.000","hPa","35.0","pmil","0","51.462","deg","22.621","°C","100.000","%a.s.","22.257","deg","22.682","°C","985.000","hPa","0.861","-0.02056","0.00035","-0.00011","0","14.7","Humid","28.35","0","65.20","249227.47","SABD0002000014","AAV2.0.0.13","4.0.0.2353","PSt7-10","000000-000","8/7/2024 3:37:09 PM","0000-00","0","no battery","V","215852","µV","96196","µV"
"08/11/2024","12:06:36","2","default","203499907","Sensor2","50.774","min","225.091","μmol/L","Humid","23.119","deg","95870","µV","18.540","°C","985.000","hPa","35.0","pmil","0","51.462","deg","22.621","°C","100.000","%a.s.","22.257","deg","22.682","°C","985.000","hPa","0.861","-0.02056","0.00035","-0.00011","0","14.7","Humid","28.35","0","65.20","249218.40","SABD0002000014","AAV2.0.0.13","4.0.0.2353","PSt7-10","000000-000","8/7/2024 3:37:09 PM","0000-00","0","no battery","V","215852","µV","96196","µV"
"08/11/2024","12:06:37","2","default","203499907","Sensor2","50.791","min","225.091","μmol/L","Humid","23.119","deg","95871","µV","18.540","°C","985.000","hPa","35.0","pmil","0","51.462","deg","22.621","°C","100.000","%a.s.","22.257","deg","22.682","°C","985.000","hPa","0.861","-0.02056","0.00035","-0.00011","0","14.7","Humid","28.35","0","65.20","249231.26","SABD0002000014","AAV2.0.0.13","4.0.0.2353","PSt7-10","000000-000","8/7/2024 3:37:09 PM","0000-00","0","no battery","V","215852","µV","96196","µV"
"08/11/2024","12:06:38","2","default","203499907","Sensor2","50.808","min","225.071","μmol/L","Humid","23.120","deg","95875","µV","18.540","°C","985.000","hPa","35.0","pmil","0","51.462","deg","22.621","°C","100.000","%a.s.","22.257","deg","22.682","°C","985.000","hPa","0.861","-0.02056","0.00035","-0.00011","0","14.7","Humid","28.35","0","65.20","249229.76","SABD0002000014","AAV2.0.0.13","4.0.0.2353","PSt7-10","000000-000","8/7/2024 3:37:09 PM","0000-00","0","no battery","V","215852","µV","96196","µV"
"08/11/2024","12:06:39","2","default","203499907","Sensor2","50.825","min","225.111","μmol/L","Humid","23.118","deg","95875","µV","18.540","°C","985.000","hPa","35.0","pmil","0","51.462","deg","22.621","°C","100.000","%a.s.","22.257","deg","22.682","°C","985.000","hPa","0.861","-0.02056","0.00035","-0.00011","0","14.7","Humid","28.35","0","65.20","249204.91","SABD0002000014","AAV2.0.0.13","4.0.0.2353","PSt7-10","000000-000","8/7/2024 3:37:09 PM","0000-00","0","no battery","V","215852","µV","96196","µV"
"08/11/2024","12:06:40","2","default","203499907","Sensor2","50.841","min","225.066","μmol/L","Humid","23.118","deg","95879","µV","18.546","°C","985.000","hPa","35.0","pmil","0","51.462","deg","22.621","°C","100.000","%a.s.","22.257","deg","22.682","°C","985.000","hPa","0.861","-0.02056","0.00035","-0.00011","0","14.7","Humid","28.35","0","65.20","249224.30","SABD0002000014","AAV2.0.0.13","4.0.0.2353","PSt7-10","000000-000","8/7/2024 3:37:09 PM","0000-00","0","no battery","V","215852","µV","96196","µV"
"08/11/2024","12:06:41","2","default","203499907","Sensor2","50.858","min","225.006","μmol/L","Humid","23.121","deg","95885","µV","18.546","°C","985.000","hPa","35.0","pmil","0","51.462","deg","22.621","°C","100.000","%a.s.","22.257","deg","22.682","°C","985.000","hPa","0.861","-0.02056","0.00035","-0.00011","0","14.7","Humid","28.35","0","65.20","249225.61","SABD0002000014","AAV2.0.0.13","4.0.0.2353","PSt7-10","000000-000","8/7/2024 3:37:09 PM","0000-00","0","no battery","V","215852","µV","96196","µV"
"08/11/2024","12:06:42","2","default","203499907","Sensor2","50.875","min","225.111","μmol/L","Humid","23.118","deg","95883","µV","18.540","°C","985.000","hPa","35.0","pmil","0","51.462","deg","22.621","°C","100.000","%a.s.","22.257","deg","22.682","°C","985.000","hPa","0.861","-0.02056","0.00035","-0.00011","0","14.7","Humid","28.35","0","65.20","249218.67","SABD0002000014","AAV2.0.0.13","4.0.0.2353","PSt7-10","000000-000","8/7/2024 3:37:09 PM","0000-00","0","no battery","V","215852","µV","96196","µV"
"08/11/2024","12:06:43","2","default","203499907","Sensor2","50.892","min","225.051","μmol/L","Humid","23.121","deg","95879","µV","18.540","°C","985.000","hPa","35.0","pmil","0","51.462","deg","22.621","°C","100.000","%a.s.","22.257","deg","22.682","°C","985.000","hPa","0.861","-0.02056","0.00035","-0.00011","0","14.7","Humid","28.35","0","65.20","249228.28","SABD0002000014","AAV2.0.0.13","4.0.0.2353","PSt7-10","000000-000","8/7/2024 3:37:09 PM","0000-00","0","no battery","V","215852","µV","96196","µV"
"08/11/2024","12:06:44","2","default","203499907","Sensor2","50.908","min","225.115","μmol/L","Humid","23.120","deg","95888","µV","18.534","°C","985.000","hPa","35.0","pmil","0","51.462","deg","22.621","°C","100.000","%a.s.","22.257","deg","22.682","°C","985.000","hPa","0.861","-0.02056","0.00035","-0.00011","0","14.7","Humid","28.35","0","65.20","249223.70","SABD0002000014","AAV2.0.0.13","4.0.0.2353","PSt7-10","000000-000","8/7/2024 3:37:09 PM","0000-00","0","no battery","V","215852","µV","96196","µV"
"08/11/2024","12:06:45","2","default","203499907","Sensor2","50.925","min","225.066","μmol/L","Humid","23.118","deg","95897","µV","18.546","°C","985.000","hPa","35.0","pmil","0","51.462","deg","22.621","°C","100.000","%a.s.","22.257","deg","22.682","°C","985.000","hPa","0.861","-0.02056","0.00035","-0.00011","0","14.7","Humid","28.35","0","65.20","249225.80","SABD0002000014","AAV2.0.0.13","4.0.0.2353","PSt7-10","000000-000","8/7/2024 3:37:09 PM","0000-00","0","no battery","V","215852","µV","96196","µV"
"08/11/2024","12:06:46","2","default","203499907","Sensor2","50.941","min","225.091","μmol/L","Humid","23.119","deg","95884","µV","18.540","°C","985.000","hPa","35.0","pmil","0","51.462","deg","22.621","°C","100.000","%a.s.","22.257","deg","22.682","°C","985.000","hPa","0.861","-0.02056","0.00035","-0.00011","0","14.7","Humid","28.35","0","65.20","249228.42","SABD0002000014","AAV2.0.0.13","4.0.0.2353","PSt7-10","000000-000","8/7/2024 3:37:09 PM","0000-00","0","no battery","V","215852","µV","96196","µV"
"08/11/2024","12:06:47","2","default","203499907","Sensor2","50.958","min","225.055","μmol/L","Humid","23.123","deg","95890","µV","18.534","°C","985.000","hPa","35.0","pmil","0","51.462","deg","22.621","°C","100.000","%a.s.","22.257","deg","22.682","°C","985.000","hPa","0.861","-0.02056","0.00035","-0.00011","0","14.7","Humid","28.35","0","65.20","249216.80","SABD0002000014","AAV2.0.0.13","4.0.0.2353","PSt7-10","000000-000","8/7/2024 3:37:09 PM","0000-00","0","no battery","V","215852","µV","96196","µV"
"08/11/2024","12:06:48","2","default","203499907","Sensor2","50.974","min","225.031","μmol/L","Humid","23.122","deg","95895","µV","18.540","°C","985.000","hPa","35.0","pmil","0","51.462","deg","22.621","°C","100.000","%a.s.","22.257","deg","22.682","°C","985.000","hPa","0.861","-0.02056","0.00035","-0.00011","0","14.7","Humid","28.35","0","65.20","249223.30","SABD0002000014","AAV2.0.0.13","4.0.0.2353","PSt7-10","000000-000","8/7/2024 3:37:09 PM","0000-00","0","no battery","V","215852","µV","96196","µV"
"08/11/2024","12:06:49","2","default","203499907","Sensor2","50.991","min","225.011","μmol/L","Humid","23.123","deg","95894","µV","18.540","°C","985.000","hPa","35.0","pmil","0","51.462","deg","22.621","°C","100.000","%a.s.","22.257","deg","22.682","°C","985.000","hPa","0.861","-0.02056","0.00035","-0.00011","0","14.7","Humid","28.35","0","65.20","249217.89","SABD0002000014","AAV2.0.0.13","4.0.0.2353","PSt7-10","000000-000","8/7/2024 3:37:09 PM","0000-00","0","no battery","V","215852","µV","96196","µV"
"08/11/2024","12:06:50","2","default","203499907","Sensor2","51.008","min","224.990","μmol/L","Humid","23.124","deg","95896","µV","18.540","°C","985.000","hPa","35.0","pmil","0","51.462","deg","22.621","°C","100.000","%a.s.","22.257","deg","22.682","°C","985.000","hPa","0.861","-0.02056","0.00035","-0.00011","0","14.7","Humid","28.35","0","65.20","249217.24","SABD0002000014","AAV2.0.0.13","4.0.0.2353","PSt7-10","000000-000","8/7/2024 3:37:09 PM","0000-00","0","no battery","V","215852","µV","96196","µV"
"08/11/2024","12:06:51","2","default","203499907","Sensor2","51.025","min","225.011","μmol/L","Humid","23.123","deg","95894","µV","18.540","°C","985.000","hPa","35.0","pmil","0","51.462","deg","22.621","°C","100.000","%a.s.","22.257","deg","22.682","°C","985.000","hPa","0.861","-0.02056","0.00035","-0.00011","0","14.7","Humid","28.35","0","65.20","249228.88","SABD0002000014","AAV2.0.0.13","4.0.0.2353","PSt7-10","000000-000","8/7/2024 3:37:09 PM","0000-00","0","no battery","V","215852","µV","96196","µV"
"08/11/2024","12:06:52","2","default","203499907","Sensor2","51.041","min","225.035","μmol/L","Humid","23.124","deg","95897","µV","18.534","°C","985.000","hPa","35.0","pmil","0","51.462","deg","22.621","°C","100.000","%a.s.","22.257","deg","22.682","°C","985.000","hPa","0.861","-0.02056","0.00035","-0.00011","0","14.7","Humid","28.35","0","65.20","249226.89","SABD0002000014","AAV2.0.0.13","4.0.0.2353","PSt7-10","000000-000","8/7/2024 3:37:09 PM","0000-00","0","no battery","V","215852","µV","96196","µV"
"08/11/2024","12:06:53","2","default","203499907","Sensor2","51.058","min","225.046","μmol/L","Humid","23.119","deg","95898","µV","18.546","°C","985.000","hPa","35.0","pmil","0","51.462","deg","22.621","°C","100.000","%a.s.","22.257","deg","22.682","°C","985.000","hPa","0.861","-0.02056","0.00035","-0.00011","0","14.7","Humid","28.35","0","65.20","249235.64","SABD0002000014","AAV2.0.0.13","4.0.0.2353","PSt7-10","000000-000","8/7/2024 3:37:09 PM","0000-00","0","no battery","V","215852","µV","96196","µV"
"08/11/2024","12:06:54","2","default","203499907","Sensor2","51.075","min","224.986","μmol/L","Humid","23.122","deg","95904","µV","18.546","°C","985.000","hPa","35.0","pmil","0","51.462","deg","22.621","°C","100.000","%a.s.","22.257","deg","22.682","°C","985.000","hPa","0.861","-0.02056","0.00035","-0.00011","0","14.7","Humid","28.35","0","65.20","249230.66","SABD0002000014","AAV2.0.0.13","4.0.0.2353","PSt7-10","000000-000","8/7/2024 3:37:09 PM","0000-00","0","no battery","V","215852","µV","96196","µV"
"08/11/2024","12:06:55","2","default","203499907","Sensor2","51.092","min","224.970","μmol/L","Humid","23.125","deg","95901","µV","18.540","°C","985.000","hPa","35.0","pmil","0","51.462","deg","22.621","°C","100.000","%a.s.","22.257","deg","22.682","°C","985.000","hPa","0.861","-0.02056","0.00035","-0.00011","0","14.7","Humid","28.35","0","65.20","249228.18","SABD0002000014","AAV2.0.0.13","4.0.0.2353","PSt7-10","000000-000","8/7/2024 3:37:09 PM","0000-00","0","no battery","V","215852","µV","96196","µV"
"08/11/2024","12:06:56","2","default","203499907","Sensor2","51.108","min","225.055","μmol/L","Humid","23.123","deg","95890","µV","18.534","°C","985.000","hPa","35.0","pmil","0","51.462","deg","22.621","°C","100.000","%a.s.","22.257","deg","22.682","°C","985.000","hPa","0.861","-0.02056","0.00035","-0.00011","0","14.7","Humid","28.35","0","65.20","249234.04","SABD0002000014","AAV2.0.0.13","4.0.0.2353","PSt7-10","000000-000","8/7/2024 3:37:09 PM","0000-00","0","no battery","V","215852","µV","96196","µV"
"08/11/2024","12:06:57","2","default","203499907","Sensor2","51.125","min","225.055","μmol/L","Humid","23.123","deg","95898","µV","18.534","°C","985.000","hPa","35.0","pmil","0","51.462","deg","22.621","°C","100.000","%a.s.","22.257","deg","22.682","°C","985.000","hPa","0.861","-0.02056","0.00035","-0.00011","0","14.7","Humid","28.35","0","65.20","249227.37","SABD0002000014","AAV2.0.0.13","4.0.0.2353","PSt7-10","000000-000","8/7/2024 3:37:09 PM","0000-00","0","no battery","V","215852","µV","96196","µV"
"08/11/2024","12:06:58","2","default","203499907","Sensor2","51.142","min","224.990","μmol/L","Humid","23.124","deg","95900","µV","18.540","°C","985.000","hPa","35.0","pmil","0","51.462","deg","22.621","°C","100.000","%a.s.","22.257","deg","22.682","°C","985.000","hPa","0.861","-0.02056","0.00035","-0.00011","0","14.7","Humid","28.35","0","65.20","249223.02","SABD0002000014","AAV2.0.0.13","4.0.0.2353","PSt7-10","000000-000","8/7/2024 3:37:09 PM","0000-00","0","no battery","V","215852","µV","96196","µV"
"08/11/2024","12:06:59","2","default","203499907","Sensor2","51.158","min","224.930","μmol/L","Humid","23.127","deg","95905","µV","18.540","°C","985.000","hPa","35.0","pmil","0","51.462","deg","22.621","°C","100.000","%a.s.","22.257","deg","22.682","°C","985.000","hPa","0.861","-0.02056","0.00035","-0.00011","0","14.7","Humid","28.35","0","65.20","249225.72","SABD0002000014","AAV2.0.0.13","4.0.0.2353","PSt7-10","000000-000","8/7/2024 3:37:09 PM","0000-00","0","no battery","V","215852","µV","96196","µV"
"08/11/2024","12:07:00","2","default","203499907","Sensor2","51.174","min","224.950","μmol/L","Humid","23.126","deg","95906","µV","18.540","°C","985.000","hPa","35.0","pmil","0","51.462","deg","22.621","°C","100.000","%a.s.","22.257","deg","22.682","°C","985.000","hPa","0.861","-0.02056","0.00035","-0.00011","0","14.7","Humid","28.35","0","65.20","249222.49","SABD0002000014","AAV2.0.0.13","4.0.0.2353","PSt7-10","000000-000","8/7/2024 3:37:09 PM","0000-00","0","no battery","V","215852","µV","96196","µV"
"08/11/2024","12:07:01","2","default","203499907","Sensor2","51.191","min","224.950","μmol/L","Humid","23.126","deg","95910","µV","18.540","°C","985.000","hPa","35.0","pmil","0","51.462","deg","22.621","°C","100.000","%a.s.","22.257","deg","22.682","°C","985.000","hPa","0.861","-0.02056","0.00035","-0.00011","0","14.7","Humid","28.35","0","65.20","249227.69","SABD0002000014","AAV2.0.0.13","4.0.0.2353","PSt7-10","000000-000","8/7/2024 3:37:09 PM","0000-00","0","no battery","V","215852","µV","96196","µV"
"08/11/2024","12:07:02","2","default","203499907","Sensor2","51.208","min","225.031","μmol/L","Humid","23.122","deg","95901","µV","18.540","°C","985.000","hPa","35.0","pmil","0","51.462","deg","22.621","°C","100.000","%a.s.","22.257","deg","22.682","°C","985.000","hPa","0.861","-0.02056","0.00035","-0.00011","0","14.7","Humid","28.35","0","65.20","249217.32","SABD0002000014","AAV2.0.0.13","4.0.0.2353","PSt7-10","000000-000","8/7/2024 3:37:09 PM","0000-00","0","no battery","V","215852","µV","96196","µV"
"08/11/2024","12:07:03","2","default","203499907","Sensor2","51.225","min","224.950","μmol/L","Humid","23.126","deg","95904","µV","18.540","°C","985.000","hPa","35.0","pmil","0","51.462","deg","22.621","°C","100.000","%a.s.","22.257","deg","22.682","°C","985.000","hPa","0.861","-0.02056","0.00035","-0.00011","0","14.7","Humid","28.35","0","65.20","249215.07","SABD0002000014","AAV2.0.0.13","4.0.0.2353","PSt7-10","000000-000","8/7/2024 3:37:09 PM","0000-00","0","no battery","V","215852","µV","96196","µV"
"08/11/2024","12:07:04","2","default","203499907","Sensor2","51.241","min","224.930","μmol/L","Humid","23.127","deg","95906","µV","18.540","°C","985.000","hPa","35.0","pmil","0","51.462","deg","22.621","°C","100.000","%a.s.","22.257","deg","22.682","°C","985.000","hPa","0.861","-0.02056","0.00035","-0.00011","0","14.7","Humid","28.35","0","65.20","249231.07","SABD0002000014","AAV2.0.0.13","4.0.0.2353","PSt7-10","000000-000","8/7/2024 3:37:09 PM","0000-00","0","no battery","V","215852","µV","96196","µV"
"08/11/2024","12:07:05","2","default","203499907","Sensor2","51.258","min","224.890","μmol/L","Humid","23.129","deg","95911","µV","18.540","°C","985.000","hPa","35.0","pmil","0","51.462","deg","22.621","°C","100.000","%a.s.","22.257","deg","22.682","°C","985.000","hPa","0.861","-0.02056","0.00035","-0.00011","0","14.7","Humid","28.35","0","65.20","249231.39","SABD0002000014","AAV2.0.0.13","4.0.0.2353","PSt7-10","000000-000","8/7/2024 3:37:09 PM","0000-00","0","no battery","V","215852","µV","96196","µV"
"08/11/2024","12:07:06","2","default","203499907","Sensor2","51.275","min","224.926","μmol/L","Humid","23.125","deg","95909","µV","18.546","°C","985.000","hPa","35.0","pmil","0","51.462","deg","22.621","°C","100.000","%a.s.","22.257","deg","22.682","°C","985.000","hPa","0.861","-0.02056","0.00035","-0.00011","0","14.7","Humid","28.35","0","65.20","249237.07","SABD0002000014","AAV2.0.0.13","4.0.0.2353","PSt7-10","000000-000","8/7/2024 3:37:09 PM","0000-00","0","no battery","V","215852","µV","96196","µV"
"08/11/2024","12:07:07","2","default","203499907","Sensor2","51.292","min","224.935","μmol/L","Humid","23.129","deg","95909","µV","18.534","°C","985.000","hPa","35.0","pmil","0","51.462","deg","22.621","°C","100.000","%a.s.","22.257","deg","22.682","°C","985.000","hPa","0.861","-0.02056","0.00035","-0.00011","0","14.7","Humid","28.35","0","65.20","249233.68","SABD0002000014","AAV2.0.0.13","4.0.0.2353","PSt7-10","000000-000","8/7/2024 3:37:09 PM","0000-00","0","no battery","V","215852","µV","96196","µV"
"08/11/2024","12:07:08","2","default","203499907","Sensor2","51.308","min","224.915","μmol/L","Humid","23.130","deg","95911","µV","18.534","°C","985.000","hPa","35.0","pmil","0","51.462","deg","22.621","°C","100.000","%a.s.","22.257","deg","22.682","°C","985.000","hPa","0.861","-0.02056","0.00035","-0.00011","0","14.7","Humid","28.35","0","65.20","249228.73","SABD0002000014","AAV2.0.0.13","4.0.0.2353","PSt7-10","000000-000","8/7/2024 3:37:09 PM","0000-00","0","no battery","V","215852","µV","96196","µV"
"08/11/2024","12:07:09","2","default","203499907","Sensor2","51.325","min","224.970","μmol/L","Humid","23.125","deg","95917","µV","18.540","°C","985.000","hPa","35.0","pmil","0","51.462","deg","22.621","°C","100.000","%a.s.","22.257","deg","22.682","°C","985.000","hPa","0.861","-0.02056","0.00035","-0.00011","0","14.7","Humid","28.35","0","65.20","249232.11","SABD0002000014","AAV2.0.0.13","4.0.0.2353","PSt7-10","000000-000","8/7/2024 3:37:09 PM","0000-00","0","no battery","V","215852","µV","96196","µV"
"08/11/2024","12:07:10","2","default","203499907","Sensor2","51.342","min","224.975","μmol/L","Humid","23.127","deg","95912","µV","18.534","°C","985.000","hPa","35.0","pmil","0","51.462","deg","22.621","°C","100.000","%a.s.","22.257","deg","22.682","°C","985.000","hPa","0.861","-0.02056","0.00035","-0.00011","0","14.7","Humid","28.35","0","65.20","249233.60","SABD0002000014","AAV2.0.0.13","4.0.0.2353","PSt7-10","000000-000","8/7/2024 3:37:09 PM","0000-00","0","no battery","V","215852","µV","96196","µV"
"08/11/2024","12:07:11","2","default","203499907","Sensor2","51.358","min","224.950","μmol/L","Humid","23.126","deg","95908","µV","18.540","°C","985.000","hPa","35.0","pmil","0","51.462","deg","22.621","°C","100.000","%a.s.","22.257","deg","22.682","°C","985.000","hPa","0.861","-0.02056","0.00035","-0.00011","0","14.7","Humid","28.35","0","65.20","249206.30","SABD0002000014","AAV2.0.0.13","4.0.0.2353","PSt7-10","000000-000","8/7/2024 3:37:09 PM","0000-00","0","no battery","V","215852","µV","96196","µV"
"08/11/2024","12:07:12","2","default","203499907","Sensor2","51.375","min","225.015","μmol/L","Humid","23.125","deg","95912","µV","18.534","°C","985.000","hPa","35.0","pmil","0","51.462","deg","22.621","°C","100.000","%a.s.","22.257","deg","22.682","°C","985.000","hPa","0.861","-0.02056","0.00035","-0.00011","0","14.7","Humid","28.35","0","65.20","249222.83","SABD0002000014","AAV2.0.0.13","4.0.0.2353","PSt7-10","000000-000","8/7/2024 3:37:09 PM","0000-00","0","no battery","V","215852","µV","96196","µV"
"08/11/2024","12:07:13","2","default","203499907","Sensor2","51.391","min","225.011","μmol/L","Humid","23.123","deg","95909","µV","18.540","°C","985.000","hPa","35.0","pmil","0","51.462","deg","22.621","°C","100.000","%a.s.","22.257","deg","22.682","°C","985.000","hPa","0.861","-0.02056","0.00035","-0.00011","0","14.7","Humid","28.35","0","65.20","249222.52","SABD0002000014","AAV2.0.0.13","4.0.0.2353","PSt7-10","000000-000","8/7/2024 3:37:09 PM","0000-00","0","no battery","V","215852","µV","96196","µV"
"08/11/2024","12:07:14","2","default","203499907","Sensor2","51.408","min","224.830","μmol/L","Humid","23.132","deg","95909","µV","18.540","°C","985.000","hPa","35.0","pmil","0","51.462","deg","22.621","°C","100.000","%a.s.","22.257","deg","22.682","°C","985.000","hPa","0.861","-0.02056","0.00035","-0.00011","0","14.7","Humid","28.35","0","65.20","249232.24","SABD0002000014","AAV2.0.0.13","4.0.0.2353","PSt7-10","000000-000","8/7/2024 3:37:09 PM","0000-00","0","no battery","V","215852","µV","96196","µV"
"08/11/2024","12:07:15","2","default","203499907","Sensor2","51.425","min","224.822","μmol/L","Humid","23.128","deg","95914","µV","18.552","°C","985.000","hPa","35.0","pmil","0","51.462","deg","22.621","°C","100.000","%a.s.","22.257","deg","22.682","°C","985.000","hPa","0.861","-0.02056","0.00035","-0.00011","0","14.7","Humid","28.35","0","65.20","249216.31","SABD0002000014","AAV2.0.0.13","4.0.0.2353","PSt7-10","000000-000","8/7/2024 3:37:09 PM","0000-00","0","no battery","V","215852","µV","96196","µV"
"08/11/2024","12:07:16","2","default","203499907","Sensor2","51.441","min","224.995","μmol/L","Humid","23.126","deg","95910","µV","18.534","°C","985.000","hPa","35.0","pmil","0","51.462","deg","22.621","°C","100.000","%a.s.","22.257","deg","22.682","°C","985.000","hPa","0.861","-0.02056","0.00035","-0.00011","0","14.7","Humid","28.35","0","65.20","249213.82","SABD0002000014","AAV2.0.0.13","4.0.0.2353","PSt7-10","000000-000","8/7/2024 3:37:09 PM","0000-00","0","no battery","V","215852","µV","96196","µV"
"08/11/2024","12:07:17","2","default","203499907","Sensor2","51.458","min","225.015","μmol/L","Humid","23.125","deg","95908","µV","18.534","°C","985.000","hPa","35.0","pmil","0","51.462","deg","22.621","°C","100.000","%a.s.","22.257","deg","22.682","°C","985.000","hPa","0.861","-0.02056","0.00035","-0.00011","0","14.7","Humid","28.35","0","65.20","249216.12","SABD0002000014","AAV2.0.0.13","4.0.0.2353","PSt7-10","000000-000","8/7/2024 3:37:09 PM","0000-00","0","no battery","V","215852","µV","96196","µV"
"08/11/2024","12:07:18","2","default","203499907","Sensor2","51.475","min","224.930","μmol/L","Humid","23.127","deg","95914","µV","18.540","°C","985.000","hPa","35.0","pmil","0","51.462","deg","22.621","°C","100.000","%a.s.","22.257","deg","22.682","°C","985.000","hPa","0.861","-0.02056","0.00035","-0.00011","0","14.7","Humid","28.35","0","65.20","249218.71","SABD0002000014","AAV2.0.0.13","4.0.0.2353","PSt7-10","000000-000","8/7/2024 3:37:09 PM","0000-00","0","no battery","V","215852","µV","96196","µV"
"08/11/2024","12:07:19","2","default","203499907","Sensor2","51.492","min","224.930","μmol/L","Humid","23.127","deg","95909","µV","18.540","°C","985.000","hPa","35.0","pmil","0","51.462","deg","22.621","°C","100.000","%a.s.","22.257","deg","22.682","°C","985.000","hPa","0.861","-0.02056","0.00035","-0.00011","0","14.7","Humid","28.35","0","65.20","249215.42","SABD0002000014","AAV2.0.0.13","4.0.0.2353","PSt7-10","000000-000","8/7/2024 3:37:09 PM","0000-00","0","no battery","V","215852","µV","96196","µV"
"08/11/2024","12:07:20","2","default","203499907","Sensor2","51.508","min","224.930","μmol/L","Humid","23.127","deg","95909","µV","18.540","°C","985.000","hPa","35.0","pmil","0","51.462","deg","22.621","°C","100.000","%a.s.","22.257","deg","22.682","°C","985.000","hPa","0.861","-0.02056","0.00035","-0.00011","0","14.7","Humid","28.35","0","65.20","249212.50","SABD0002000014","AAV2.0.0.13","4.0.0.2353","PSt7-10","000000-000","8/7/2024 3:37:09 PM","0000-00","0","no battery","V","215852","µV","96196","µV"
"08/11/2024","12:07:21","2","default","203499907","Sensor2","51.525","min","224.950","μmol/L","Humid","23.126","deg","95915","µV","18.540","°C","985.000","hPa","35.0","pmil","0","51.462","deg","22.621","°C","100.000","%a.s.","22.257","deg","22.682","°C","985.000","hPa","0.861","-0.02056","0.00035","-0.00011","0","14.7","Humid","28.35","0","65.20","249222.97","SABD0002000014","AAV2.0.0.13","4.0.0.2353","PSt7-10","000000-000","8/7/2024 3:37:09 PM","0000-00","0","no battery","V","215852","µV","96196","µV"
"08/11/2024","12:07:22","2","default","203499907","Sensor2","51.542","min","224.910","μmol/L","Humid","23.128","deg","95917","µV","18.540","°C","985.000","hPa","35.0","pmil","0","51.462","deg","22.621","°C","100.000","%a.s.","22.257","deg","22.682","°C","985.000","hPa","0.861","-0.02056","0.00035","-0.00011","0","14.7","Humid","28.35","0","65.20","249216.93","SABD0002000014","AAV2.0.0.13","4.0.0.2353","PSt7-10","000000-000","8/7/2024 3:37:09 PM","0000-00","0","no battery","V","215852","µV","96196","µV"
"08/11/2024","12:07:23","2","default","203499907","Sensor2","51.558","min","224.995","μmol/L","Humid","23.126","deg","95911","µV","18.534","°C","985.000","hPa","35.0","pmil","0","51.462","deg","22.621","°C","100.000","%a.s.","22.257","deg","22.682","°C","985.000","hPa","0.861","-0.02056","0.00035","-0.00011","0","14.7","Humid","28.35","0","65.20","249210.02","SABD0002000014","AAV2.0.0.13","4.0.0.2353","PSt7-10","000000-000","8/7/2024 3:37:09 PM","0000-00","0","no battery","V","215852","µV","96196","µV"
"08/11/2024","12:07:24","2","default","203499907","Sensor2","51.575","min","224.930","μmol/L","Humid","23.127","deg","95917","µV","18.540","°C","985.000","hPa","35.0","pmil","0","51.462","deg","22.621","°C","100.000","%a.s.","22.257","deg","22.682","°C","985.000","hPa","0.861","-0.02056","0.00035","-0.00011","0","14.7","Humid","28.35","0","65.20","249215.20","SABD0002000014","AAV2.0.0.13","4.0.0.2353","PSt7-10","000000-000","8/7/2024 3:37:09 PM","0000-00","0","no battery","V","215852","µV","96196","µV"
"08/11/2024","12:07:25","2","default","203499907","Sensor2","51.591","min","224.890","μmol/L","Humid","23.129","deg","95911","µV","18.540","°C","985.000","hPa","35.0","pmil","0","51.462","deg","22.621","°C","100.000","%a.s.","22.257","deg","22.682","°C","985.000","hPa","0.861","-0.02056","0.00035","-0.00011","0","14.7","Humid","28.35","0","65.20","249209.24","SABD0002000014","AAV2.0.0.13","4.0.0.2353","PSt7-10","000000-000","8/7/2024 3:37:09 PM","0000-00","0","no battery","V","215852","µV","96196","µV"
"08/11/2024","12:07:26","2","default","203499907","Sensor2","51.608","min","224.910","μmol/L","Humid","23.128","deg","95917","µV","18.540","°C","985.000","hPa","35.0","pmil","0","51.462","deg","22.621","°C","100.000","%a.s.","22.257","deg","22.682","°C","985.000","hPa","0.861","-0.02056","0.00035","-0.00011","0","14.7","Humid","28.35","0","65.20","249214.50","SABD0002000014","AAV2.0.0.13","4.0.0.2353","PSt7-10","000000-000","8/7/2024 3:37:09 PM","0000-00","0","no battery","V","215852","µV","96196","µV"
"08/11/2024","12:07:27","2","default","203499907","Sensor2","51.624","min","224.975","μmol/L","Humid","23.127","deg","95913","µV","18.534","°C","985.000","hPa","35.0","pmil","0","51.462","deg","22.621","°C","100.000","%a.s.","22.257","deg","22.682","°C","985.000","hPa","0.861","-0.02056","0.00035","-0.00011","0","14.7","Humid","28.35","0","65.20","249203.19","SABD0002000014","AAV2.0.0.13","4.0.0.2353","PSt7-10","000000-000","8/7/2024 3:37:09 PM","0000-00","0","no battery","V","215852","µV","96196","µV"
"08/11/2024","12:07:28","2","default","203499907","Sensor2","51.641","min","224.895","μmol/L","Humid","23.131","deg","95925","µV","18.534","°C","985.000","hPa","35.0","pmil","0","51.462","deg","22.621","°C","100.000","%a.s.","22.257","deg","22.682","°C","985.000","hPa","0.861","-0.02056","0.00035","-0.00011","0","14.7","Humid","28.35","0","65.20","249213.74","SABD0002000014","AAV2.0.0.13","4.0.0.2353","PSt7-10","000000-000","8/7/2024 3:37:09 PM","0000-00","0","no battery","V","215852","µV","96196","µV"
"08/11/2024","12:07:29","2","default","203499907","Sensor2","51.658","min","224.786","μmol/L","Humid","23.132","deg","95920","µV","18.546","°C","985.000","hPa","35.0","pmil","0","51.462","deg","22.621","°C","100.000","%a.s.","22.257","deg","22.682","°C","985.000","hPa","0.861","-0.02056","0.00035","-0.00011","0","14.7","Humid","28.35","0","65.20","249210.79","SABD0002000014","AAV2.0.0.13","4.0.0.2353","PSt7-10","000000-000","8/7/2024 3:37:09 PM","0000-00","0","no battery","V","215852","µV","96196","µV"
"08/11/2024","12:07:30","2","default","203499907","Sensor2","51.675","min","224.850","μmol/L","Humid","23.131","deg","95926","µV","18.540","°C","985.000","hPa","35.0","pmil","0","51.462","deg","22.621","°C","100.000","%a.s.","22.257","deg","22.682","°C","985.000","hPa","0.861","-0.02056","0.00035","-0.00011","0","14.7","Humid","28.35","0","65.20","249206.00","SABD0002000014","AAV2.0.0.13","4.0.0.2353","PSt7-10","000000-000","8/7/2024 3:37:09 PM","0000-00","0","no battery","V","215852","µV","96196","µV"
"08/11/2024","12:07:31","2","default","203499907","Sensor2","51.692","min","224.890","μmol/L","Humid","23.129","deg","95921","µV","18.540","°C","985.000","hPa","35.0","pmil","0","51.462","deg","22.621","°C","100.000","%a.s.","22.257","deg","22.682","°C","985.000","hPa","0.861","-0.02056","0.00035","-0.00011","0","14.7","Humid","28.35","0","65.20","249217.39","SABD0002000014","AAV2.0.0.13","4.0.0.2353","PSt7-10","000000-000","8/7/2024 3:37:09 PM","0000-00","0","no battery","V","215852","µV","96196","µV"
"08/11/2024","12:07:32","2","default","203499907","Sensor2","51.708","min","224.850","μmol/L","Humid","23.131","deg","95925","µV","18.540","°C","985.000","hPa","35.0","pmil","0","51.462","deg","22.621","°C","100.000","%a.s.","22.257","deg","22.682","°C","985.000","hPa","0.861","-0.02056","0.00035","-0.00011","0","14.7","Humid","28.35","0","65.20","249213.90","SABD0002000014","AAV2.0.0.13","4.0.0.2353","PSt7-10","000000-000","8/7/2024 3:37:09 PM","0000-00","0","no battery","V","215852","µV","96196","µV"
"08/11/2024","12:07:33","2","default","203499907","Sensor2","51.725","min","224.870","μmol/L","Humid","23.130","deg","95929","µV","18.540","°C","985.000","hPa","35.0","pmil","0","51.462","deg","22.621","°C","100.000","%a.s.","22.257","deg","22.682","°C","985.000","hPa","0.861","-0.02056","0.00035","-0.00011","0","14.7","Humid","28.35","0","65.20","249214.89","SABD0002000014","AAV2.0.0.13","4.0.0.2353","PSt7-10","000000-000","8/7/2024 3:37:09 PM","0000-00","0","no battery","V","215852","µV","96196","µV"
"08/11/2024","12:07:34","2","default","203499907","Sensor2","51.742","min","224.830","μmol/L","Humid","23.132","deg","95934","µV","18.540","°C","985.000","hPa","35.0","pmil","0","51.462","deg","22.621","°C","100.000","%a.s.","22.257","deg","22.682","°C","985.000","hPa","0.861","-0.02056","0.00035","-0.00011","0","14.7","Humid","28.35","0","65.20","249225.82","SABD0002000014","AAV2.0.0.13","4.0.0.2353","PSt7-10","000000-000","8/7/2024 3:37:09 PM","0000-00","0","no battery","V","215852","µV","96196","µV"
"08/11/2024","12:07:35","2","default","203499907","Sensor2","51.758","min","224.895","μmol/L","Humid","23.131","deg","95927","µV","18.534","°C","985.000","hPa","35.0","pmil","0","51.462","deg","22.621","°C","100.000","%a.s.","22.257","deg","22.682","°C","985.000","hPa","0.861","-0.02056","0.00035","-0.00011","0","14.7","Humid","28.35","0","65.20","249208.03","SABD0002000014","AAV2.0.0.13","4.0.0.2353","PSt7-10","000000-000","8/7/2024 3:37:09 PM","0000-00","0","no battery","V","215852","µV","96196","µV"
"08/11/2024","12:07:36","2","default","203499907","Sensor2","51.774","min","224.955","μmol/L","Humid","23.128","deg","95926","µV","18.534","°C","985.000","hPa","35.0","pmil","0","51.462","deg","22.621","°C","100.000","%a.s.","22.257","deg","22.682","°C","985.000","hPa","0.861","-0.02056","0.00035","-0.00011","0","14.7","Humid","28.35","0","65.20","249209.55","SABD0002000014","AAV2.0.0.13","4.0.0.2353","PSt7-10","000000-000","8/7/2024 3:37:09 PM","0000-00","0","no battery","V","215852","µV","96196","µV"
"08/11/2024","12:07:37","2","default","203499907","Sensor2","51.791","min","224.830","μmol/L","Humid","23.132","deg","95931","µV","18.540","°C","985.000","hPa","35.0","pmil","0","51.462","deg","22.621","°C","100.000","%a.s.","22.257","deg","22.682","°C","985.000","hPa","0.861","-0.02056","0.00035","-0.00011","0","14.7","Humid","28.35","0","65.20","249213.95","SABD0002000014","AAV2.0.0.13","4.0.0.2353","PSt7-10","000000-000","8/7/2024 3:37:09 PM","0000-00","0","no battery","V","215852","µV","96196","µV"
"08/11/2024","12:07:38","2","default","203499907","Sensor2","51.808","min","224.830","μmol/L","Humid","23.132","deg","95934","µV","18.540","°C","985.000","hPa","35.0","pmil","0","51.462","deg","22.621","°C","100.000","%a.s.","22.257","deg","22.682","°C","985.000","hPa","0.861","-0.02056","0.00035","-0.00011","0","14.7","Humid","28.35","0","65.20","249219.75","SABD0002000014","AAV2.0.0.13","4.0.0.2353","PSt7-10","000000-000","8/7/2024 3:37:09 PM","0000-00","0","no battery","V","215852","µV","96196","µV"
"08/11/2024","12:07:39","2","default","203499907","Sensor2","51.825","min","224.830","μmol/L","Humid","23.132","deg","95933","µV","18.540","°C","985.000","hPa","35.0","pmil","0","51.462","deg","22.621","°C","100.000","%a.s.","22.257","deg","22.682","°C","985.000","hPa","0.861","-0.02056","0.00035","-0.00011","0","14.7","Humid","28.35","0","65.20","249214.90","SABD0002000014","AAV2.0.0.13","4.0.0.2353","PSt7-10","000000-000","8/7/2024 3:37:09 PM","0000-00","0","no battery","V","215852","µV","96196","µV"
"08/11/2024","12:07:40","2","default","203499907","Sensor2","51.841","min","224.810","μmol/L","Humid","23.133","deg","95939","µV","18.540","°C","985.000","hPa","35.0","pmil","0","51.462","deg","22.621","°C","100.000","%a.s.","22.257","deg","22.682","°C","985.000","hPa","0.861","-0.02056","0.00035","-0.00011","0","14.7","Humid","28.35","0","65.20","249214.62","SABD0002000014","AAV2.0.0.13","4.0.0.2353","PSt7-10","000000-000","8/7/2024 3:37:09 PM","0000-00","0","no battery","V","215852","µV","96196","µV"
"08/11/2024","12:07:41","2","default","203499907","Sensor2","51.858","min","224.726","μmol/L","Humid","23.135","deg","95940","µV","18.546","°C","985.000","hPa","35.0","pmil","0","51.462","deg","22.621","°C","100.000","%a.s.","22.257","deg","22.682","°C","985.000","hPa","0.861","-0.02056","0.00035","-0.00011","0","14.7","Humid","28.35","0","65.20","249216.76","SABD0002000014","AAV2.0.0.13","4.0.0.2353","PSt7-10","000000-000","8/7/2024 3:37:09 PM","0000-00","0","no battery","V","215852","µV","96196","µV"
"08/11/2024","12:07:42","2","default","203499907","Sensor2","51.875","min","224.870","μmol/L","Humid","23.130","deg","95939","µV","18.540","°C","985.000","hPa","35.0","pmil","0","51.462","deg","22.621","°C","100.000","%a.s.","22.257","deg","22.682","°C","985.000","hPa","0.861","-0.02056","0.00035","-0.00011","0","14.7","Humid","28.35","0","65.20","249218.04","SABD0002000014","AAV2.0.0.13","4.0.0.2353","PSt7-10","000000-000","8/7/2024 3:37:09 PM","0000-00","0","no battery","V","215852","µV","96196","µV"
"08/11/2024","12:07:43","2","default","203499907","Sensor2","51.892","min","224.790","μmol/L","Humid","23.134","deg","95937","µV","18.540","°C","985.000","hPa","35.0","pmil","0","51.462","deg","22.621","°C","100.000","%a.s.","22.257","deg","22.682","°C","985.000","hPa","0.861","-0.02056","0.00035","-0.00011","0","14.7","Humid","28.35","0","65.20","249209.73","SABD0002000014","AAV2.0.0.13","4.0.0.2353","PSt7-10","000000-000","8/7/2024 3:37:09 PM","0000-00","0","no battery","V","215852","µV","96196","µV"
"08/11/2024","12:07:44","2","default","203499907","Sensor2","51.908","min","224.710","μmol/L","Humid","23.138","deg","95936","µV","18.540","°C","985.000","hPa","35.0","pmil","0","51.462","deg","22.621","°C","100.000","%a.s.","22.257","deg","22.682","°C","985.000","hPa","0.861","-0.02056","0.00035","-0.00011","0","14.7","Humid","28.35","0","65.20","249203.48","SABD0002000014","AAV2.0.0.13","4.0.0.2353","PSt7-10","000000-000","8/7/2024 3:37:09 PM","0000-00","0","no battery","V","215852","µV","96196","µV"
"08/11/2024","12:07:45","2","default","203499907","Sensor2","51.925","min","224.919","μmol/L","Humid","23.132","deg","95943","µV","18.528","°C","985.000","hPa","35.0","pmil","0","51.462","deg","22.621","°C","100.000","%a.s.","22.257","deg","22.682","°C","985.000","hPa","0.861","-0.02056","0.00035","-0.00011","0","14.7","Humid","28.35","0","65.20","249204.18","SABD0002000014","AAV2.0.0.13","4.0.0.2353","PSt7-10","000000-000","8/7/2024 3:37:09 PM","0000-00","0","no battery","V","215852","µV","96196","µV"
"08/11/2024","12:07:46","2","default","203499907","Sensor2","51.942","min","224.710","μmol/L","Humid","23.138","deg","95950","µV","18.540","°C","985.000","hPa","35.0","pmil","0","51.462","deg","22.621","°C","100.000","%a.s.","22.257","deg","22.682","°C","985.000","hPa","0.861","-0.02056","0.00035","-0.00011","0","14.7","Humid","28.35","0","65.20","249220.63","SABD0002000014","AAV2.0.0.13","4.0.0.2353","PSt7-10","000000-000","8/7/2024 3:37:09 PM","0000-00","0","no battery","V","215852","µV","96196","µV"
"08/11/2024","12:07:47","2","default","203499907","Sensor2","51.958","min","224.735","μmol/L","Humid","23.139","deg","95953","µV","18.534","°C","985.000","hPa","35.0","pmil","0","51.462","deg","22.621","°C","100.000","%a.s.","22.257","deg","22.682","°C","985.000","hPa","0.861","-0.02056","0.00035","-0.00011","0","14.7","Humid","28.35","0","65.20","249205.44","SABD0002000014","AAV2.0.0.13","4.0.0.2353","PSt7-10","000000-000","8/7/2024 3:37:09 PM","0000-00","0","no battery","V","215852","µV","96196","µV"
"08/11/2024","12:07:48","2","default","203499907","Sensor2","51.975","min","224.662","μmol/L","Humid","23.136","deg","95951","µV","18.552","°C","985.000","hPa","35.0","pmil","0","51.462","deg","22.621","°C","100.000","%a.s.","22.257","deg","22.682","°C","985.000","hPa","0.861","-0.02056","0.00035","-0.00011","0","14.7","Humid","28.35","0","65.20","249217.09","SABD0002000014","AAV2.0.0.13","4.0.0.2353","PSt7-10","000000-000","8/7/2024 3:37:09 PM","0000-00","0","no battery","V","215852","µV","96196","µV"
"08/11/2024","12:07:49","2","default","203499907","Sensor2","51.991","min","224.835","μmol/L","Humid","23.134","deg","95948","µV","18.534","°C","985.000","hPa","35.0","pmil","0","51.462","deg","22.621","°C","100.000","%a.s.","22.257","deg","22.682","°C","985.000","hPa","0.861","-0.02056","0.00035","-0.00011","0","14.7","Humid","28.35","0","65.20","249213.94","SABD0002000014","AAV2.0.0.13","4.0.0.2353","PSt7-10","000000-000","8/7/2024 3:37:09 PM","0000-00","0","no battery","V","215852","µV","96196","µV"
"08/11/2024","12:07:50","2","default","203499907","Sensor2","52.008","min","224.686","μmol/L","Humid","23.137","deg","95948","µV","18.546","°C","985.000","hPa","35.0","pmil","0","51.462","deg","22.621","°C","100.000","%a.s.","22.257","deg","22.682","°C","985.000","hPa","0.861","-0.02056","0.00035","-0.00011","0","14.7","Humid","28.35","0","65.20","249215.35","SABD0002000014","AAV2.0.0.13","4.0.0.2353","PSt7-10","000000-000","8/7/2024 3:37:09 PM","0000-00","0","no battery","V","215852","µV","96196","µV"
"08/11/2024","12:07:51","2","default","203499907","Sensor2","52.025","min","224.730","μmol/L","Humid","23.137","deg","95955","µV","18.540","°C","985.000","hPa","35.0","pmil","0","51.462","deg","22.621","°C","100.000","%a.s.","22.257","deg","22.682","°C","985.000","hPa","0.861","-0.02056","0.00035","-0.00011","0","14.7","Humid","28.35","0","65.20","249205.11","SABD0002000014","AAV2.0.0.13","4.0.0.2353","PSt7-10","000000-000","8/7/2024 3:37:09 PM","0000-00","0","no battery","V","215852","µV","96196","µV"
"08/11/2024","12:07:52","2","default","203499907","Sensor2","52.041","min","224.710","μmol/L","Humid","23.138","deg","95957","µV","18.540","°C","985.000","hPa","35.0","pmil","0","51.462","deg","22.621","°C","100.000","%a.s.","22.257","deg","22.682","°C","985.000","hPa","0.861","-0.02056","0.00035","-0.00011","0","14.7","Humid","28.35","0","65.20","249213.87","SABD0002000014","AAV2.0.0.13","4.0.0.2353","PSt7-10","000000-000","8/7/2024 3:37:09 PM","0000-00","0","no battery","V","215852","µV","96196","µV"
"08/11/2024","12:07:53","2","default","203499907","Sensor2","52.058","min","224.686","μmol/L","Humid","23.137","deg","95960","µV","18.546","°C","985.000","hPa","35.0","pmil","0","51.462","deg","22.621","°C","100.000","%a.s.","22.257","deg","22.682","°C","985.000","hPa","0.861","-0.02056","0.00035","-0.00011","0","14.7","Humid","28.35","0","65.20","249218.35","SABD0002000014","AAV2.0.0.13","4.0.0.2353","PSt7-10","000000-000","8/7/2024 3:37:09 PM","0000-00","0","no battery","V","215852","µV","96196","µV"
"08/11/2024","12:07:54","2","default","203499907","Sensor2","52.075","min","224.655","μmol/L","Humid","23.143","deg","95965","µV","18.534","°C","985.000","hPa","35.0","pmil","0","51.462","deg","22.621","°C","100.000","%a.s.","22.257","deg","22.682","°C","985.000","hPa","0.861","-0.02056","0.00035","-0.00011","0","14.7","Humid","28.35","0","65.20","249212.38","SABD0002000014","AAV2.0.0.13","4.0.0.2353","PSt7-10","000000-000","8/7/2024 3:37:09 PM","0000-00","0","no battery","V","215852","µV","96196","µV"
"08/11/2024","12:07:55","2","default","203499907","Sensor2","52.092","min","224.586","μmol/L","Humid","23.142","deg","95965","µV","18.546","°C","985.000","hPa","35.0","pmil","0","51.462","deg","22.621","°C","100.000","%a.s.","22.257","deg","22.682","°C","985.000","hPa","0.861","-0.02056","0.00035","-0.00011","0","14.7","Humid","28.35","0","65.20","249218.47","SABD0002000014","AAV2.0.0.13","4.0.0.2353","PSt7-10","000000-000","8/7/2024 3:37:09 PM","0000-00","0","no battery","V","215852","µV","96196","µV"
"08/11/2024","12:07:56","2","default","203499907","Sensor2","52.108","min","224.670","μmol/L","Humid","23.140","deg","95959","µV","18.540","°C","985.000","hPa","35.0","pmil","0","51.462","deg","22.621","°C","100.000","%a.s.","22.257","deg","22.682","°C","985.000","hPa","0.861","-0.02056","0.00035","-0.00011","0","14.7","Humid","28.35","0","65.20","249200.97","SABD0002000014","AAV2.0.0.13","4.0.0.2353","PSt7-10","000000-000","8/7/2024 3:37:09 PM","0000-00","0","no battery","V","215852","µV","96196","µV"
"08/11/2024","12:07:57","2","default","203499907","Sensor2","52.125","min","224.735","μmol/L","Humid","23.139","deg","95958","µV","18.534","°C","985.000","hPa","35.0","pmil","0","51.462","deg","22.621","°C","100.000","%a.s.","22.257","deg","22.682","°C","985.000","hPa","0.861","-0.02056","0.00035","-0.00011","0","14.7","Humid","28.35","0","65.20","249206.20","SABD0002000014","AAV2.0.0.13","4.0.0.2353","PSt7-10","000000-000","8/7/2024 3:37:09 PM","0000-00","0","no battery","V","215852","µV","96196","µV"
"08/11/2024","12:07:58","2","default","203499907","Sensor2","52.141","min","224.566","μmol/L","Humid","23.143","deg","95957","µV","18.546","°C","985.000","hPa","35.0","pmil","0","51.462","deg","22.621","°C","100.000","%a.s.","22.257","deg","22.682","°C","985.000","hPa","0.861","-0.02056","0.00035","-0.00011","0","14.7","Humid","28.35","0","65.20","249209.42","SABD0002000014","AAV2.0.0.13","4.0.0.2353","PSt7-10","000000-000","8/7/2024 3:37:09 PM","0000-00","0","no battery","V","215852","µV","96196","µV"
"08/11/2024","12:07:59","2","default","203499907","Sensor2","52.158","min","224.646","μmol/L","Humid","23.139","deg","95969","µV","18.546","°C","985.000","hPa","35.0","pmil","0","51.462","deg","22.621","°C","100.000","%a.s.","22.257","deg","22.682","°C","985.000","hPa","0.861","-0.02056","0.00035","-0.00011","0","14.7","Humid","28.35","0","65.20","249201.02","SABD0002000014","AAV2.0.0.13","4.0.0.2353","PSt7-10","000000-000","8/7/2024 3:37:09 PM","0000-00","0","no battery","V","215852","µV","96196","µV"
"08/11/2024","12:08:00","2","default","203499907","Sensor2","52.174","min","224.566","μmol/L","Humid","23.143","deg","95967","µV","18.546","°C","985.000","hPa","35.0","pmil","0","51.462","deg","22.621","°C","100.000","%a.s.","22.257","deg","22.682","°C","985.000","hPa","0.861","-0.02056","0.00035","-0.00011","0","14.7","Humid","28.35","0","65.20","249194.66","SABD0002000014","AAV2.0.0.13","4.0.0.2353","PSt7-10","000000-000","8/7/2024 3:37:09 PM","0000-00","0","no battery","V","215852","µV","96196","µV"
"08/11/2024","12:08:01","2","default","203499907","Sensor2","52.191","min","224.610","μmol/L","Humid","23.143","deg","95969","µV","18.540","°C","985.000","hPa","35.0","pmil","0","51.462","deg","22.621","°C","100.000","%a.s.","22.257","deg","22.682","°C","985.000","hPa","0.861","-0.02056","0.00035","-0.00011","0","14.7","Humid","28.35","0","65.20","249214.94","SABD0002000014","AAV2.0.0.13","4.0.0.2353","PSt7-10","000000-000","8/7/2024 3:37:09 PM","0000-00","0","no battery","V","215852","µV","96196","µV"
"08/11/2024","12:08:02","2","default","203499907","Sensor2","52.208","min","224.690","μmol/L","Humid","23.139","deg","95972","µV","18.540","°C","985.000","hPa","35.0","pmil","0","51.462","deg","22.621","°C","100.000","%a.s.","22.257","deg","22.682","°C","985.000","hPa","0.861","-0.02056","0.00035","-0.00011","0","14.7","Humid","28.35","0","65.20","249202.27","SABD0002000014","AAV2.0.0.13","4.0.0.2353","PSt7-10","000000-000","8/7/2024 3:37:09 PM","0000-00","0","no battery","V","215852","µV","96196","µV"
"08/11/2024","12:08:03","2","default","203499907","Sensor2","52.225","min","224.630","μmol/L","Humid","23.142","deg","95979","µV","18.540","°C","985.000","hPa","35.0","pmil","0","51.462","deg","22.621","°C","100.000","%a.s.","22.257","deg","22.682","°C","985.000","hPa","0.861","-0.02056","0.00035","-0.00011","0","14.7","Humid","28.35","0","65.20","249209.95","SABD0002000014","AAV2.0.0.13","4.0.0.2353","PSt7-10","000000-000","8/7/2024 3:37:09 PM","0000-00","0","no battery","V","215852","µV","96196","µV"
"08/11/2024","12:08:04","2","default","203499907","Sensor2","52.241","min","224.590","μmol/L","Humid","23.144","deg","95974","µV","18.540","°C","985.000","hPa","35.0","pmil","0","51.462","deg","22.621","°C","100.000","%a.s.","22.257","deg","22.682","°C","985.000","hPa","0.861","-0.02056","0.00035","-0.00011","0","14.7","Humid","28.35","0","65.20","249196.10","SABD0002000014","AAV2.0.0.13","4.0.0.2353","PSt7-10","000000-000","8/7/2024 3:37:09 PM","0000-00","0","no battery","V","215852","µV","96196","µV"
"08/11/2024","12:08:05","2","default","203499907","Sensor2","52.258","min","224.610","μmol/L","Humid","23.143","deg","95977","µV","18.540","°C","985.000","hPa","35.0","pmil","0","51.462","deg","22.621","°C","100.000","%a.s.","22.257","deg","22.682","°C","985.000","hPa","0.861","-0.02056","0.00035","-0.00011","0","14.7","Humid","28.35","0","65.20","249211.68","SABD0002000014","AAV2.0.0.13","4.0.0.2353","PSt7-10","000000-000","8/7/2024 3:37:09 PM","0000-00","0","no battery","V","215852","µV","96196","µV"
"08/11/2024","12:08:06","2","default","203499907","Sensor2","52.275","min","224.610","μmol/L","Humid","23.143","deg","95981","µV","18.540","°C","985.000","hPa","35.0","pmil","0","51.462","deg","22.621","°C","100.000","%a.s.","22.257","deg","22.682","°C","985.000","hPa","0.861","-0.02056","0.00035","-0.00011","0","14.7","Humid","28.35","0","65.20","249215.22","SABD0002000014","AAV2.0.0.13","4.0.0.2353","PSt7-10","000000-000","8/7/2024 3:37:09 PM","0000-00","0","no battery","V","215852","µV","96196","µV"
"08/11/2024","12:08:07","2","default","203499907","Sensor2","52.292","min","224.526","μmol/L","Humid","23.145","deg","95982","µV","18.546","°C","985.000","hPa","35.0","pmil","0","51.462","deg","22.621","°C","100.000","%a.s.","22.257","deg","22.682","°C","985.000","hPa","0.861","-0.02056","0.00035","-0.00011","0","14.7","Humid","28.35","0","65.20","249213.41","SABD0002000014","AAV2.0.0.13","4.0.0.2353","PSt7-10","000000-000","8/7/2024 3:37:09 PM","0000-00","0","no battery","V","215852","µV","96196","µV"
"08/11/2024","12:08:08","2","default","203499907","Sensor2","52.308","min","224.610","μmol/L","Humid","23.143","deg","95981","µV","18.540","°C","985.000","hPa","35.0","pmil","0","51.462","deg","22.621","°C","100.000","%a.s.","22.257","deg","22.682","°C","985.000","hPa","0.861","-0.02056","0.00035","-0.00011","0","14.7","Humid","28.35","0","65.20","249215.33","SABD0002000014","AAV2.0.0.13","4.0.0.2353","PSt7-10","000000-000","8/7/2024 3:37:09 PM","0000-00","0","no battery","V","215852","µV","96196","µV"
"08/11/2024","12:08:09","2","default","203499907","Sensor2","52.325","min","224.590","μmol/L","Humid","23.144","deg","95983","µV","18.540","°C","985.000","hPa","35.0","pmil","0","51.462","deg","22.621","°C","100.000","%a.s.","22.257","deg","22.682","°C","985.000","hPa","0.861","-0.02056","0.00035","-0.00011","0","14.7","Humid","28.35","0","65.20","249206.70","SABD0002000014","AAV2.0.0.13","4.0.0.2353","PSt7-10","000000-000","8/7/2024 3:37:09 PM","0000-00","0","no battery","V","215852","µV","96196","µV"
"08/11/2024","12:08:10","2","default","203499907","Sensor2","52.342","min","224.570","μmol/L","Humid","23.145","deg","95987","µV","18.540","°C","985.000","hPa","35.0","pmil","0","51.462","deg","22.621","°C","100.000","%a.s.","22.257","deg","22.682","°C","985.000","hPa","0.861","-0.02056","0.00035","-0.00011","0","14.7","Humid","28.35","0","65.20","249222.23","SABD0002000014","AAV2.0.0.13","4.0.0.2353","PSt7-10","000000-000","8/7/2024 3:37:09 PM","0000-00","0","no battery","V","215852","µV","96196","µV"
"08/11/2024","12:08:11","2","default","203499907","Sensor2","52.358","min","224.526","μmol/L","Humid","23.145","deg","95991","µV","18.546","°C","985.000","hPa","35.0","pmil","0","51.462","deg","22.621","°C","100.000","%a.s.","22.257","deg","22.682","°C","985.000","hPa","0.861","-0.02056","0.00035","-0.00011","0","14.7","Humid","28.35","0","65.20","249212.49","SABD0002000014","AAV2.0.0.13","4.0.0.2353","PSt7-10","000000-000","8/7/2024 3:37:09 PM","0000-00","0","no battery","V","215852","µV","96196","µV"
"08/11/2024","12:08:12","2","default","203499907","Sensor2","52.375","min","224.535","μmol/L","Humid","23.149","deg","95993","µV","18.534","°C","985.000","hPa","35.0","pmil","0","51.462","deg","22.621","°C","100.000","%a.s.","22.257","deg","22.682","°C","985.000","hPa","0.861","-0.02056","0.00035","-0.00011","0","14.7","Humid","28.35","0","65.20","249225.54","SABD0002000014","AAV2.0.0.13","4.0.0.2353","PSt7-10","000000-000","8/7/2024 3:37:09 PM","0000-00","0","no battery","V","215852","µV","96196","µV"
"08/11/2024","12:08:13","2","default","203499907","Sensor2","52.391","min","224.451","μmol/L","Humid","23.151","deg","95993","µV","18.540","°C","985.000","hPa","35.0","pmil","0","51.462","deg","22.621","°C","100.000","%a.s.","22.257","deg","22.682","°C","985.000","hPa","0.861","-0.02056","0.00035","-0.00011","0","14.7","Humid","28.35","0","65.20","249213.92","SABD0002000014","AAV2.0.0.13","4.0.0.2353","PSt7-10","000000-000","8/7/2024 3:37:09 PM","0000-00","0","no battery","V","215852","µV","96196","µV"
"08/11/2024","12:08:14","2","default","203499907","Sensor2","52.408","min","224.570","μmol/L","Humid","23.145","deg","95997","µV","18.540","°C","985.000","hPa","35.0","pmil","0","51.462","deg","22.621","°C","100.000","%a.s.","22.257","deg","22.682","°C","985.000","hPa","0.861","-0.02056","0.00035","-0.00011","0","14.7","Humid","28.35","0","65.20","249216.23","SABD0002000014","AAV2.0.0.13","4.0.0.2353","PSt7-10","000000-000","8/7/2024 3:37:09 PM","0000-00","0","no battery","V","215852","µV","96196","µV"
"08/11/2024","12:08:15","2","default","203499907","Sensor2","52.424","min","224.446","μmol/L","Humid","23.149","deg","95993","µV","18.546","°C","985.000","hPa","35.0","pmil","0","51.462","deg","22.621","°C","100.000","%a.s.","22.257","deg","22.682","°C","985.000","hPa","0.861","-0.02056","0.00035","-0.00011","0","14.7","Humid","28.35","0","65.20","249207.72","SABD0002000014","AAV2.0.0.13","4.0.0.2353","PSt7-10","000000-000","8/7/2024 3:37:09 PM","0000-00","0","no battery","V","215852","µV","96196","µV"
"08/11/2024","12:08:16","2","default","203499907","Sensor2","52.441","min","224.551","μmol/L","Humid","23.146","deg","95998","µV","18.540","°C","985.000","hPa","35.0","pmil","0","51.462","deg","22.621","°C","100.000","%a.s.","22.257","deg","22.682","°C","985.000","hPa","0.861","-0.02056","0.00035","-0.00011","0","14.7","Humid","28.35","0","65.20","249214.03","SABD0002000014","AAV2.0.0.13","4.0.0.2353","PSt7-10","000000-000","8/7/2024 3:37:09 PM","0000-00","0","no battery","V","215852","µV","96196","µV"
"08/11/2024","12:08:17","2","default","203499907","Sensor2","52.458","min","224.402","μmol/L","Humid","23.149","deg","96001","µV","18.552","°C","985.000","hPa","35.0","pmil","0","51.462","deg","22.621","°C","100.000","%a.s.","22.257","deg","22.682","°C","985.000","hPa","0.861","-0.02056","0.00035","-0.00011","0","14.7","Humid","28.35","0","65.20","249217.84","SABD0002000014","AAV2.0.0.13","4.0.0.2353","PSt7-10","000000-000","8/7/2024 3:37:09 PM","0000-00","0","no battery","V","215852","µV","96196","µV"
"08/11/2024","12:08:18","2","default","203499907","Sensor2","52.475","min","224.531","μmol/L","Humid","23.147","deg","96003","µV","18.540","°C","985.000","hPa","35.0","pmil","0","51.462","deg","22.621","°C","100.000","%a.s.","22.257","deg","22.682","°C","985.000","hPa","0.861","-0.02056","0.00035","-0.00011","0","14.7","Humid","28.35","0","65.20","249210.91","SABD0002000014","AAV2.0.0.13","4.0.0.2353","PSt7-10","000000-000","8/7/2024 3:37:09 PM","0000-00","0","no battery","V","215852","µV","96196","µV"
"08/11/2024","12:08:19","2","default","203499907","Sensor2","52.491","min","224.491","μmol/L","Humid","23.149","deg","96001","µV","18.540","°C","985.000","hPa","35.0","pmil","0","51.462","deg","22.621","°C","100.000","%a.s.","22.257","deg","22.682","°C","985.000","hPa","0.861","-0.02056","0.00035","-0.00011","0","14.7","Humid","28.35","0","65.20","249216.91","SABD0002000014","AAV2.0.0.13","4.0.0.2353","PSt7-10","000000-000","8/7/2024 3:37:09 PM","0000-00","0","no battery","V","215852","µV","96196","µV"
"08/11/2024","12:08:20","2","default","203499907","Sensor2","52.508","min","224.451","μmol/L","Humid","23.151","deg","96014","µV","18.540","°C","985.000","hPa","35.0","pmil","0","51.462","deg","22.621","°C","100.000","%a.s.","22.257","deg","22.682","°C","985.000","hPa","0.861","-0.02056","0.00035","-0.00011","0","14.7","Humid","28.35","0","65.20","249212.46","SABD0002000014","AAV2.0.0.13","4.0.0.2353","PSt7-10","000000-000","8/7/2024 3:37:09 PM","0000-00","0","no battery","V","215852","µV","96196","µV"
"08/11/2024","12:08:21","2","default","203499907","Sensor2","52.525","min","224.406","μmol/L","Humid","23.151","deg","96009","µV","18.546","°C","985.000","hPa","35.0","pmil","0","51.462","deg","22.621","°C","100.000","%a.s.","22.257","deg","22.682","°C","985.000","hPa","0.861","-0.02056","0.00035","-0.00011","0","14.7","Humid","28.35","0","65.20","249213.92","SABD0002000014","AAV2.0.0.13","4.0.0.2353","PSt7-10","000000-000","8/7/2024 3:37:09 PM","0000-00","0","no battery","V","215852","µV","96196","µV"
"08/11/2024","12:08:22","2","default","203499907","Sensor2","52.542","min","224.506","μmol/L","Humid","23.146","deg","96013","µV","18.546","°C","985.000","hPa","35.0","pmil","0","51.462","deg","22.621","°C","100.000","%a.s.","22.257","deg","22.682","°C","985.000","hPa","0.861","-0.02056","0.00035","-0.00011","0","14.7","Humid","28.35","0","65.20","249216.79","SABD0002000014","AAV2.0.0.13","4.0.0.2353","PSt7-10","000000-000","8/7/2024 3:37:09 PM","0000-00","0","no battery","V","215852","µV","96196","µV"
"08/11/2024","12:08:23","2","default","203499907","Sensor2","52.558","min","224.491","μmol/L","Humid","23.149","deg","96007","µV","18.540","°C","985.000","hPa","35.0","pmil","0","51.462","deg","22.621","°C","100.000","%a.s.","22.257","deg","22.682","°C","985.000","hPa","0.861","-0.02056","0.00035","-0.00011","0","14.7","Humid","28.35","0","65.20","249222.68","SABD0002000014","AAV2.0.0.13","4.0.0.2353","PSt7-10","000000-000","8/7/2024 3:37:09 PM","0000-00","0","no battery","V","215852","µV","96196","µV"
"08/11/2024","12:08:24","2","default","203499907","Sensor2","52.575","min","224.451","μmol/L","Humid","23.151","deg","96011","µV","18.540","°C","985.000","hPa","35.0","pmil","0","51.462","deg","22.621","°C","100.000","%a.s.","22.257","deg","22.682","°C","985.000","hPa","0.861","-0.02056","0.00035","-0.00011","0","14.7","Humid","28.35","0","65.20","249217.38","SABD0002000014","AAV2.0.0.13","4.0.0.2353","PSt7-10","000000-000","8/7/2024 3:37:09 PM","0000-00","0","no battery","V","215852","µV","96196","µV"
"08/11/2024","12:08:25","2","default","203499907","Sensor2","52.591","min","224.386","μmol/L","Humid","23.152","deg","96018","µV","18.546","°C","985.000","hPa","35.0","pmil","0","51.462","deg","22.621","°C","100.000","%a.s.","22.257","deg","22.682","°C","985.000","hPa","0.861","-0.02056","0.00035","-0.00011","0","14.7","Humid","28.35","0","65.20","249219.06","SABD0002000014","AAV2.0.0.13","4.0.0.2353","PSt7-10","000000-000","8/7/2024 3:37:09 PM","0000-00","0","no battery","V","215852","µV","96196","µV"
"08/11/2024","12:08:26","2","default","203499907","Sensor2","52.608","min","224.411","μmol/L","Humid","23.153","deg","96006","µV","18.540","°C","985.000","hPa","35.0","pmil","0","51.462","deg","22.621","°C","100.000","%a.s.","22.257","deg","22.682","°C","985.000","hPa","0.861","-0.02056","0.00035","-0.00011","0","14.7","Humid","28.35","0","65.20","249209.24","SABD0002000014","AAV2.0.0.13","4.0.0.2353","PSt7-10","000000-000","8/7/2024 3:37:09 PM","0000-00","0","no battery","V","215852","µV","96196","µV"
"08/11/2024","12:08:27","2","default","203499907","Sensor2","52.624","min","224.351","μmol/L","Humid","23.156","deg","96019","µV","18.540","°C","985.000","hPa","35.0","pmil","0","51.462","deg","22.621","°C","100.000","%a.s.","22.257","deg","22.682","°C","985.000","hPa","0.861","-0.02056","0.00035","-0.00011","0","14.7","Humid","28.35","0","65.20","249199.84","SABD0002000014","AAV2.0.0.13","4.0.0.2353","PSt7-10","000000-000","8/7/2024 3:37:09 PM","0000-00","0","no battery","V","215852","µV","96196","µV"
"08/11/2024","12:08:28","2","default","203499907","Sensor2","52.641","min","224.386","μmol/L","Humid","23.152","deg","96019","µV","18.546","°C","985.000","hPa","35.0","pmil","0","51.462","deg","22.621","°C","100.000","%a.s.","22.257","deg","22.682","°C","985.000","hPa","0.861","-0.02056","0.00035","-0.00011","0","14.7","Humid","28.35","0","65.20","249205.16","SABD0002000014","AAV2.0.0.13","4.0.0.2353","PSt7-10","000000-000","8/7/2024 3:37:09 PM","0000-00","0","no battery","V","215852","µV","96196","µV"
"08/11/2024","12:08:29","2","default","203499907","Sensor2","52.658","min","224.475","μmol/L","Humid","23.152","deg","96023","µV","18.534","°C","985.000","hPa","35.0","pmil","0","51.462","deg","22.621","°C","100.000","%a.s.","22.257","deg","22.682","°C","985.000","hPa","0.861","-0.02056","0.00035","-0.00011","0","14.7","Humid","28.35","0","65.20","249214.43","SABD0002000014","AAV2.0.0.13","4.0.0.2353","PSt7-10","000000-000","8/7/2024 3:37:09 PM","0000-00","0","no battery","V","215852","µV","96196","µV"
"08/11/2024","12:08:30","2","default","203499907","Sensor2","52.675","min","224.375","μmol/L","Humid","23.157","deg","96020","µV","18.534","°C","985.000","hPa","35.0","pmil","0","51.462","deg","22.621","°C","100.000","%a.s.","22.257","deg","22.682","°C","985.000","hPa","0.861","-0.02056","0.00035","-0.00011","0","14.7","Humid","28.35","0","65.20","249221.65","SABD0002000014","AAV2.0.0.13","4.0.0.2353","PSt7-10","000000-000","8/7/2024 3:37:09 PM","0000-00","0","no battery","V","215852","µV","96196","µV"
"08/11/2024","12:08:31","2","default","203499907","Sensor2","52.692","min","224.475","μmol/L","Humid","23.152","deg","96020","µV","18.534","°C","985.000","hPa","35.0","pmil","0","51.462","deg","22.621","°C","100.000","%a.s.","22.257","deg","22.682","°C","985.000","hPa","0.861","-0.02056","0.00035","-0.00011","0","14.7","Humid","28.35","0","65.20","249218.09","SABD0002000014","AAV2.0.0.13","4.0.0.2353","PSt7-10","000000-000","8/7/2024 3:37:09 PM","0000-00","0","no battery","V","215852","µV","96196","µV"
"08/11/2024","12:08:32","2","default","203499907","Sensor2","52.708","min","224.366","μmol/L","Humid","23.153","deg","96026","µV","18.546","°C","985.000","hPa","35.0","pmil","0","51.462","deg","22.621","°C","100.000","%a.s.","22.257","deg","22.682","°C","985.000","hPa","0.861","-0.02056","0.00035","-0.00011","0","14.7","Humid","28.35","0","65.20","249219.15","SABD0002000014","AAV2.0.0.13","4.0.0.2353","PSt7-10","000000-000","8/7/2024 3:37:09 PM","0000-00","0","no battery","V","215852","µV","96196","µV"
"08/11/2024","12:08:33","2","default","203499907","Sensor2","52.725","min","224.391","μmol/L","Humid","23.154","deg","96023","µV","18.540","°C","985.000","hPa","35.0","pmil","0","51.462","deg","22.621","°C","100.000","%a.s.","22.257","deg","22.682","°C","985.000","hPa","0.861","-0.02056","0.00035","-0.00011","0","14.7","Humid","28.35","0","65.20","249208.33","SABD0002000014","AAV2.0.0.13","4.0.0.2353","PSt7-10","000000-000","8/7/2024 3:37:09 PM","0000-00","0","no battery","V","215852","µV","96196","µV"
"08/11/2024","12:08:34","2","default","203499907","Sensor2","52.742","min","224.311","μmol/L","Humid","23.158","deg","96031","µV","18.540","°C","985.000","hPa","35.0","pmil","0","51.462","deg","22.621","°C","100.000","%a.s.","22.257","deg","22.682","°C","985.000","hPa","0.861","-0.02056","0.00035","-0.00011","0","14.7","Humid","28.35","0","65.20","249206.40","SABD0002000014","AAV2.0.0.13","4.0.0.2353","PSt7-10","000000-000","8/7/2024 3:37:09 PM","0000-00","0","no battery","V","215852","µV","96196","µV"
"08/11/2024","12:08:35","2","default","203499907","Sensor2","52.758","min","224.287","μmol/L","Humid","23.157","deg","96031","µV","18.546","°C","985.000","hPa","35.0","pmil","0","51.462","deg","22.621","°C","100.000","%a.s.","22.257","deg","22.682","°C","985.000","hPa","0.861","-0.02056","0.00035","-0.00011","0","14.7","Humid","28.35","0","65.20","249206.14","SABD0002000014","AAV2.0.0.13","4.0.0.2353","PSt7-10","000000-000","8/7/2024 3:37:09 PM","0000-00","0","no battery","V","215852","µV","96196","µV"
"08/11/2024","12:08:36","2","default","203499907","Sensor2","52.775","min","224.282","μmol/L","Humid","23.155","deg","96029","µV","18.552","°C","985.000","hPa","35.0","pmil","0","51.462","deg","22.621","°C","100.000","%a.s.","22.257","deg","22.682","°C","985.000","hPa","0.861","-0.02056","0.00035","-0.00011","0","14.7","Humid","28.35","0","65.20","249207.58","SABD0002000014","AAV2.0.0.13","4.0.0.2353","PSt7-10","000000-000","8/7/2024 3:37:09 PM","0000-00","0","no battery","V","215852","µV","96196","µV"
"08/11/2024","12:08:37","2","default","203499907","Sensor2","52.791","min","224.311","μmol/L","Humid","23.158","deg","96036","µV","18.540","°C","985.000","hPa","35.0","pmil","0","51.462","deg","22.621","°C","100.000","%a.s.","22.257","deg","22.682","°C","985.000","hPa","0.861","-0.02056","0.00035","-0.00011","0","14.7","Humid","28.35","0","65.20","249224.89","SABD0002000014","AAV2.0.0.13","4.0.0.2353","PSt7-10","000000-000","8/7/2024 3:37:09 PM","0000-00","0","no battery","V","215852","µV","96196","µV"
"08/11/2024","12:08:38","2","default","203499907","Sensor2","52.808","min","224.331","μmol/L","Humid","23.157","deg","96037","µV","18.540","°C","985.000","hPa","35.0","pmil","0","51.462","deg","22.621","°C","100.000","%a.s.","22.257","deg","22.682","°C","985.000","hPa","0.861","-0.02056","0.00035","-0.00011","0","14.7","Humid","28.35","0","65.20","249211.41","SABD0002000014","AAV2.0.0.13","4.0.0.2353","PSt7-10","000000-000","8/7/2024 3:37:09 PM","0000-00","0","no battery","V","215852","µV","96196","µV"
"08/11/2024","12:08:39","2","default","203499907","Sensor2","52.824","min","224.366","μmol/L","Humid","23.153","deg","96037","µV","18.546","°C","985.000","hPa","35.0","pmil","0","51.462","deg","22.621","°C","100.000","%a.s.","22.257","deg","22.682","°C","985.000","hPa","0.861","-0.02056","0.00035","-0.00011","0","14.7","Humid","28.35","0","65.20","249205.41","SABD0002000014","AAV2.0.0.13","4.0.0.2353","PSt7-10","000000-000","8/7/2024 3:37:09 PM","0000-00","0","no battery","V","215852","µV","96196","µV"
"08/11/2024","12:08:40","2","default","203499907","Sensor2","52.841","min","224.311","μmol/L","Humid","23.158","deg","96034","µV","18.540","°C","985.000","hPa","35.0","pmil","0","51.462","deg","22.621","°C","100.000","%a.s.","22.257","deg","22.682","°C","985.000","hPa","0.861","-0.02056","0.00035","-0.00011","0","14.7","Humid","28.35","0","65.20","249212.62","SABD0002000014","AAV2.0.0.13","4.0.0.2353","PSt7-10","000000-000","8/7/2024 3:37:09 PM","0000-00","0","no battery","V","215852","µV","96196","µV"
"08/11/2024","12:08:41","2","default","203499907","Sensor2","52.858","min","224.291","μmol/L","Humid","23.159","deg","96037","µV","18.540","°C","985.000","hPa","35.0","pmil","0","51.462","deg","22.621","°C","100.000","%a.s.","22.257","deg","22.682","°C","985.000","hPa","0.861","-0.02056","0.00035","-0.00011","0","14.7","Humid","28.35","0","65.20","249200.46","SABD0002000014","AAV2.0.0.13","4.0.0.2353","PSt7-10","000000-000","8/7/2024 3:37:09 PM","0000-00","0","no battery","V","215852","µV","96196","µV"
"08/11/2024","12:08:42","2","default","203499907","Sensor2","52.875","min","224.262","μmol/L","Humid","23.156","deg","96042","µV","18.552","°C","985.000","hPa","35.0","pmil","0","51.462","deg","22.621","°C","100.000","%a.s.","22.257","deg","22.682","°C","985.000","hPa","0.861","-0.02056","0.00035","-0.00011","0","14.7","Humid","28.35","0","65.20","249204.10","SABD0002000014","AAV2.0.0.13","4.0.0.2353","PSt7-10","000000-000","8/7/2024 3:37:09 PM","0000-00","0","no battery","V","215852","µV","96196","µV"
"08/11/2024","12:08:43","2","default","203499907","Sensor2","52.891","min","224.227","μmol/L","Humid","23.160","deg","96042","µV","18.546","°C","985.000","hPa","35.0","pmil","0","51.462","deg","22.621","°C","100.000","%a.s.","22.257","deg","22.682","°C","985.000","hPa","0.861","-0.02056","0.00035","-0.00011","0","14.7","Humid","28.35","0","65.20","249206.56","SABD0002000014","AAV2.0.0.13","4.0.0.2353","PSt7-10","000000-000","8/7/2024 3:37:09 PM","0000-00","0","no battery","V","215852","µV","96196","µV"
"08/11/2024","12:08:44","2","default","203499907","Sensor2","52.908","min","224.247","μmol/L","Humid","23.159","deg","96046","µV","18.546","°C","985.000","hPa","35.0","pmil","0","51.462","deg","22.621","°C","100.000","%a.s.","22.257","deg","22.682","°C","985.000","hPa","0.861","-0.02056","0.00035","-0.00011","0","14.7","Humid","28.35","0","65.20","249208.32","SABD0002000014","AAV2.0.0.13","4.0.0.2353","PSt7-10","000000-000","8/7/2024 3:37:09 PM","0000-00","0","no battery","V","215852","µV","96196","µV"
"08/11/2024","12:08:45","2","default","203499907","Sensor2","52.925","min","224.247","μmol/L","Humid","23.159","deg","96045","µV","18.546","°C","985.000","hPa","35.0","pmil","0","51.462","deg","22.621","°C","100.000","%a.s.","22.257","deg","22.682","°C","985.000","hPa","0.861","-0.02056","0.00035","-0.00011","0","14.7","Humid","28.35","0","65.20","249208.14","SABD0002000014","AAV2.0.0.13","4.0.0.2353","PSt7-10","000000-000","8/7/2024 3:37:09 PM","0000-00","0","no battery","V","215852","µV","96196","µV"
"08/11/2024","12:08:46","2","default","203499907","Sensor2","52.942","min","224.163","μmol/L","Humid","23.161","deg","96052","µV","18.552","°C","985.000","hPa","35.0","pmil","0","51.462","deg","22.621","°C","100.000","%a.s.","22.257","deg","22.682","°C","985.000","hPa","0.861","-0.02056","0.00035","-0.00011","0","14.7","Humid","28.35","0","65.20","249211.80","SABD0002000014","AAV2.0.0.13","4.0.0.2353","PSt7-10","000000-000","8/7/2024 3:37:09 PM","0000-00","0","no battery","V","215852","µV","96196","µV"
"08/11/2024","12:08:47","2","default","203499907","Sensor2","52.958","min","224.331","μmol/L","Humid","23.157","deg","96053","µV","18.540","°C","985.000","hPa","35.0","pmil","0","51.462","deg","22.621","°C","100.000","%a.s.","22.257","deg","22.682","°C","985.000","hPa","0.861","-0.02056","0.00035","-0.00011","0","14.7","Humid","28.35","0","65.20","249208.17","SABD0002000014","AAV2.0.0.13","4.0.0.2353","PSt7-10","000000-000","8/7/2024 3:37:09 PM","0000-00","0","no battery","V","215852","µV","96196","µV"
"08/11/2024","12:08:48","2","default","203499907","Sensor2","52.975","min","224.275","μmol/L","Humid","23.162","deg","96053","µV","18.534","°C","985.000","hPa","35.0","pmil","0","51.462","deg","22.621","°C","100.000","%a.s.","22.257","deg","22.682","°C","985.000","hPa","0.861","-0.02056","0.00035","-0.00011","0","14.7","Humid","28.35","0","65.20","249206.56","SABD0002000014","AAV2.0.0.13","4.0.0.2353","PSt7-10","000000-000","8/7/2024 3:37:09 PM","0000-00","0","no battery","V","215852","µV","96196","µV"
"08/11/2024","12:08:49","2","default","203499907","Sensor2","52.991","min","224.171","μmol/L","Humid","23.165","deg","96055","µV","18.540","°C","985.000","hPa","35.0","pmil","0","51.462","deg","22.621","°C","100.000","%a.s.","22.257","deg","22.682","°C","985.000","hPa","0.861","-0.02056","0.00035","-0.00011","0","14.7","Humid","28.35","0","65.20","249217.07","SABD0002000014","AAV2.0.0.13","4.0.0.2353","PSt7-10","000000-000","8/7/2024 3:37:09 PM","0000-00","0","no battery","V","215852","µV","96196","µV"
"08/11/2024","12:08:50","2","default","203499907","Sensor2","53.008","min","224.231","μmol/L","Humid","23.162","deg","96052","µV","18.540","°C","985.000","hPa","35.0","pmil","0","51.462","deg","22.621","°C","100.000","%a.s.","22.257","deg","22.682","°C","985.000","hPa","0.861","-0.02056","0.00035","-0.00011","0","14.7","Humid","28.35","0","65.20","249207.22","SABD0002000014","AAV2.0.0.13","4.0.0.2353","PSt7-10","000000-000","8/7/2024 3:37:09 PM","0000-00","0","no battery","V","215852","µV","96196","µV"
"08/11/2024","12:08:51","2","default","203499907","Sensor2","53.025","min","224.187","μmol/L","Humid","23.162","deg","96055","µV","18.546","°C","985.000","hPa","35.0","pmil","0","51.462","deg","22.621","°C","100.000","%a.s.","22.257","deg","22.682","°C","985.000","hPa","0.861","-0.02056","0.00035","-0.00011","0","14.7","Humid","28.35","0","65.20","249205.94","SABD0002000014","AAV2.0.0.13","4.0.0.2353","PSt7-10","000000-000","8/7/2024 3:37:09 PM","0000-00","0","no battery","V","215852","µV","96196","µV"
"08/11/2024","12:08:52","2","default","203499907","Sensor2","53.041","min","224.147","μmol/L","Humid","23.164","deg","96060","µV","18.546","°C","985.000","hPa","35.0","pmil","0","51.462","deg","22.621","°C","100.000","%a.s.","22.257","deg","22.682","°C","985.000","hPa","0.861","-0.02056","0.00035","-0.00011","0","14.7","Humid","28.35","0","65.20","249215.06","SABD0002000014","AAV2.0.0.13","4.0.0.2353","PSt7-10","000000-000","8/7/2024 3:37:09 PM","0000-00","0","no battery","V","215852","µV","96196","µV"
"08/11/2024","12:08:53","2","default","203499907","Sensor2","53.058","min","224.187","μmol/L","Humid","23.162","deg","96063","µV","18.546","°C","985.000","hPa","35.0","pmil","0","51.462","deg","22.621","°C","100.000","%a.s.","22.257","deg","22.682","°C","985.000","hPa","0.861","-0.02056","0.00035","-0.00011","0","14.7","Humid","28.35","0","65.20","249219.77","SABD0002000014","AAV2.0.0.13","4.0.0.2353","PSt7-10","000000-000","8/7/2024 3:37:09 PM","0000-00","0","no battery","V","215852","µV","96196","µV"
"08/11/2024","12:08:54","2","default","203499907","Sensor2","53.075","min","224.107","μmol/L","Humid","23.166","deg","96059","µV","18.546","°C","985.000","hPa","35.0","pmil","0","51.462","deg","22.621","°C","100.000","%a.s.","22.257","deg","22.682","°C","985.000","hPa","0.861","-0.02056","0.00035","-0.00011","0","14.7","Humid","28.35","0","65.20","249208.55","SABD0002000014","AAV2.0.0.13","4.0.0.2353","PSt7-10","000000-000","8/7/2024 3:37:09 PM","0000-00","0","no battery","V","215852","µV","96196","µV"
"08/11/2024","12:08:55","2","default","203499907","Sensor2","53.091","min","224.171","μmol/L","Humid","23.165","deg","96056","µV","18.540","°C","985.000","hPa","35.0","pmil","0","51.462","deg","22.621","°C","100.000","%a.s.","22.257","deg","22.682","°C","985.000","hPa","0.861","-0.02056","0.00035","-0.00011","0","14.7","Humid","28.35","0","65.20","249203.59","SABD0002000014","AAV2.0.0.13","4.0.0.2353","PSt7-10","000000-000","8/7/2024 3:37:09 PM","0000-00","0","no battery","V","215852","µV","96196","µV"
"08/11/2024","12:08:56","2","default","203499907","Sensor2","53.108","min","224.147","μmol/L","Humid","23.164","deg","96071","µV","18.546","°C","985.000","hPa","35.0","pmil","0","51.462","deg","22.621","°C","100.000","%a.s.","22.257","deg","22.682","°C","985.000","hPa","0.861","-0.02056","0.00035","-0.00011","0","14.7","Humid","28.35","0","65.20","249211.06","SABD0002000014","AAV2.0.0.13","4.0.0.2353","PSt7-10","000000-000","8/7/2024 3:37:09 PM","0000-00","0","no battery","V","215852","µV","96196","µV"
"08/11/2024","12:08:57","2","default","203499907","Sensor2","53.125","min","224.167","μmol/L","Humid","23.163","deg","96066","µV","18.546","°C","985.000","hPa","35.0","pmil","0","51.462","deg","22.621","°C","100.000","%a.s.","22.257","deg","22.682","°C","985.000","hPa","0.861","-0.02056","0.00035","-0.00011","0","14.7","Humid","28.35","0","65.20","249202.19","SABD0002000014","AAV2.0.0.13","4.0.0.2353","PSt7-10","000000-000","8/7/2024 3:37:09 PM","0000-00","0","no battery","V","215852","µV","96196","µV"
"08/11/2024","12:08:58","2","default","203499907","Sensor2","53.141","min","224.191","μmol/L","Humid","23.164","deg","96066","µV","18.540","°C","985.000","hPa","35.0","pmil","0","51.462","deg","22.621","°C","100.000","%a.s.","22.257","deg","22.682","°C","985.000","hPa","0.861","-0.02056","0.00035","-0.00011","0","14.7","Humid","28.35","0","65.20","249203.57","SABD0002000014","AAV2.0.0.13","4.0.0.2353","PSt7-10","000000-000","8/7/2024 3:37:09 PM","0000-00","0","no battery","V","215852","µV","96196","µV"
"08/11/2024","12:08:59","2","default","203499907","Sensor2","53.158","min","224.087","μmol/L","Humid","23.167","deg","96079","µV","18.546","°C","985.000","hPa","35.0","pmil","0","51.462","deg","22.621","°C","100.000","%a.s.","22.257","deg","22.682","°C","985.000","hPa","0.861","-0.02056","0.00035","-0.00011","0","14.7","Humid","28.35","0","65.20","249215.87","SABD0002000014","AAV2.0.0.13","4.0.0.2353","PSt7-10","000000-000","8/7/2024 3:37:09 PM","0000-00","0","no battery","V","215852","µV","96196","µV"
"08/11/2024","12:09:00","2","default","203499907","Sensor2","53.175","min","224.092","μmol/L","Humid","23.169","deg","96070","µV","18.540","°C","985.000","hPa","35.0","pmil","0","51.462","deg","22.621","°C","100.000","%a.s.","22.257","deg","22.682","°C","985.000","hPa","0.861","-0.02056","0.00035","-0.00011","0","14.7","Humid","28.35","0","65.20","249205.79","SABD0002000014","AAV2.0.0.13","4.0.0.2353","PSt7-10","000000-000","8/7/2024 3:37:09 PM","0000-00","0","no battery","V","215852","µV","96196","µV"
"08/11/2024","12:09:01","2","default","203499907","Sensor2","53.192","min","224.151","μmol/L","Humid","23.166","deg","96079","µV","18.540","°C","985.000","hPa","35.0","pmil","0","51.462","deg","22.621","°C","100.000","%a.s.","22.257","deg","22.682","°C","985.000","hPa","0.861","-0.02056","0.00035","-0.00011","0","14.7","Humid","28.35","0","65.20","249207.61","SABD0002000014","AAV2.0.0.13","4.0.0.2353","PSt7-10","000000-000","8/7/2024 3:37:09 PM","0000-00","0","no battery","V","215852","µV","96196","µV"
"08/11/2024","12:09:02","2","default","203499907","Sensor2","53.208","min","224.028","μmol/L","Humid","23.170","deg","96077","µV","18.546","°C","985.000","hPa","35.0","pmil","0","51.462","deg","22.621","°C","100.000","%a.s.","22.257","deg","22.682","°C","985.000","hPa","0.861","-0.02056","0.00035","-0.00011","0","14.7","Humid","28.35","0","65.20","249209.07","SABD0002000014","AAV2.0.0.13","4.0.0.2353","PSt7-10","000000-000","8/7/2024 3:37:09 PM","0000-00","0","no battery","V","215852","µV","96196","µV"
"08/11/2024","12:09:03","2","default","203499907","Sensor2","53.225","min","224.151","μmol/L","Humid","23.166","deg","96073","µV","18.540","°C","985.000","hPa","35.0","pmil","0","51.462","deg","22.621","°C","100.000","%a.s.","22.257","deg","22.682","°C","985.000","hPa","0.861","-0.02056","0.00035","-0.00011","0","14.7","Humid","28.35","0","65.20","249211.24","SABD0002000014","AAV2.0.0.13","4.0.0.2353","PSt7-10","000000-000","8/7/2024 3:37:09 PM","0000-00","0","no battery","V","215852","µV","96196","µV"
"08/11/2024","12:09:04","2","default","203499907","Sensor2","53.241","min","224.008","μmol/L","Humid","23.171","deg","96077","µV","18.546","°C","985.000","hPa","35.0","pmil","0","51.462","deg","22.621","°C","100.000","%a.s.","22.257","deg","22.682","°C","985.000","hPa","0.861","-0.02056","0.00035","-0.00011","0","14.7","Humid","28.35","0","65.20","249217.11","SABD0002000014","AAV2.0.0.13","4.0.0.2353","PSt7-10","000000-000","8/7/2024 3:37:09 PM","0000-00","0","no battery","V","215852","µV","96196","µV"
"08/11/2024","12:09:05","2","default","203499907","Sensor2","53.258","min","224.067","μmol/L","Humid","23.168","deg","96083","µV","18.546","°C","985.000","hPa","35.0","pmil","0","51.462","deg","22.621","°C","100.000","%a.s.","22.257","deg","22.682","°C","985.000","hPa","0.861","-0.02056","0.00035","-0.00011","0","14.7","Humid","28.35","0","65.20","249218.21","SABD0002000014","AAV2.0.0.13","4.0.0.2353","PSt7-10","000000-000","8/7/2024 3:37:09 PM","0000-00","0","no battery","V","215852","µV","96196","µV"
"08/11/2024","12:09:06","2","default","203499907","Sensor2","53.274","min","224.047","μmol/L","Humid","23.169","deg","96088","µV","18.546","°C","985.000","hPa","35.0","pmil","0","51.462","deg","22.621","°C","100.000","%a.s.","22.257","deg","22.682","°C","985.000","hPa","0.861","-0.02056","0.00035","-0.00011","0","14.7","Humid","28.35","0","65.20","249225.30","SABD0002000014","AAV2.0.0.13","4.0.0.2353","PSt7-10","000000-000","8/7/2024 3:37:09 PM","0000-00","0","no battery","V","215852","µV","96196","µV"
"08/11/2024","12:09:07","2","default","203499907","Sensor2","53.291","min","224.047","μmol/L","Humid","23.169","deg","96086","µV","18.546","°C","985.000","hPa","35.0","pmil","0","51.462","deg","22.621","°C","100.000","%a.s.","22.257","deg","22.682","°C","985.000","hPa","0.861","-0.02056","0.00035","-0.00011","0","14.7","Humid","28.35","0","65.20","249217.48","SABD0002000014","AAV2.0.0.13","4.0.0.2353","PSt7-10","000000-000","8/7/2024 3:37:09 PM","0000-00","0","no battery","V","215852","µV","96196","µV"
"08/11/2024","12:09:08","2","default","203499907","Sensor2","53.308","min","224.043","μmol/L","Humid","23.167","deg","96089","µV","18.552","°C","985.000","hPa","35.0","pmil","0","51.462","deg","22.621","°C","100.000","%a.s.","22.257","deg","22.682","°C","985.000","hPa","0.861","-0.02056","0.00035","-0.00011","0","14.7","Humid","28.35","0","65.20","249219.37","SABD0002000014","AAV2.0.0.13","4.0.0.2353","PSt7-10","000000-000","8/7/2024 3:37:09 PM","0000-00","0","no battery","V","215852","µV","96196","µV"
"08/11/2024","12:09:09","2","default","203499907","Sensor2","53.325","min","224.067","μmol/L","Humid","23.168","deg","96088","µV","18.546","°C","985.000","hPa","35.0","pmil","0","51.462","deg","22.621","°C","100.000","%a.s.","22.257","deg","22.682","°C","985.000","hPa","0.861","-0.02056","0.00035","-0.00011","0","14.7","Humid","28.35","0","65.20","249210.65","SABD0002000014","AAV2.0.0.13","4.0.0.2353","PSt7-10","000000-000","8/7/2024 3:37:09 PM","0000-00","0","no battery","V","215852","µV","96196","µV"
"08/11/2024","12:09:10","2","default","203499907","Sensor2","53.342","min","223.968","μmol/L","Humid","23.173","deg","96099","µV","18.546","°C","985.000","hPa","35.0","pmil","0","51.462","deg","22.621","°C","100.000","%a.s.","22.257","deg","22.682","°C","985.000","hPa","0.861","-0.02056","0.00035","-0.00011","0","14.7","Humid","28.35","0","65.20","249228.85","SABD0002000014","AAV2.0.0.13","4.0.0.2353","PSt7-10","000000-000","8/7/2024 3:37:09 PM","0000-00","0","no battery","V","215852","µV","96196","µV"
"08/11/2024","12:09:11","2","default","203499907","Sensor2","53.358","min","223.948","μmol/L","Humid","23.174","deg","96090","µV","18.546","°C","985.000","hPa","35.0","pmil","0","51.462","deg","22.621","°C","100.000","%a.s.","22.257","deg","22.682","°C","985.000","hPa","0.861","-0.02056","0.00035","-0.00011","0","14.7","Humid","28.35","0","65.20","249212.04","SABD0002000014","AAV2.0.0.13","4.0.0.2353","PSt7-10","000000-000","8/7/2024 3:37:09 PM","0000-00","0","no battery","V","215852","µV","96196","µV"
"08/11/2024","12:09:12","2","default","203499907","Sensor2","53.375","min","224.116","μmol/L","Humid","23.170","deg","96098","µV","18.534","°C","985.000","hPa","35.0","pmil","0","51.462","deg","22.621","°C","100.000","%a.s.","22.257","deg","22.682","°C","985.000","hPa","0.861","-0.02056","0.00035","-0.00011","0","14.7","Humid","28.35","0","65.20","249212.81","SABD0002000014","AAV2.0.0.13","4.0.0.2353","PSt7-10","000000-000","8/7/2024 3:37:09 PM","0000-00","0","no battery","V","215852","µV","96196","µV"
"08/11/2024","12:09:13","2","default","203499907","Sensor2","53.391","min","224.112","μmol/L","Humid","23.168","deg","96101","µV","18.540","°C","985.000","hPa","35.0","pmil","0","51.462","deg","22.621","°C","100.000","%a.s.","22.257","deg","22.682","°C","985.000","hPa","0.861","-0.02056","0.00035","-0.00011","0","14.7","Humid","28.35","0","65.20","249213.34","SABD0002000014","AAV2.0.0.13","4.0.0.2353","PSt7-10","000000-000","8/7/2024 3:37:09 PM","0000-00","0","no battery","V","215852","µV","96196","µV"
"08/11/2024","12:09:14","2","default","203499907","Sensor2","53.408","min","224.032","μmol/L","Humid","23.172","deg","96094","µV","18.540","°C","985.000","hPa","35.0","pmil","0","51.462","deg","22.621","°C","100.000","%a.s.","22.257","deg","22.682","°C","985.000","hPa","0.861","-0.02056","0.00035","-0.00011","0","14.7","Humid","28.35","0","65.20","249211.26","SABD0002000014","AAV2.0.0.13","4.0.0.2353","PSt7-10","000000-000","8/7/2024 3:37:09 PM","0000-00","0","no battery","V","215852","µV","96196","µV"
"08/11/2024","12:09:15","2","default","203499907","Sensor2","53.425","min","224.092","μmol/L","Humid","23.169","deg","96093","µV","18.540","°C","985.000","hPa","35.0","pmil","0","51.462","deg","22.621","°C","100.000","%a.s.","22.257","deg","22.682","°C","985.000","hPa","0.861","-0.02056","0.00035","-0.00011","0","14.7","Humid","28.35","0","65.20","249204.95","SABD0002000014","AAV2.0.0.13","4.0.0.2353","PSt7-10","000000-000","8/7/2024 3:37:09 PM","0000-00","0","no battery","V","215852","µV","96196","µV"
"08/11/2024","12:09:16","2","default","203499907","Sensor2","53.441","min","223.988","μmol/L","Humid","23.172","deg","96100","µV","18.546","°C","985.000","hPa","35.0","pmil","0","51.462","deg","22.621","°C","100.000","%a.s.","22.257","deg","22.682","°C","985.000","hPa","0.861","-0.02056","0.00035","-0.00011","0","14.7","Humid","28.35","0","65.20","249203.20","SABD0002000014","AAV2.0.0.13","4.0.0.2353","PSt7-10","000000-000","8/7/2024 3:37:09 PM","0000-00","0","no battery","V","215852","µV","96196","µV"
"08/11/2024","12:09:17","2","default","203499907","Sensor2","53.458","min","224.096","μmol/L","Humid","23.171","deg","96106","µV","18.534","°C","985.000","hPa","35.0","pmil","0","51.462","deg","22.621","°C","100.000","%a.s.","22.257","deg","22.682","°C","985.000","hPa","0.861","-0.02056","0.00035","-0.00011","0","14.7","Humid","28.35","0","65.20","249218.33","SABD0002000014","AAV2.0.0.13","4.0.0.2353","PSt7-10","000000-000","8/7/2024 3:37:09 PM","0000-00","0","no battery","V","215852","µV","96196","µV"
"08/11/2024","12:09:18","2","default","203499907","Sensor2","53.475","min","224.012","μmol/L","Humid","23.173","deg","96107","µV","18.540","°C","985.000","hPa","35.0","pmil","0","51.462","deg","22.621","°C","100.000","%a.s.","22.257","deg","22.682","°C","985.000","hPa","0.861","-0.02056","0.00035","-0.00011","0","14.7","Humid","28.35","0","65.20","249220.32","SABD0002000014","AAV2.0.0.13","4.0.0.2353","PSt7-10","000000-000","8/7/2024 3:37:09 PM","0000-00","0","no battery","V","215852","µV","96196","µV"
"08/11/2024","12:09:19","2","default","203499907","Sensor2","53.491","min","223.948","μmol/L","Humid","23.174","deg","96107","µV","18.546","°C","985.000","hPa","35.0","pmil","0","51.462","deg","22.621","°C","100.000","%a.s.","22.257","deg","22.682","°C","985.000","hPa","0.861","-0.02056","0.00035","-0.00011","0","14.7","Humid","28.35","0","65.20","249204.72","SABD0002000014","AAV2.0.0.13","4.0.0.2353","PSt7-10","000000-000","8/7/2024 3:37:09 PM","0000-00","0","no battery","V","215852","µV","96196","µV"
"08/11/2024","12:09:20","2","default","203499907","Sensor2","53.508","min","223.952","μmol/L","Humid","23.176","deg","96107","µV","18.540","°C","985.000","hPa","35.0","pmil","0","51.462","deg","22.621","°C","100.000","%a.s.","22.257","deg","22.682","°C","985.000","hPa","0.861","-0.02056","0.00035","-0.00011","0","14.7","Humid","28.35","0","65.20","249219.59","SABD0002000014","AAV2.0.0.13","4.0.0.2353","PSt7-10","000000-000","8/7/2024 3:37:09 PM","0000-00","0","no battery","V","215852","µV","96196","µV"
"08/11/2024","12:09:21","2","default","203499907","Sensor2","53.525","min","224.032","μmol/L","Humid","23.172","deg","96107","µV","18.540","°C","985.000","hPa","35.0","pmil","0","51.462","deg","22.621","°C","100.000","%a.s.","22.257","deg","22.682","°C","985.000","hPa","0.861","-0.02056","0.00035","-0.00011","0","14.7","Humid","28.35","0","65.20","249210.03","SABD0002000014","AAV2.0.0.13","4.0.0.2353","PSt7-10","000000-000","8/7/2024 3:37:09 PM","0000-00","0","no battery","V","215852","µV","96196","µV"
"08/11/2024","12:09:22","2","default","203499907","Sensor2","53.541","min","224.096","μmol/L","Humid","23.171","deg","96104","µV","18.534","°C","985.000","hPa","35.0","pmil","0","51.462","deg","22.621","°C","100.000","%a.s.","22.257","deg","22.682","°C","985.000","hPa","0.861","-0.02056","0.00035","-0.00011","0","14.7","Humid","28.35","0","65.20","249208.07","SABD0002000014","AAV2.0.0.13","4.0.0.2353","PSt7-10","000000-000","8/7/2024 3:37:09 PM","0000-00","0","no battery","V","215852","µV","96196","µV"
"08/11/2024","12:09:23","2","default","203499907","Sensor2","53.558","min","224.052","μmol/L","Humid","23.171","deg","96113","µV","18.540","°C","985.000","hPa","35.0","pmil","0","51.462","deg","22.621","°C","100.000","%a.s.","22.257","deg","22.682","°C","985.000","hPa","0.861","-0.02056","0.00035","-0.00011","0","14.7","Humid","28.35","0","65.20","249209.81","SABD0002000014","AAV2.0.0.13","4.0.0.2353","PSt7-10","000000-000","8/7/2024 3:37:09 PM","0000-00","0","no battery","V","215852","µV","96196","µV"
"08/11/2024","12:09:24","2","default","203499907","Sensor2","53.575","min","223.932","μmol/L","Humid","23.177","deg","96115","µV","18.540","°C","985.000","hPa","35.0","pmil","0","51.462","deg","22.621","°C","100.000","%a.s.","22.257","deg","22.682","°C","985.000","hPa","0.861","-0.02056","0.00035","-0.00011","0","14.7","Humid","28.35","0","65.20","249215.08","SABD0002000014","AAV2.0.0.13","4.0.0.2353","PSt7-10","000000-000","8/7/2024 3:37:09 PM","0000-00","0","no battery","V","215852","µV","96196","µV"
"08/11/2024","12:09:25","2","default","203499907","Sensor2","53.592","min","223.932","μmol/L","Humid","23.177","deg","96117","µV","18.540","°C","985.000","hPa","35.0","pmil","0","51.462","deg","22.621","°C","100.000","%a.s.","22.257","deg","22.682","°C","985.000","hPa","0.861","-0.02056","0.00035","-0.00011","0","14.7","Humid","28.35","0","65.20","249212.11","SABD0002000014","AAV2.0.0.13","4.0.0.2353","PSt7-10","000000-000","8/7/2024 3:37:09 PM","0000-00","0","no battery","V","215852","µV","96196","µV"
"08/11/2024","12:09:26","2","default","203499907","Sensor2","53.608","min","223.928","μmol/L","Humid","23.175","deg","96119","µV","18.546","°C","985.000","hPa","35.0","pmil","0","51.462","deg","22.621","°C","100.000","%a.s.","22.257","deg","22.682","°C","985.000","hPa","0.861","-0.02056","0.00035","-0.00011","0","14.7","Humid","28.35","0","65.20","249213.67","SABD0002000014","AAV2.0.0.13","4.0.0.2353","PSt7-10","000000-000","8/7/2024 3:37:09 PM","0000-00","0","no battery","V","215852","µV","96196","µV"
"08/11/2024","12:09:27","2","default","203499907","Sensor2","53.624","min","223.948","μmol/L","Humid","23.174","deg","96101","µV","18.546","°C","985.000","hPa","35.0","pmil","0","51.462","deg","22.621","°C","100.000","%a.s.","22.257","deg","22.682","°C","985.000","hPa","0.861","-0.02056","0.00035","-0.00011","0","14.7","Humid","28.35","0","65.20","249211.07","SABD0002000014","AAV2.0.0.13","4.0.0.2353","PSt7-10","000000-000","8/7/2024 3:37:09 PM","0000-00","0","no battery","V","215852","µV","96196","µV"
"08/11/2024","12:09:28","2","default","203499907","Sensor2","53.641","min","223.809","μmol/L","Humid","23.181","deg","96123","µV","18.546","°C","985.000","hPa","35.0","pmil","0","51.462","deg","22.621","°C","100.000","%a.s.","22.257","deg","22.682","°C","985.000","hPa","0.861","-0.02056","0.00035","-0.00011","0","14.7","Humid","28.35","0","65.20","249210.65","SABD0002000014","AAV2.0.0.13","4.0.0.2353","PSt7-10","000000-000","8/7/2024 3:37:09 PM","0000-00","0","no battery","V","215852","µV","96196","µV"
"08/11/2024","12:09:29","2","default","203499907","Sensor2","53.658","min","223.809","μmol/L","Humid","23.181","deg","96129","µV","18.546","°C","985.000","hPa","35.0","pmil","0","51.462","deg","22.621","°C","100.000","%a.s.","22.257","deg","22.682","°C","985.000","hPa","0.861","-0.02056","0.00035","-0.00011","0","14.7","Humid","28.35","0","65.20","249216.22","SABD0002000014","AAV2.0.0.13","4.0.0.2353","PSt7-10","000000-000","8/7/2024 3:37:09 PM","0000-00","0","no battery","V","215852","µV","96196","µV"
"08/11/2024","12:09:30","2","default","203499907","Sensor2","53.674","min","223.888","μmol/L","Humid","23.177","deg","96129","µV","18.546","°C","985.000","hPa","35.0","pmil","0","51.462","deg","22.621","°C","100.000","%a.s.","22.257","deg","22.682","°C","985.000","hPa","0.861","-0.02056","0.00035","-0.00011","0","14.7","Humid","28.35","0","65.20","249205.48","SABD0002000014","AAV2.0.0.13","4.0.0.2353","PSt7-10","000000-000","8/7/2024 3:37:09 PM","0000-00","0","no battery","V","215852","µV","96196","µV"
"08/11/2024","12:09:31","2","default","203499907","Sensor2","53.691","min","223.868","μmol/L","Humid","23.178","deg","96123","µV","18.546","°C","985.000","hPa","35.0","pmil","0","51.462","deg","22.621","°C","100.000","%a.s.","22.257","deg","22.682","°C","985.000","hPa","0.861","-0.02056","0.00035","-0.00011","0","14.7","Humid","28.35","0","65.20","249202.46","SABD0002000014","AAV2.0.0.13","4.0.0.2353","PSt7-10","000000-000","8/7/2024 3:37:09 PM","0000-00","0","no battery","V","215852","µV","96196","µV"
"08/11/2024","12:09:32","2","default","203499907","Sensor2","53.708","min","223.888","μmol/L","Humid","23.177","deg","96122","µV","18.546","°C","985.000","hPa","35.0","pmil","0","51.462","deg","22.621","°C","100.000","%a.s.","22.257","deg","22.682","°C","985.000","hPa","0.861","-0.02056","0.00035","-0.00011","0","14.7","Humid","28.35","0","65.20","249211.13","SABD0002000014","AAV2.0.0.13","4.0.0.2353","PSt7-10","000000-000","8/7/2024 3:37:09 PM","0000-00","0","no battery","V","215852","µV","96196","µV"
"08/11/2024","12:09:33","2","default","203499907","Sensor2","53.725","min","223.789","μmol/L","Humid","23.182","deg","96128","µV","18.546","°C","985.000","hPa","35.0","pmil","0","51.462","deg","22.621","°C","100.000","%a.s.","22.257","deg","22.682","°C","985.000","hPa","0.861","-0.02056","0.00035","-0.00011","0","14.7","Humid","28.35","0","65.20","249209.57","SABD0002000014","AAV2.0.0.13","4.0.0.2353","PSt7-10","000000-000","8/7/2024 3:37:09 PM","0000-00","0","no battery","V","215852","µV","96196","µV"
"08/11/2024","12:09:34","2","default","203499907","Sensor2","53.741","min","223.828","μmol/L","Humid","23.180","deg","96130","µV","18.546","°C","985.000","hPa","35.0","pmil","0","51.462","deg","22.621","°C","100.000","%a.s.","22.257","deg","22.682","°C","985.000","hPa","0.861","-0.02056","0.00035","-0.00011","0","14.7","Humid","28.35","0","65.20","249208.00","SABD0002000014","AAV2.0.0.13","4.0.0.2353","PSt7-10","000000-000","8/7/2024 3:37:09 PM","0000-00","0","no battery","V","215852","µV","96196","µV"
"08/11/2024","12:09:35","2","default","203499907","Sensor2","53.758","min","223.908","μmol/L","Humid","23.176","deg","96139","µV","18.546","°C","985.000","hPa","35.0","pmil","0","51.462","deg","22.621","°C","100.000","%a.s.","22.257","deg","22.682","°C","985.000","hPa","0.861","-0.02056","0.00035","-0.00011","0","14.7","Humid","28.35","0","65.20","249214.32","SABD0002000014","AAV2.0.0.13","4.0.0.2353","PSt7-10","000000-000","8/7/2024 3:37:09 PM","0000-00","0","no battery","V","215852","µV","96196","µV"
"08/11/2024","12:09:36","2","default","203499907","Sensor2","53.775","min","223.848","μmol/L","Humid","23.179","deg","96130","µV","18.546","°C","985.000","hPa","35.0","pmil","0","51.462","deg","22.621","°C","100.000","%a.s.","22.257","deg","22.682","°C","985.000","hPa","0.861","-0.02056","0.00035","-0.00011","0","14.7","Humid","28.35","0","65.20","249214.77","SABD0002000014","AAV2.0.0.13","4.0.0.2353","PSt7-10","000000-000","8/7/2024 3:37:09 PM","0000-00","0","no battery","V","215852","µV","96196","µV"
"08/11/2024","12:09:37","2","default","203499907","Sensor2","53.792","min","223.868","μmol/L","Humid","23.178","deg","96138","µV","18.546","°C","985.000","hPa","35.0","pmil","0","51.462","deg","22.621","°C","100.000","%a.s.","22.257","deg","22.682","°C","985.000","hPa","0.861","-0.02056","0.00035","-0.00011","0","14.7","Humid","28.35","0","65.20","249203.15","SABD0002000014","AAV2.0.0.13","4.0.0.2353","PSt7-10","000000-000","8/7/2024 3:37:09 PM","0000-00","0","no battery","V","215852","µV","96196","µV"
"08/11/2024","12:09:38","2","default","203499907","Sensor2","53.808","min","223.789","μmol/L","Humid","23.182","deg","96136","µV","18.546","°C","985.000","hPa","35.0","pmil","0","51.462","deg","22.621","°C","100.000","%a.s.","22.257","deg","22.682","°C","985.000","hPa","0.861","-0.02056","0.00035","-0.00011","0","14.7","Humid","28.35","0","65.20","249204.08","SABD0002000014","AAV2.0.0.13","4.0.0.2353","PSt7-10","000000-000","8/7/2024 3:37:09 PM","0000-00","0","no battery","V","215852","µV","96196","µV"
"08/11/2024","12:09:39","2","default","203499907","Sensor2","53.825","min","223.764","μmol/L","Humid","23.181","deg","96140","µV","18.552","°C","985.000","hPa","35.0","pmil","0","51.462","deg","22.621","°C","100.000","%a.s.","22.257","deg","22.682","°C","985.000","hPa","0.861","-0.02056","0.00035","-0.00011","0","14.7","Humid","28.35","0","65.20","249200.85","SABD0002000014","AAV2.0.0.13","4.0.0.2353","PSt7-10","000000-000","8/7/2024 3:37:09 PM","0000-00","0","no battery","V","215852","µV","96196","µV"
"08/11/2024","12:09:40","2","default","203499907","Sensor2","53.842","min","223.828","μmol/L","Humid","23.180","deg","96144","µV","18.546","°C","985.000","hPa","35.0","pmil","0","51.462","deg","22.621","°C","100.000","%a.s.","22.257","deg","22.682","°C","985.000","hPa","0.861","-0.02056","0.00035","-0.00011","0","14.7","Humid","28.35","0","65.20","249207.51","SABD0002000014","AAV2.0.0.13","4.0.0.2353","PSt7-10","000000-000","8/7/2024 3:37:09 PM","0000-00","0","no battery","V","215852","µV","96196","µV"
"08/11/2024","12:09:41","2","default","203499907","Sensor2","53.858","min","223.937","μmol/L","Humid","23.179","deg","96143","µV","18.534","°C","985.000","hPa","35.0","pmil","0","51.462","deg","22.621","°C","100.000","%a.s.","22.257","deg","22.682","°C","985.000","hPa","0.861","-0.02056","0.00035","-0.00011","0","14.7","Humid","28.35","0","65.20","249206.25","SABD0002000014","AAV2.0.0.13","4.0.0.2353","PSt7-10","000000-000","8/7/2024 3:37:09 PM","0000-00","0","no battery","V","215852","µV","96196","µV"
"08/11/2024","12:09:42","2","default","203499907","Sensor2","53.874","min","223.809","μmol/L","Humid","23.181","deg","96138","µV","18.546","°C","985.000","hPa","35.0","pmil","0","51.462","deg","22.621","°C","100.000","%a.s.","22.257","deg","22.682","°C","985.000","hPa","0.861","-0.02056","0.00035","-0.00011","0","14.7","Humid","28.35","0","65.20","249208.14","SABD0002000014","AAV2.0.0.13","4.0.0.2353","PSt7-10","000000-000","8/7/2024 3:37:09 PM","0000-00","0","no battery","V","215852","µV","96196","µV"
"08/11/2024","12:09:43","2","default","203499907","Sensor2","53.891","min","223.848","μmol/L","Humid","23.179","deg","96150","µV","18.546","°C","985.000","hPa","35.0","pmil","0","51.462","deg","22.621","°C","100.000","%a.s.","22.257","deg","22.682","°C","985.000","hPa","0.861","-0.02056","0.00035","-0.00011","0","14.7","Humid","28.35","0","65.20","249212.07","SABD0002000014","AAV2.0.0.13","4.0.0.2353","PSt7-10","000000-000","8/7/2024 3:37:09 PM","0000-00","0","no battery","V","215852","µV","96196","µV"
"08/11/2024","12:09:44","2","default","203499907","Sensor2","53.908","min","223.873","μmol/L","Humid","23.180","deg","96146","µV","18.540","°C","985.000","hPa","35.0","pmil","0","51.462","deg","22.621","°C","100.000","%a.s.","22.257","deg","22.682","°C","985.000","hPa","0.861","-0.02056","0.00035","-0.00011","0","14.7","Humid","28.35","0","65.20","249208.20","SABD0002000014","AAV2.0.0.13","4.0.0.2353","PSt7-10","000000-000","8/7/2024 3:37:09 PM","0000-00","0","no battery","V","215852","µV","96196","µV"
"08/11/2024","12:09:45","2","default","203499907","Sensor2","53.925","min","223.709","μmol/L","Humid","23.186","deg","96152","µV","18.546","°C","985.000","hPa","35.0","pmil","0","51.462","deg","22.621","°C","100.000","%a.s.","22.257","deg","22.682","°C","985.000","hPa","0.861","-0.02056","0.00035","-0.00011","0","14.7","Humid","28.35","0","65.20","249203.37","SABD0002000014","AAV2.0.0.13","4.0.0.2353","PSt7-10","000000-000","8/7/2024 3:37:09 PM","0000-00","0","no battery","V","215852","µV","96196","µV"
"08/11/2024","12:09:46","2","default","203499907","Sensor2","53.941","min","223.709","μmol/L","Humid","23.186","deg","96143","µV","18.546","°C","985.000","hPa","35.0","pmil","0","51.462","deg","22.621","°C","100.000","%a.s.","22.257","deg","22.682","°C","985.000","hPa","0.861","-0.02056","0.00035","-0.00011","0","14.7","Humid","28.35","0","65.20","249208.87","SABD0002000014","AAV2.0.0.13","4.0.0.2353","PSt7-10","000000-000","8/7/2024 3:37:09 PM","0000-00","0","no battery","V","215852","µV","96196","µV"
"08/11/2024","12:09:47","2","default","203499907","Sensor2","53.958","min","223.753","μmol/L","Humid","23.186","deg","96150","µV","18.540","°C","985.000","hPa","35.0","pmil","0","51.462","deg","22.621","°C","100.000","%a.s.","22.257","deg","22.682","°C","985.000","hPa","0.861","-0.02056","0.00035","-0.00011","0","14.7","Humid","28.35","0","65.20","249204.50","SABD0002000014","AAV2.0.0.13","4.0.0.2353","PSt7-10","000000-000","8/7/2024 3:37:09 PM","0000-00","0","no battery","V","215852","µV","96196","µV"
"08/11/2024","12:09:48","2","default","203499907","Sensor2","53.975","min","223.733","μmol/L","Humid","23.187","deg","96151","µV","18.540","°C","985.000","hPa","35.0","pmil","0","51.462","deg","22.621","°C","100.000","%a.s.","22.257","deg","22.682","°C","985.000","hPa","0.861","-0.02056","0.00035","-0.00011","0","14.7","Humid","28.35","0","65.20","249207.82","SABD0002000014","AAV2.0.0.13","4.0.0.2353","PSt7-10","000000-000","8/7/2024 3:37:09 PM","0000-00","0","no battery","V","215852","µV","96196","µV"
"08/11/2024","12:09:49","2","default","203499907","Sensor2","53.992","min","223.669","μmol/L","Humid","23.188","deg","96159","µV","18.546","°C","985.000","hPa","35.0","pmil","0","51.462","deg","22.621","°C","100.000","%a.s.","22.257","deg","22.682","°C","985.000","hPa","0.861","-0.02056","0.00035","-0.00011","0","14.7","Humid","28.35","0","65.20","249215.86","SABD0002000014","AAV2.0.0.13","4.0.0.2353","PSt7-10","000000-000","8/7/2024 3:37:09 PM","0000-00","0","no battery","V","215852","µV","96196","µV"
"08/11/2024","12:09:50","2","default","203499907","Sensor2","54.008","min","223.753","μmol/L","Humid","23.186","deg","96157","µV","18.540","°C","985.000","hPa","35.0","pmil","0","51.462","deg","22.621","°C","100.000","%a.s.","22.257","deg","22.682","°C","985.000","hPa","0.861","-0.02056","0.00035","-0.00011","0","14.7","Humid","28.35","0","65.20","249207.42","SABD0002000014","AAV2.0.0.13","4.0.0.2353","PSt7-10","000000-000","8/7/2024 3:37:09 PM","0000-00","0","no battery","V","215852","µV","96196","µV"
"08/11/2024","12:09:51","2","default","203499907","Sensor2","54.025","min","223.753","μmol/L","Humid","23.186","deg","96167","µV","18.540","°C","985.000","hPa","35.0","pmil","0","51.462","deg","22.621","°C","100.000","%a.s.","22.257","deg","22.682","°C","985.000","hPa","0.861","-0.02056","0.00035","-0.00011","0","14.7","Humid","28.35","0","65.20","249209.23","SABD0002000014","AAV2.0.0.13","4.0.0.2353","PSt7-10","000000-000","8/7/2024 3:37:09 PM","0000-00","0","no battery","V","215852","µV","96196","µV"
"08/11/2024","12:09:52","2","default","203499907","Sensor2","54.042","min","223.729","μmol/L","Humid","23.185","deg","96158","µV","18.546","°C","985.000","hPa","35.0","pmil","0","51.462","deg","22.621","°C","100.000","%a.s.","22.257","deg","22.682","°C","985.000","hPa","0.861","-0.02056","0.00035","-0.00011","0","14.7","Humid","28.35","0","65.20","249211.02","SABD0002000014","AAV2.0.0.13","4.0.0.2353","PSt7-10","000000-000","8/7/2024 3:37:09 PM","0000-00","0","no battery","V","215852","µV","96196","µV"
"08/11/2024","12:09:53","2","default","203499907","Sensor2","54.058","min","223.649","μmol/L","Humid","23.189","deg","96173","µV","18.546","°C","985.000","hPa","35.0","pmil","0","51.462","deg","22.621","°C","100.000","%a.s.","22.257","deg","22.682","°C","985.000","hPa","0.861","-0.02056","0.00035","-0.00011","0","14.7","Humid","28.35","0","65.20","249210.15","SABD0002000014","AAV2.0.0.13","4.0.0.2353","PSt7-10","000000-000","8/7/2024 3:37:09 PM","0000-00","0","no battery","V","215852","µV","96196","µV"
"08/11/2024","12:09:54","2","default","203499907","Sensor2","54.075","min","223.713","μmol/L","Humid","23.188","deg","96166","µV","18.540","°C","985.000","hPa","35.0","pmil","0","51.462","deg","22.621","°C","100.000","%a.s.","22.257","deg","22.682","°C","985.000","hPa","0.861","-0.02056","0.00035","-0.00011","0","14.7","Humid","28.35","0","65.20","249210.48","SABD0002000014","AAV2.0.0.13","4.0.0.2353","PSt7-10","000000-000","8/7/2024 3:37:09 PM","0000-00","0","no battery","V","215852","µV","96196","µV"
"08/11/2024","12:09:55","2","default","203499907","Sensor2","54.091","min","223.753","μmol/L","Humid","23.186","deg","96175","µV","18.540","°C","985.000","hPa","35.0","pmil","0","51.462","deg","22.621","°C","100.000","%a.s.","22.257","deg","22.682","°C","985.000","hPa","0.861","-0.02056","0.00035","-0.00011","0","14.7","Humid","28.35","0","65.20","249218.91","SABD0002000014","AAV2.0.0.13","4.0.0.2353","PSt7-10","000000-000","8/7/2024 3:37:09 PM","0000-00","0","no battery","V","215852","µV","96196","µV"
"08/11/2024","12:09:56","2","default","203499907","Sensor2","54.108","min","223.689","μmol/L","Humid","23.187","deg","96169","µV","18.546","°C","985.000","hPa","35.0","pmil","0","51.462","deg","22.621","°C","100.000","%a.s.","22.257","deg","22.682","°C","985.000","hPa","0.861","-0.02056","0.00035","-0.00011","0","14.7","Humid","28.35","0","65.20","249206.21","SABD0002000014","AAV2.0.0.13","4.0.0.2353","PSt7-10","000000-000","8/7/2024 3:37:09 PM","0000-00","0","no battery","V","215852","µV","96196","µV"
"08/11/2024","12:09:57","2","default","203499907","Sensor2","54.125","min","223.689","μmol/L","Humid","23.187","deg","96164","µV","18.546","°C","985.000","hPa","35.0","pmil","0","51.462","deg","22.621","°C","100.000","%a.s.","22.257","deg","22.682","°C","985.000","hPa","0.861","-0.02056","0.00035","-0.00011","0","14.7","Humid","28.35","0","65.20","249207.94","SABD0002000014","AAV2.0.0.13","4.0.0.2353","PSt7-10","000000-000","8/7/2024 3:37:09 PM","0000-00","0","no battery","V","215852","µV","96196","µV"
"08/11/2024","12:09:58","2","default","203499907","Sensor2","54.141","min","223.669","μmol/L","Humid","23.188","deg","96165","µV","18.546","°C","985.000","hPa","35.0","pmil","0","51.462","deg","22.621","°C","100.000","%a.s.","22.257","deg","22.682","°C","985.000","hPa","0.861","-0.02056","0.00035","-0.00011","0","14.7","Humid","28.35","0","65.20","249205.50","SABD0002000014","AAV2.0.0.13","4.0.0.2353","PSt7-10","000000-000","8/7/2024 3:37:09 PM","0000-00","0","no battery","V","215852","µV","96196","µV"
"08/11/2024","12:09:59","2","default","203499907","Sensor2","54.158","min","223.654","μmol/L","Humid","23.191","deg","96170","µV","18.540","°C","985.000","hPa","35.0","pmil","0","51.462","deg","22.621","°C","100.000","%a.s.","22.257","deg","22.682","°C","985.000","hPa","0.861","-0.02056","0.00035","-0.00011","0","14.7","Humid","28.35","0","65.20","249206.01","SABD0002000014","AAV2.0.0.13","4.0.0.2353","PSt7-10","000000-000","8/7/2024 3:37:09 PM","0000-00","0","no battery","V","215852","µV","96196","µV"
"08/11/2024","12:10:00","2","default","203499907","Sensor2","54.175","min","223.590","μmol/L","Humid","23.192","deg","96168","µV","18.546","°C","985.000","hPa","35.0","pmil","0","51.462","deg","22.621","°C","100.000","%a.s.","22.257","deg","22.682","°C","985.000","hPa","0.861","-0.02056","0.00035","-0.00011","0","14.7","Humid","28.35","0","65.20","249195.14","SABD0002000014","AAV2.0.0.13","4.0.0.2353","PSt7-10","000000-000","8/7/2024 3:37:09 PM","0000-00","0","no battery","V","215852","µV","96196","µV"
"08/11/2024","12:10:01","2","default","203499907","Sensor2","54.192","min","223.674","μmol/L","Humid","23.190","deg","96171","µV","18.540","°C","985.000","hPa","35.0","pmil","0","51.462","deg","22.621","°C","100.000","%a.s.","22.257","deg","22.682","°C","985.000","hPa","0.861","-0.02056","0.00035","-0.00011","0","14.7","Humid","28.35","0","65.20","249202.45","SABD0002000014","AAV2.0.0.13","4.0.0.2353","PSt7-10","000000-000","8/7/2024 3:37:09 PM","0000-00","0","no battery","V","215852","µV","96196","µV"
"08/11/2024","12:10:02","2","default","203499907","Sensor2","54.208","min","223.614","μmol/L","Humid","23.193","deg","96175","µV","18.540","°C","985.000","hPa","35.0","pmil","0","51.462","deg","22.621","°C","100.000","%a.s.","22.257","deg","22.682","°C","985.000","hPa","0.861","-0.02056","0.00035","-0.00011","0","14.7","Humid","28.35","0","65.20","249200.90","SABD0002000014","AAV2.0.0.13","4.0.0.2353","PSt7-10","000000-000","8/7/2024 3:37:09 PM","0000-00","0","no battery","V","215852","µV","96196","µV"
"08/11/2024","12:10:03","2","default","203499907","Sensor2","54.225","min","223.689","μmol/L","Humid","23.187","deg","96182","µV","18.546","°C","985.000","hPa","35.0","pmil","0","51.462","deg","22.621","°C","100.000","%a.s.","22.257","deg","22.682","°C","985.000","hPa","0.861","-0.02056","0.00035","-0.00011","0","14.7","Humid","28.35","0","65.20","249204.67","SABD0002000014","AAV2.0.0.13","4.0.0.2353","PSt7-10","000000-000","8/7/2024 3:37:09 PM","0000-00","0","no battery","V","215852","µV","96196","µV"
"08/11/2024","12:10:04","2","default","203499907","Sensor2","54.242","min","223.566","μmol/L","Humid","23.191","deg","96180","µV","18.552","°C","985.000","hPa","35.0","pmil","0","51.462","deg","22.621","°C","100.000","%a.s.","22.257","deg","22.682","°C","985.000","hPa","0.861","-0.02056","0.00035","-0.00011","0","14.7","Humid","28.35","0","65.20","249206.88","SABD0002000014","AAV2.0.0.13","4.0.0.2353","PSt7-10","000000-000","8/7/2024 3:37:09 PM","0000-00","0","no battery","V","215852","µV","96196","µV"
"08/11/2024","12:10:05","2","default","203499907","Sensor2","54.258","min","223.669","μmol/L","Humid","23.188","deg","96185","µV","18.546","°C","985.000","hPa","35.0","pmil","0","51.462","deg","22.621","°C","100.000","%a.s.","22.257","deg","22.682","°C","985.000","hPa","0.861","-0.02056","0.00035","-0.00011","0","14.7","Humid","28.35","0","65.20","249209.65","SABD0002000014","AAV2.0.0.13","4.0.0.2353","PSt7-10","000000-000","8/7/2024 3:37:09 PM","0000-00","0","no battery","V","215852","µV","96196","µV"
"08/11/2024","12:10:06","2","default","203499907","Sensor2","54.274","min","223.570","μmol/L","Humid","23.193","deg","96182","µV","18.546","°C","985.000","hPa","35.0","pmil","0","51.462","deg","22.621","°C","100.000","%a.s.","22.257","deg","22.682","°C","985.000","hPa","0.861","-0.02056","0.00035","-0.00011","0","14.7","Humid","28.35","0","65.20","249203.09","SABD0002000014","AAV2.0.0.13","4.0.0.2353","PSt7-10","000000-000","8/7/2024 3:37:09 PM","0000-00","0","no battery","V","215852","µV","96196","µV"
"08/11/2024","12:10:07","2","default","203499907","Sensor2","54.291","min","223.506","μmol/L","Humid","23.194","deg","96186","µV","18.552","°C","985.000","hPa","35.0","pmil","0","51.462","deg","22.621","°C","100.000","%a.s.","22.257","deg","22.682","°C","985.000","hPa","0.861","-0.02056","0.00035","-0.00011","0","14.7","Humid","28.35","0","65.20","249204.71","SABD0002000014","AAV2.0.0.13","4.0.0.2353","PSt7-10","000000-000","8/7/2024 3:37:09 PM","0000-00","0","no battery","V","215852","µV","96196","µV"
"08/11/2024","12:10:08","2","default","203499907","Sensor2","54.308","min","223.510","μmol/L","Humid","23.196","deg","96191","µV","18.546","°C","985.000","hPa","35.0","pmil","0","51.462","deg","22.621","°C","100.000","%a.s.","22.257","deg","22.682","°C","985.000","hPa","0.861","-0.02056","0.00035","-0.00011","0","14.7","Humid","28.35","0","65.20","249204.89","SABD0002000014","AAV2.0.0.13","4.0.0.2353","PSt7-10","000000-000","8/7/2024 3:37:09 PM","0000-00","0","no battery","V","215852","µV","96196","µV"
"08/11/2024","12:10:09","2","default","203499907","Sensor2","54.324","min","223.530","μmol/L","Humid","23.195","deg","96182","µV","18.546","°C","985.000","hPa","35.0","pmil","0","51.462","deg","22.621","°C","100.000","%a.s.","22.257","deg","22.682","°C","985.000","hPa","0.861","-0.02056","0.00035","-0.00011","0","14.7","Humid","28.35","0","65.20","249213.51","SABD0002000014","AAV2.0.0.13","4.0.0.2353","PSt7-10","000000-000","8/7/2024 3:37:09 PM","0000-00","0","no battery","V","215852","µV","96196","µV"
"08/11/2024","12:10:10","2","default","203499907","Sensor2","54.341","min","223.610","μmol/L","Humid","23.191","deg","96185","µV","18.546","°C","985.000","hPa","35.0","pmil","0","51.462","deg","22.621","°C","100.000","%a.s.","22.257","deg","22.682","°C","985.000","hPa","0.861","-0.02056","0.00035","-0.00011","0","14.7","Humid","28.35","0","65.20","249214.43","SABD0002000014","AAV2.0.0.13","4.0.0.2353","PSt7-10","000000-000","8/7/2024 3:37:09 PM","0000-00","0","no battery","V","215852","µV","96196","µV"
"08/11/2024","12:10:11","2","default","203499907","Sensor2","54.358","min","223.466","μmol/L","Humid","23.196","deg","96192","µV","18.552","°C","985.000","hPa","35.0","pmil","0","51.462","deg","22.621","°C","100.000","%a.s.","22.257","deg","22.682","°C","985.000","hPa","0.861","-0.02056","0.00035","-0.00011","0","14.7","Humid","28.35","0","65.20","249207.42","SABD0002000014","AAV2.0.0.13","4.0.0.2353","PSt7-10","000000-000","8/7/2024 3:37:09 PM","0000-00","0","no battery","V","215852","µV","96196","µV"
"08/11/2024","12:10:12","2","default","203499907","Sensor2","54.374","min","223.550","μmol/L","Humid","23.194","deg","96193","µV","18.546","°C","985.000","hPa","35.0","pmil","0","51.462","deg","22.621","°C","100.000","%a.s.","22.257","deg","22.682","°C","985.000","hPa","0.861","-0.02056","0.00035","-0.00011","0","14.7","Humid","28.35","0","65.20","249202.95","SABD0002000014","AAV2.0.0.13","4.0.0.2353","PSt7-10","000000-000","8/7/2024 3:37:09 PM","0000-00","0","no battery","V","215852","µV","96196","µV"
"08/11/2024","12:10:13","2","default","203499907","Sensor2","54.391","min","223.466","μmol/L","Humid","23.196","deg","96196","µV","18.552","°C","985.000","hPa","35.0","pmil","0","51.462","deg","22.621","°C","100.000","%a.s.","22.257","deg","22.682","°C","985.000","hPa","0.861","-0.02056","0.00035","-0.00011","0","14.7","Humid","28.35","0","65.20","249205.14","SABD0002000014","AAV2.0.0.13","4.0.0.2353","PSt7-10","000000-000","8/7/2024 3:37:09 PM","0000-00","0","no battery","V","215852","µV","96196","µV"
"08/11/2024","12:10:14","2","default","203499907","Sensor2","54.408","min","223.546","μmol/L","Humid","23.192","deg","96195","µV","18.552","°C","985.000","hPa","35.0","pmil","0","51.462","deg","22.621","°C","100.000","%a.s.","22.257","deg","22.682","°C","985.000","hPa","0.861","-0.02056","0.00035","-0.00011","0","14.7","Humid","28.35","0","65.20","249209.13","SABD0002000014","AAV2.0.0.13","4.0.0.2353","PSt7-10","000000-000","8/7/2024 3:37:09 PM","0000-00","0","no battery","V","215852","µV","96196","µV"
"08/11/2024","12:10:15","2","default","203499907","Sensor2","54.425","min","223.649","μmol/L","Humid","23.189","deg","96206","µV","18.546","°C","985.000","hPa","35.0","pmil","0","51.462","deg","22.621","°C","100.000","%a.s.","22.257","deg","22.682","°C","985.000","hPa","0.861","-0.02056","0.00035","-0.00011","0","14.7","Humid","28.35","0","65.20","249207.16","SABD0002000014","AAV2.0.0.13","4.0.0.2353","PSt7-10","000000-000","8/7/2024 3:37:09 PM","0000-00","0","no battery","V","215852","µV","96196","µV"
"08/11/2024","12:10:16","2","default","203499907","Sensor2","54.441","min","223.506","μmol/L","Humid","23.194","deg","96203","µV","18.552","°C","985.000","hPa","35.0","pmil","0","51.462","deg","22.621","°C","100.000","%a.s.","22.257","deg","22.682","°C","985.000","hPa","0.861","-0.02056","0.00035","-0.00011","0","14.7","Humid","28.35","0","65.20","249215.21","SABD0002000014","AAV2.0.0.13","4.0.0.2353","PSt7-10","000000-000","8/7/2024 3:37:09 PM","0000-00","0","no battery","V","215852","µV","96196","µV"
"08/11/2024","12:10:17","2","default","203499907","Sensor2","54.458","min","223.451","μmol/L","Humid","23.199","deg","96200","µV","18.546","°C","985.000","hPa","35.0","pmil","0","51.462","deg","22.621","°C","100.000","%a.s.","22.257","deg","22.682","°C","985.000","hPa","0.861","-0.02056","0.00035","-0.00011","0","14.7","Humid","28.35","0","65.20","249208.36","SABD0002000014","AAV2.0.0.13","4.0.0.2353","PSt7-10","000000-000","8/7/2024 3:37:09 PM","0000-00","0","no battery","V","215852","µV","96196","µV"
"08/11/2024","12:10:18","2","default","203499907","Sensor2","54.475","min","223.530","μmol/L","Humid","23.195","deg","96203","µV","18.546","°C","985.000","hPa","35.0","pmil","0","51.462","deg","22.621","°C","100.000","%a.s.","22.257","deg","22.682","°C","985.000","hPa","0.861","-0.02056","0.00035","-0.00011","0","14.7","Humid","28.35","0","65.20","249212.38","SABD0002000014","AAV2.0.0.13","4.0.0.2353","PSt7-10","000000-000","8/7/2024 3:37:09 PM","0000-00","0","no battery","V","215852","µV","96196","µV"
"08/11/2024","12:10:19","2","default","203499907","Sensor2","54.492","min","223.526","μmol/L","Humid","23.193","deg","96194","µV","18.552","°C","985.000","hPa","35.0","pmil","0","51.462","deg","22.621","°C","100.000","%a.s.","22.257","deg","22.682","°C","985.000","hPa","0.861","-0.02056","0.00035","-0.00011","0","14.7","Humid","28.35","0","65.20","249207.06","SABD0002000014","AAV2.0.0.13","4.0.0.2353","PSt7-10","000000-000","8/7/2024 3:37:09 PM","0000-00","0","no battery","V","215852","µV","96196","µV"
"08/11/2024","12:10:20","2","default","203499907","Sensor2","54.508","min","223.510","μmol/L","Humid","23.196","deg","96201","µV","18.546","°C","985.000","hPa","35.0","pmil","0","51.462","deg","22.621","°C","100.000","%a.s.","22.257","deg","22.682","°C","985.000","hPa","0.861","-0.02056","0.00035","-0.00011","0","14.7","Humid","28.35","0","65.20","249207.33","SABD0002000014","AAV2.0.0.13","4.0.0.2353","PSt7-10","000000-000","8/7/2024 3:37:09 PM","0000-00","0","no battery","V","215852","µV","96196","µV"
"08/11/2024","12:10:21","2","default","203499907","Sensor2","54.524","min","223.535","μmol/L","Humid","23.197","deg","96199","µV","18.540","°C","985.000","hPa","35.0","pmil","0","51.462","deg","22.621","°C","100.000","%a.s.","22.257","deg","22.682","°C","985.000","hPa","0.861","-0.02056","0.00035","-0.00011","0","14.7","Humid","28.35","0","65.20","249198.99","SABD0002000014","AAV2.0.0.13","4.0.0.2353","PSt7-10","000000-000","8/7/2024 3:37:09 PM","0000-00","0","no battery","V","215852","µV","96196","µV"
"08/11/2024","12:10:22","2","default","203499907","Sensor2","54.541","min","223.490","μmol/L","Humid","23.197","deg","96210","µV","18.546","°C","985.000","hPa","35.0","pmil","0","51.462","deg","22.621","°C","100.000","%a.s.","22.257","deg","22.682","°C","985.000","hPa","0.861","-0.02056","0.00035","-0.00011","0","14.7","Humid","28.35","0","65.20","249203.96","SABD0002000014","AAV2.0.0.13","4.0.0.2353","PSt7-10","000000-000","8/7/2024 3:37:09 PM","0000-00","0","no battery","V","215852","µV","96196","µV"
"08/11/2024","12:10:23","2","default","203499907","Sensor2","54.558","min","223.490","μmol/L","Humid","23.197","deg","96213","µV","18.546","°C","985.000","hPa","35.0","pmil","0","51.462","deg","22.621","°C","100.000","%a.s.","22.257","deg","22.682","°C","985.000","hPa","0.861","-0.02056","0.00035","-0.00011","0","14.7","Humid","28.35","0","65.20","249210.05","SABD0002000014","AAV2.0.0.13","4.0.0.2353","PSt7-10","000000-000","8/7/2024 3:37:09 PM","0000-00","0","no battery","V","215852","µV","96196","µV"
"08/11/2024","12:10:24","2","default","203499907","Sensor2","54.575","min","223.490","μmol/L","Humid","23.197","deg","96213","µV","18.546","°C","985.000","hPa","35.0","pmil","0","51.462","deg","22.621","°C","100.000","%a.s.","22.257","deg","22.682","°C","985.000","hPa","0.861","-0.02056","0.00035","-0.00011","0","14.7","Humid","28.35","0","65.20","249209.08","SABD0002000014","AAV2.0.0.13","4.0.0.2353","PSt7-10","000000-000","8/7/2024 3:37:09 PM","0000-00","0","no battery","V","215852","µV","96196","µV"
"08/11/2024","12:10:25","2","default","203499907","Sensor2","54.591","min","223.451","μmol/L","Humid","23.199","deg","96208","µV","18.546","°C","985.000","hPa","35.0","pmil","0","51.462","deg","22.621","°C","100.000","%a.s.","22.257","deg","22.682","°C","985.000","hPa","0.861","-0.02056","0.00035","-0.00011","0","14.7","Humid","28.35","0","65.20","249204.41","SABD0002000014","AAV2.0.0.13","4.0.0.2353","PSt7-10","000000-000","8/7/2024 3:37:09 PM","0000-00","0","no battery","V","215852","µV","96196","µV"
"08/11/2024","12:10:26","2","default","203499907","Sensor2","54.608","min","223.351","μmol/L","Humid","23.204","deg","96216","µV","18.546","°C","985.000","hPa","35.0","pmil","0","51.462","deg","22.621","°C","100.000","%a.s.","22.257","deg","22.682","°C","985.000","hPa","0.861","-0.02056","0.00035","-0.00011","0","14.7","Humid","28.35","0","65.20","249209.17","SABD0002000014","AAV2.0.0.13","4.0.0.2353","PSt7-10","000000-000","8/7/2024 3:37:09 PM","0000-00","0","no battery","V","215852","µV","96196","µV"
"08/11/2024","12:10:27","2","default","203499907","Sensor2","54.625","min","223.471","μmol/L","Humid","23.198","deg","96212","µV","18.546","°C","985.000","hPa","35.0","pmil","0","51.462","deg","22.621","°C","100.000","%a.s.","22.257","deg","22.682","°C","985.000","hPa","0.861","-0.02056","0.00035","-0.00011","0","14.7","Humid","28.35","0","65.20","249202.41","SABD0002000014","AAV2.0.0.13","4.0.0.2353","PSt7-10","000000-000","8/7/2024 3:37:09 PM","0000-00","0","no battery","V","215852","µV","96196","µV"
"08/11/2024","12:10:28","2","default","203499907","Sensor2","54.642","min","223.455","μmol/L","Humid","23.201","deg","96222","µV","18.540","°C","985.000","hPa","35.0","pmil","0","51.462","deg","22.621","°C","100.000","%a.s.","22.257","deg","22.682","°C","985.000","hPa","0.861","-0.02056","0.00035","-0.00011","0","14.7","Humid","28.35","0","65.20","249203.83","SABD0002000014","AAV2.0.0.13","4.0.0.2353","PSt7-10","000000-000","8/7/2024 3:37:09 PM","0000-00","0","no battery","V","215852","µV","96196","µV"
"08/11/2024","12:10:29","2","default","203499907","Sensor2","54.658","min","223.431","μmol/L","Humid","23.200","deg","96214","µV","18.546","°C","985.000","hPa","35.0","pmil","0","51.462","deg","22.621","°C","100.000","%a.s.","22.257","deg","22.682","°C","985.000","hPa","0.861","-0.02056","0.00035","-0.00011","0","14.7","Humid","28.35","0","65.20","249201.26","SABD0002000014","AAV2.0.0.13","4.0.0.2353","PSt7-10","000000-000","8/7/2024 3:37:09 PM","0000-00","0","no battery","V","215852","µV","96196","µV"
"08/11/2024","12:10:30","2","default","203499907","Sensor2","54.675","min","223.347","μmol/L","Humid","23.202","deg","96217","µV","18.552","°C","985.000","hPa","35.0","pmil","0","51.462","deg","22.621","°C","100.000","%a.s.","22.257","deg","22.682","°C","985.000","hPa","0.861","-0.02056","0.00035","-0.00011","0","14.7","Humid","28.35","0","65.20","249198.31","SABD0002000014","AAV2.0.0.13","4.0.0.2353","PSt7-10","000000-000","8/7/2024 3:37:09 PM","0000-00","0","no battery","V","215852","µV","96196","µV"
"08/11/2024","12:10:31","2","default","203499907","Sensor2","54.691","min","223.411","μmol/L","Humid","23.201","deg","96224","µV","18.546","°C","985.000","hPa","35.0","pmil","0","51.462","deg","22.621","°C","100.000","%a.s.","22.257","deg","22.682","°C","985.000","hPa","0.861","-0.02056","0.00035","-0.00011","0","14.7","Humid","28.35","0","65.20","249210.94","SABD0002000014","AAV2.0.0.13","4.0.0.2353","PSt7-10","000000-000","8/7/2024 3:37:09 PM","0000-00","0","no battery","V","215852","µV","96196","µV"
"08/11/2024","12:10:32","2","default","203499907","Sensor2","54.708","min","223.411","μmol/L","Humid","23.201","deg","96225","µV","18.546","°C","985.000","hPa","35.0","pmil","0","51.462","deg","22.621","°C","100.000","%a.s.","22.257","deg","22.682","°C","985.000","hPa","0.861","-0.02056","0.00035","-0.00011","0","14.7","Humid","28.35","0","65.20","249200.07","SABD0002000014","AAV2.0.0.13","4.0.0.2353","PSt7-10","000000-000","8/7/2024 3:37:09 PM","0000-00","0","no battery","V","215852","µV","96196","µV"
"08/11/2024","12:10:33","2","default","203499907","Sensor2","54.724","min","223.407","μmol/L","Humid","23.199","deg","96218","µV","18.552","°C","985.000","hPa","35.0","pmil","0","51.462","deg","22.621","°C","100.000","%a.s.","22.257","deg","22.682","°C","985.000","hPa","0.861","-0.02056","0.00035","-0.00011","0","14.7","Humid","28.35","0","65.20","249198.17","SABD0002000014","AAV2.0.0.13","4.0.0.2353","PSt7-10","000000-000","8/7/2024 3:37:09 PM","0000-00","0","no battery","V","215852","µV","96196","µV"
"08/11/2024","12:10:34","2","default","203499907","Sensor2","54.741","min","223.396","μmol/L","Humid","23.204","deg","96233","µV","18.540","°C","985.000","hPa","35.0","pmil","0","51.462","deg","22.621","°C","100.000","%a.s.","22.257","deg","22.682","°C","985.000","hPa","0.861","-0.02056","0.00035","-0.00011","0","14.7","Humid","28.35","0","65.20","249207.18","SABD0002000014","AAV2.0.0.13","4.0.0.2353","PSt7-10","000000-000","8/7/2024 3:37:09 PM","0000-00","0","no battery","V","215852","µV","96196","µV"
"08/11/2024","12:10:35","2","default","203499907","Sensor2","54.758","min","223.396","μmol/L","Humid","23.204","deg","96230","µV","18.540","°C","985.000","hPa","35.0","pmil","0","51.462","deg","22.621","°C","100.000","%a.s.","22.257","deg","22.682","°C","985.000","hPa","0.861","-0.02056","0.00035","-0.00011","0","14.7","Humid","28.35","0","65.20","249211.78","SABD0002000014","AAV2.0.0.13","4.0.0.2353","PSt7-10","000000-000","8/7/2024 3:37:09 PM","0000-00","0","no battery","V","215852","µV","96196","µV"
"08/11/2024","12:10:36","2","default","203499907","Sensor2","54.775","min","223.356","μmol/L","Humid","23.206","deg","96228","µV","18.540","°C","985.000","hPa","35.0","pmil","0","51.462","deg","22.621","°C","100.000","%a.s.","22.257","deg","22.682","°C","985.000","hPa","0.861","-0.02056","0.00035","-0.00011","0","14.7","Humid","28.35","0","65.20","249212.93","SABD0002000014","AAV2.0.0.13","4.0.0.2353","PSt7-10","000000-000","8/7/2024 3:37:09 PM","0000-00","0","no battery","V","215852","µV","96196","µV"
"08/11/2024","12:10:37","2","default","203499907","Sensor2","54.791","min","223.351","μmol/L","Humid","23.204","deg","96229","µV","18.546","°C","985.000","hPa","35.0","pmil","0","51.462","deg","22.621","°C","100.000","%a.s.","22.257","deg","22.682","°C","985.000","hPa","0.861","-0.02056","0.00035","-0.00011","0","14.7","Humid","28.35","0","65.20","249212.07","SABD0002000014","AAV2.0.0.13","4.0.0.2353","PSt7-10","000000-000","8/7/2024 3:37:09 PM","0000-00","0","no battery","V","215852","µV","96196","µV"
"08/11/2024","12:10:38","2","default","203499907","Sensor2","54.808","min","223.327","μmol/L","Humid","23.203","deg","96239","µV","18.552","°C","985.000","hPa","35.0","pmil","0","51.462","deg","22.621","°C","100.000","%a.s.","22.257","deg","22.682","°C","985.000","hPa","0.861","-0.02056","0.00035","-0.00011","0","14.7","Humid","28.35","0","65.20","249222.42","SABD0002000014","AAV2.0.0.13","4.0.0.2353","PSt7-10","000000-000","8/7/2024 3:37:09 PM","0000-00","0","no battery","V","215852","µV","96196","µV"
"08/11/2024","12:10:39","2","default","203499907","Sensor2","54.825","min","223.312","μmol/L","Humid","23.206","deg","96236","µV","18.546","°C","985.000","hPa","35.0","pmil","0","51.462","deg","22.621","°C","100.000","%a.s.","22.257","deg","22.682","°C","985.000","hPa","0.861","-0.02056","0.00035","-0.00011","0","14.7","Humid","28.35","0","65.20","249209.28","SABD0002000014","AAV2.0.0.13","4.0.0.2353","PSt7-10","000000-000","8/7/2024 3:37:09 PM","0000-00","0","no battery","V","215852","µV","96196","µV"
"08/11/2024","12:10:40","2","default","203499907","Sensor2","54.842","min","223.356","μmol/L","Humid","23.206","deg","96240","µV","18.540","°C","985.000","hPa","35.0","pmil","0","51.462","deg","22.621","°C","100.000","%a.s.","22.257","deg","22.682","°C","985.000","hPa","0.861","-0.02056","0.00035","-0.00011","0","14.7","Humid","28.35","0","65.20","249218.02","SABD0002000014","AAV2.0.0.13","4.0.0.2353","PSt7-10","000000-000","8/7/2024 3:37:09 PM","0000-00","0","no battery","V","215852","µV","96196","µV"
"08/11/2024","12:10:41","2","default","203499907","Sensor2","54.858","min","223.351","μmol/L","Humid","23.204","deg","96244","µV","18.546","°C","985.000","hPa","35.0","pmil","0","51.462","deg","22.621","°C","100.000","%a.s.","22.257","deg","22.682","°C","985.000","hPa","0.861","-0.02056","0.00035","-0.00011","0","14.7","Humid","28.35","0","65.20","249215.56","SABD0002000014","AAV2.0.0.13","4.0.0.2353","PSt7-10","000000-000","8/7/2024 3:37:09 PM","0000-00","0","no battery","V","215852","µV","96196","µV"
"08/11/2024","12:10:42","2","default","203499907","Sensor2","54.874","min","223.312","μmol/L","Humid","23.206","deg","96245","µV","18.546","°C","985.000","hPa","35.0","pmil","0","51.462","deg","22.621","°C","100.000","%a.s.","22.257","deg","22.682","°C","985.000","hPa","0.861","-0.02056","0.00035","-0.00011","0","14.7","Humid","28.35","0","65.20","249210.96","SABD0002000014","AAV2.0.0.13","4.0.0.2353","PSt7-10","000000-000","8/7/2024 3:37:09 PM","0000-00","0","no battery","V","215852","µV","96196","µV"
"08/11/2024","12:10:43","2","default","203499907","Sensor2","54.891","min","223.292","μmol/L","Humid","23.207","deg","96248","µV","18.546","°C","985.000","hPa","35.0","pmil","0","51.462","deg","22.621","°C","100.000","%a.s.","22.257","deg","22.682","°C","985.000","hPa","0.861","-0.02056","0.00035","-0.00011","0","14.7","Humid","28.35","0","65.20","249211.44","SABD0002000014","AAV2.0.0.13","4.0.0.2353","PSt7-10","000000-000","8/7/2024 3:37:09 PM","0000-00","0","no battery","V","215852","µV","96196","µV"
"08/11/2024","12:10:44","2","default","203499907","Sensor2","54.908","min","223.312","μmol/L","Humid","23.206","deg","96241","µV","18.546","°C","985.000","hPa","35.0","pmil","0","51.462","deg","22.621","°C","100.000","%a.s.","22.257","deg","22.682","°C","985.000","hPa","0.861","-0.02056","0.00035","-0.00011","0","14.7","Humid","28.35","0","65.20","249206.35","SABD0002000014","AAV2.0.0.13","4.0.0.2353","PSt7-10","000000-000","8/7/2024 3:37:09 PM","0000-00","0","no battery","V","215852","µV","96196","µV"
"08/11/2024","12:10:45","2","default","203499907","Sensor2","54.924","min","223.351","μmol/L","Humid","23.204","deg","96245","µV","18.546","°C","985.000","hPa","35.0","pmil","0","51.462","deg","22.621","°C","100.000","%a.s.","22.257","deg","22.682","°C","985.000","hPa","0.861","-0.02056","0.00035","-0.00011","0","14.7","Humid","28.35","0","65.20","249209.27","SABD0002000014","AAV2.0.0.13","4.0.0.2353","PSt7-10","000000-000","8/7/2024 3:37:09 PM","0000-00","0","no battery","V","215852","µV","96196","µV"
"08/11/2024","12:10:46","2","default","203499907","Sensor2","54.941","min","223.188","μmol/L","Humid","23.210","deg","96252","µV","18.552","°C","985.000","hPa","35.0","pmil","0","51.462","deg","22.621","°C","100.000","%a.s.","22.257","deg","22.682","°C","985.000","hPa","0.861","-0.02056","0.00035","-0.00011","0","14.7","Humid","28.35","0","65.20","249206.38","SABD0002000014","AAV2.0.0.13","4.0.0.2353","PSt7-10","000000-000","8/7/2024 3:37:09 PM","0000-00","0","no battery","V","215852","µV","96196","µV"
"08/11/2024","12:10:47","2","default","203499907","Sensor2","54.958","min","223.248","μmol/L","Humid","23.207","deg","96254","µV","18.552","°C","985.000","hPa","35.0","pmil","0","51.462","deg","22.621","°C","100.000","%a.s.","22.257","deg","22.682","°C","985.000","hPa","0.861","-0.02056","0.00035","-0.00011","0","14.7","Humid","28.35","0","65.20","249204.44","SABD0002000014","AAV2.0.0.13","4.0.0.2353","PSt7-10","000000-000","8/7/2024 3:37:09 PM","0000-00","0","no battery","V","215852","µV","96196","µV"
"08/11/2024","12:10:48","2","default","203499907","Sensor2","54.975","min","223.213","μmol/L","Humid","23.211","deg","96252","µV","18.546","°C","985.000","hPa","35.0","pmil","0","51.462","deg","22.621","°C","100.000","%a.s.","22.257","deg","22.682","°C","985.000","hPa","0.861","-0.02056","0.00035","-0.00011","0","14.7","Humid","28.35","0","65.20","249218.61","SABD0002000014","AAV2.0.0.13","4.0.0.2353","PSt7-10","000000-000","8/7/2024 3:37:09 PM","0000-00","0","no battery","V","215852","µV","96196","µV"
"08/11/2024","12:10:49","2","default","203499907","Sensor2","54.991","min","223.188","μmol/L","Humid","23.210","deg","96253","µV","18.552","°C","985.000","hPa","35.0","pmil","0","51.462","deg","22.621","°C","100.000","%a.s.","22.257","deg","22.682","°C","985.000","hPa","0.861","-0.02056","0.00035","-0.00011","0","14.7","Humid","28.35","0","65.20","249202.46","SABD0002000014","AAV2.0.0.13","4.0.0.2353","PSt7-10","000000-000","8/7/2024 3:37:09 PM","0000-00","0","no battery","V","215852","µV","96196","µV"
"08/11/2024","12:10:50","2","default","203499907","Sensor2","55.008","min","223.276","μmol/L","Humid","23.210","deg","96258","µV","18.540","°C","985.000","hPa","35.0","pmil","0","51.462","deg","22.621","°C","100.000","%a.s.","22.257","deg","22.682","°C","985.000","hPa","0.861","-0.02056","0.00035","-0.00011","0","14.7","Humid","28.35","0","65.20","249200.75","SABD0002000014","AAV2.0.0.13","4.0.0.2353","PSt7-10","000000-000","8/7/2024 3:37:09 PM","0000-00","0","no battery","V","215852","µV","96196","µV"
"08/11/2024","12:10:51","2","default","203499907","Sensor2","55.025","min","223.252","μmol/L","Humid","23.209","deg","96263","µV","18.546","°C","985.000","hPa","35.0","pmil","0","51.462","deg","22.621","°C","100.000","%a.s.","22.257","deg","22.682","°C","985.000","hPa","0.861","-0.02056","0.00035","-0.00011","0","14.7","Humid","28.35","0","65.20","249196.12","SABD0002000014","AAV2.0.0.13","4.0.0.2353","PSt7-10","000000-000","8/7/2024 3:37:09 PM","0000-00","0","no battery","V","215852","µV","96196","µV"
"08/11/2024","12:10:52","2","default","203499907","Sensor2","55.042","min","223.232","μmol/L","Humid","23.210","deg","96267","µV","18.546","°C","985.000","hPa","35.0","pmil","0","51.462","deg","22.621","°C","100.000","%a.s.","22.257","deg","22.682","°C","985.000","hPa","0.861","-0.02056","0.00035","-0.00011","0","14.7","Humid","28.35","0","65.20","249212.71","SABD0002000014","AAV2.0.0.13","4.0.0.2353","PSt7-10","000000-000","8/7/2024 3:37:09 PM","0000-00","0","no battery","V","215852","µV","96196","µV"
"08/11/2024","12:10:53","2","default","203499907","Sensor2","55.058","min","223.069","μmol/L","Humid","23.216","deg","96255","µV","18.552","°C","985.000","hPa","35.0","pmil","0","51.462","deg","22.621","°C","100.000","%a.s.","22.257","deg","22.682","°C","985.000","hPa","0.861","-0.02056","0.00035","-0.00011","0","14.7","Humid","28.35","0","65.20","249206.08","SABD0002000014","AAV2.0.0.13","4.0.0.2353","PSt7-10","000000-000","8/7/2024 3:37:09 PM","0000-00","0","no battery","V","215852","µV","96196","µV"
"08/11/2024","12:10:54","2","default","203499907","Sensor2","55.074","min","223.252","μmol/L","Humid","23.209","deg","96262","µV","18.546","°C","985.000","hPa","35.0","pmil","0","51.462","deg","22.621","°C","100.000","%a.s.","22.257","deg","22.682","°C","985.000","hPa","0.861","-0.02056","0.00035","-0.00011","0","14.7","Humid","28.35","0","65.20","249193.62","SABD0002000014","AAV2.0.0.13","4.0.0.2353","PSt7-10","000000-000","8/7/2024 3:37:09 PM","0000-00","0","no battery","V","215852","µV","96196","µV"
"08/11/2024","12:10:55","2","default","203499907","Sensor2","55.091","min","223.188","μmol/L","Humid","23.210","deg","96261","µV","18.552","°C","985.000","hPa","35.0","pmil","0","51.462","deg","22.621","°C","100.000","%a.s.","22.257","deg","22.682","°C","985.000","hPa","0.861","-0.02056","0.00035","-0.00011","0","14.7","Humid","28.35","0","65.20","249192.69","SABD0002000014","AAV2.0.0.13","4.0.0.2353","PSt7-10","000000-000","8/7/2024 3:37:09 PM","0000-00","0","no battery","V","215852","µV","96196","µV"
"08/11/2024","12:10:56","2","default","203499907","Sensor2","55.108","min","223.133","μmol/L","Humid","23.215","deg","96267","µV","18.546","°C","985.000","hPa","35.0","pmil","0","51.462","deg","22.621","°C","100.000","%a.s.","22.257","deg","22.682","°C","985.000","hPa","0.861","-0.02056","0.00035","-0.00011","0","14.7","Humid","28.35","0","65.20","249207.23","SABD0002000014","AAV2.0.0.13","4.0.0.2353","PSt7-10","000000-000","8/7/2024 3:37:09 PM","0000-00","0","no battery","V","215852","µV","96196","µV"
"08/11/2024","12:10:57","2","default","203499907","Sensor2","55.125","min","223.153","μmol/L","Humid","23.214","deg","96265","µV","18.546","°C","985.000","hPa","35.0","pmil","0","51.462","deg","22.621","°C","100.000","%a.s.","22.257","deg","22.682","°C","985.000","hPa","0.861","-0.02056","0.00035","-0.00011","0","14.7","Humid","28.35","0","65.20","249200.85","SABD0002000014","AAV2.0.0.13","4.0.0.2353","PSt7-10","000000-000","8/7/2024 3:37:09 PM","0000-00","0","no battery","V","215852","µV","96196","µV"
"08/11/2024","12:10:58","2","default","203499907","Sensor2","55.142","min","223.244","μmol/L","Humid","23.205","deg","96269","µV","18.558","°C","985.000","hPa","35.0","pmil","0","51.462","deg","22.621","°C","100.000","%a.s.","22.257","deg","22.682","°C","985.000","hPa","0.861","-0.02056","0.00035","-0.00011","0","14.7","Humid","28.35","0","65.20","249213.17","SABD0002000014","AAV2.0.0.13","4.0.0.2353","PSt7-10","000000-000","8/7/2024 3:37:09 PM","0000-00","0","no battery","V","215852","µV","96196","µV"
"08/11/2024","12:10:59","2","default","203499907","Sensor2","55.158","min","223.197","μmol/L","Humid","23.214","deg","96269","µV","18.540","°C","985.000","hPa","35.0","pmil","0","51.462","deg","22.621","°C","100.000","%a.s.","22.257","deg","22.682","°C","985.000","hPa","0.861","-0.02056","0.00035","-0.00011","0","14.7","Humid","28.35","0","65.20","249199.90","SABD0002000014","AAV2.0.0.13","4.0.0.2353","PSt7-10","000000-000","8/7/2024 3:37:09 PM","0000-00","0","no battery","V","215852","µV","96196","µV"
"08/11/2024","12:11:00","2","default","203499907","Sensor2","55.175","min","223.129","μmol/L","Humid","23.213","deg","96277","µV","18.552","°C","985.000","hPa","35.0","pmil","0","51.462","deg","22.621","°C","100.000","%a.s.","22.257","deg","22.682","°C","985.000","hPa","0.861","-0.02056","0.00035","-0.00011","0","14.7","Humid","28.35","0","65.20","249194.75","SABD0002000014","AAV2.0.0.13","4.0.0.2353","PSt7-10","000000-000","8/7/2024 3:37:09 PM","0000-00","0","no battery","V","215852","µV","96196","µV"
"08/11/2024","12:11:01","2","default","203499907","Sensor2","55.191","min","223.153","μmol/L","Humid","23.214","deg","96266","µV","18.546","°C","985.000","hPa","35.0","pmil","0","51.462","deg","22.621","°C","100.000","%a.s.","22.257","deg","22.682","°C","985.000","hPa","0.861","-0.02056","0.00035","-0.00011","0","14.7","Humid","28.35","0","65.20","249195.91","SABD0002000014","AAV2.0.0.13","4.0.0.2353","PSt7-10","000000-000","8/7/2024 3:37:09 PM","0000-00","0","no battery","V","215852","µV","96196","µV"
"08/11/2024","12:11:02","2","default","203499907","Sensor2","55.208","min","223.133","μmol/L","Humid","23.215","deg","96280","µV","18.546","°C","985.000","hPa","35.0","pmil","0","51.462","deg","22.621","°C","100.000","%a.s.","22.257","deg","22.682","°C","985.000","hPa","0.861","-0.02056","0.00035","-0.00011","0","14.7","Humid","28.35","0","65.20","249191.09","SABD0002000014","AAV2.0.0.13","4.0.0.2353","PSt7-10","000000-000","8/7/2024 3:37:09 PM","0000-00","0","no battery","V","215852","µV","96196","µV"
"08/11/2024","12:11:03","2","default","203499907","Sensor2","55.224","min","223.201","μmol/L","Humid","23.216","deg","96282","µV","18.534","°C","985.000","hPa","35.0","pmil","0","51.462","deg","22.621","°C","100.000","%a.s.","22.257","deg","22.682","°C","985.000","hPa","0.861","-0.02056","0.00035","-0.00011","0","14.7","Humid","28.35","0","65.20","249198.60","SABD0002000014","AAV2.0.0.13","4.0.0.2353","PSt7-10","000000-000","8/7/2024 3:37:09 PM","0000-00","0","no battery","V","215852","µV","96196","µV"
"08/11/2024","12:11:04","2","default","203499907","Sensor2","55.241","min","223.153","μmol/L","Humid","23.214","deg","96279","µV","18.546","°C","985.000","hPa","35.0","pmil","0","51.462","deg","22.621","°C","100.000","%a.s.","22.257","deg","22.682","°C","985.000","hPa","0.861","-0.02056","0.00035","-0.00011","0","14.7","Humid","28.35","0","65.20","249208.00","SABD0002000014","AAV2.0.0.13","4.0.0.2353","PSt7-10","000000-000","8/7/2024 3:37:09 PM","0000-00","0","no battery","V","215852","µV","96196","µV"
"08/11/2024","12:11:05","2","default","203499907","Sensor2","55.258","min","223.094","μmol/L","Humid","23.217","deg","96280","µV","18.546","°C","985.000","hPa","35.0","pmil","0","51.462","deg","22.621","°C","100.000","%a.s.","22.257","deg","22.682","°C","985.000","hPa","0.861","-0.02056","0.00035","-0.00011","0","14.7","Humid","28.35","0","65.20","249211.51","SABD0002000014","AAV2.0.0.13","4.0.0.2353","PSt7-10","000000-000","8/7/2024 3:37:09 PM","0000-00","0","no battery","V","215852","µV","96196","µV"
"08/11/2024","12:11:06","2","default","203499907","Sensor2","55.275","min","223.094","μmol/L","Humid","23.217","deg","96281","µV","18.546","°C","985.000","hPa","35.0","pmil","0","51.462","deg","22.621","°C","100.000","%a.s.","22.257","deg","22.682","°C","985.000","hPa","0.861","-0.02056","0.00035","-0.00011","0","14.7","Humid","28.35","0","65.20","249205.17","SABD0002000014","AAV2.0.0.13","4.0.0.2353","PSt7-10","000000-000","8/7/2024 3:37:09 PM","0000-00","0","no battery","V","215852","µV","96196","µV"
"08/11/2024","12:11:07","2","default","203499907","Sensor2","55.291","min","223.089","μmol/L","Humid","23.215","deg","96289","µV","18.552","°C","985.000","hPa","35.0","pmil","0","51.462","deg","22.621","°C","100.000","%a.s.","22.257","deg","22.682","°C","985.000","hPa","0.861","-0.02056","0.00035","-0.00011","0","14.7","Humid","28.35","0","65.20","249195.82","SABD0002000014","AAV2.0.0.13","4.0.0.2353","PSt7-10","000000-000","8/7/2024 3:37:09 PM","0000-00","0","no battery","V","215852","µV","96196","µV"
"08/11/2024","12:11:08","2","default","203499907","Sensor2","55.308","min","223.054","μmol/L","Humid","23.219","deg","96292","µV","18.546","°C","985.000","hPa","35.0","pmil","0","51.462","deg","22.621","°C","100.000","%a.s.","22.257","deg","22.682","°C","985.000","hPa","0.861","-0.02056","0.00035","-0.00011","0","14.7","Humid","28.35","0","65.20","249208.39","SABD0002000014","AAV2.0.0.13","4.0.0.2353","PSt7-10","000000-000","8/7/2024 3:37:09 PM","0000-00","0","no battery","V","215852","µV","96196","µV"
"08/11/2024","12:11:09","2","default","203499907","Sensor2","55.325","min","223.133","μmol/L","Humid","23.215","deg","96296","µV","18.546","°C","985.000","hPa","35.0","pmil","0","51.462","deg","22.621","°C","100.000","%a.s.","22.257","deg","22.682","°C","985.000","hPa","0.861","-0.02056","0.00035","-0.00011","0","14.7","Humid","28.35","0","65.20","249211.67","SABD0002000014","AAV2.0.0.13","4.0.0.2353","PSt7-10","000000-000","8/7/2024 3:37:09 PM","0000-00","0","no battery","V","215852","µV","96196","µV"
"08/11/2024","12:11:10","2","default","203499907","Sensor2","55.342","min","223.069","μmol/L","Humid","23.216","deg","96298","µV","18.552","°C","985.000","hPa","35.0","pmil","0","51.462","deg","22.621","°C","100.000","%a.s.","22.257","deg","22.682","°C","985.000","hPa","0.861","-0.02056","0.00035","-0.00011","0","14.7","Humid","28.35","0","65.20","249220.15","SABD0002000014","AAV2.0.0.13","4.0.0.2353","PSt7-10","000000-000","8/7/2024 3:37:09 PM","0000-00","0","no battery","V","215852","µV","96196","µV"
"08/11/2024","12:11:11","2","default","203499907","Sensor2","55.358","min","222.995","μmol/L","Humid","23.222","deg","96296","µV","18.546","°C","985.000","hPa","35.0","pmil","0","51.462","deg","22.621","°C","100.000","%a.s.","22.257","deg","22.682","°C","985.000","hPa","0.861","-0.02056","0.00035","-0.00011","0","14.7","Humid","28.35","0","65.20","249212.60","SABD0002000014","AAV2.0.0.13","4.0.0.2353","PSt7-10","000000-000","8/7/2024 3:37:09 PM","0000-00","0","no battery","V","215852","µV","96196","µV"
"08/11/2024","12:11:12","2","default","203499907","Sensor2","55.375","min","223.054","μmol/L","Humid","23.219","deg","96295","µV","18.546","°C","985.000","hPa","35.0","pmil","0","51.462","deg","22.621","°C","100.000","%a.s.","22.257","deg","22.682","°C","985.000","hPa","0.861","-0.02056","0.00035","-0.00011","0","14.7","Humid","28.35","0","65.20","249211.72","SABD0002000014","AAV2.0.0.13","4.0.0.2353","PSt7-10","000000-000","8/7/2024 3:37:09 PM","0000-00","0","no battery","V","215852","µV","96196","µV"
"08/11/2024","12:11:13","2","default","203499907","Sensor2","55.391","min","222.931","μmol/L","Humid","23.223","deg","96295","µV","18.552","°C","985.000","hPa","35.0","pmil","0","51.462","deg","22.621","°C","100.000","%a.s.","22.257","deg","22.682","°C","985.000","hPa","0.861","-0.02056","0.00035","-0.00011","0","14.7","Humid","28.35","0","65.20","249217.32","SABD0002000014","AAV2.0.0.13","4.0.0.2353","PSt7-10","000000-000","8/7/2024 3:37:09 PM","0000-00","0","no battery","V","215852","µV","96196","µV"
"08/11/2024","12:11:14","2","default","203499907","Sensor2","55.408","min","223.074","μmol/L","Humid","23.218","deg","96297","µV","18.546","°C","985.000","hPa","35.0","pmil","0","51.462","deg","22.621","°C","100.000","%a.s.","22.257","deg","22.682","°C","985.000","hPa","0.861","-0.02056","0.00035","-0.00011","0","14.7","Humid","28.35","0","65.20","249212.94","SABD0002000014","AAV2.0.0.13","4.0.0.2353","PSt7-10","000000-000","8/7/2024 3:37:09 PM","0000-00","0","no battery","V","215852","µV","96196","µV"
"08/11/2024","12:11:15","2","default","203499907","Sensor2","55.424","min","222.990","μmol/L","Humid","23.220","deg","96305","µV","18.552","°C","985.000","hPa","35.0","pmil","0","51.462","deg","22.621","°C","100.000","%a.s.","22.257","deg","22.682","°C","985.000","hPa","0.861","-0.02056","0.00035","-0.00011","0","14.7","Humid","28.35","0","65.20","249212.74","SABD0002000014","AAV2.0.0.13","4.0.0.2353","PSt7-10","000000-000","8/7/2024 3:37:09 PM","0000-00","0","no battery","V","215852","µV","96196","µV"
"08/11/2024","12:11:16","2","default","203499907","Sensor2","55.441","min","222.970","μmol/L","Humid","23.221","deg","96303","µV","18.552","°C","985.000","hPa","35.0","pmil","0","51.462","deg","22.621","°C","100.000","%a.s.","22.257","deg","22.682","°C","985.000","hPa","0.861","-0.02056","0.00035","-0.00011","0","14.7","Humid","28.35","0","65.20","249211.78","SABD0002000014","AAV2.0.0.13","4.0.0.2353","PSt7-10","000000-000","8/7/2024 3:37:09 PM","0000-00","0","no battery","V","215852","µV","96196","µV"
"08/11/2024","12:11:17","2","default","203499907","Sensor2","55.458","min","223.094","μmol/L","Humid","23.217","deg","96309","µV","18.546","°C","985.000","hPa","35.0","pmil","0","51.462","deg","22.621","°C","100.000","%a.s.","22.257","deg","22.682","°C","985.000","hPa","0.861","-0.02056","0.00035","-0.00011","0","14.7","Humid","28.35","0","65.20","249228.08","SABD0002000014","AAV2.0.0.13","4.0.0.2353","PSt7-10","000000-000","8/7/2024 3:37:09 PM","0000-00","0","no battery","V","215852","µV","96196","µV"
"08/11/2024","12:11:18","2","default","203499907","Sensor2","55.475","min","223.074","μmol/L","Humid","23.218","deg","96307","µV","18.546","°C","985.000","hPa","35.0","pmil","0","51.462","deg","22.621","°C","100.000","%a.s.","22.257","deg","22.682","°C","985.000","hPa","0.861","-0.02056","0.00035","-0.00011","0","14.7","Humid","28.35","0","65.20","249208.91","SABD0002000014","AAV2.0.0.13","4.0.0.2353","PSt7-10","000000-000","8/7/2024 3:37:09 PM","0000-00","0","no battery","V","215852","µV","96196","µV"
"08/11/2024","12:11:19","2","default","203499907","Sensor2","55.491","min","223.054","μmol/L","Humid","23.219","deg","96304","µV","18.546","°C","985.000","hPa","35.0","pmil","0","51.462","deg","22.621","°C","100.000","%a.s.","22.257","deg","22.682","°C","985.000","hPa","0.861","-0.02056","0.00035","-0.00011","0","14.7","Humid","28.35","0","65.20","249214.16","SABD0002000014","AAV2.0.0.13","4.0.0.2353","PSt7-10","000000-000","8/7/2024 3:37:09 PM","0000-00","0","no battery","V","215852","µV","96196","µV"
"08/11/2024","12:11:20","2","default","203499907","Sensor2","55.508","min","223.058","μmol/L","Humid","23.221","deg","96310","µV","18.540","°C","985.000","hPa","35.0","pmil","0","51.462","deg","22.621","°C","100.000","%a.s.","22.257","deg","22.682","°C","985.000","hPa","0.861","-0.02056","0.00035","-0.00011","0","14.7","Humid","28.35","0","65.20","249218.14","SABD0002000014","AAV2.0.0.13","4.0.0.2353","PSt7-10","000000-000","8/7/2024 3:37:09 PM","0000-00","0","no battery","V","215852","µV","96196","µV"
"08/11/2024","12:11:21","2","default","203499907","Sensor2","55.525","min","222.990","μmol/L","Humid","23.220","deg","96304","µV","18.552","°C","985.000","hPa","35.0","pmil","0","51.462","deg","22.621","°C","100.000","%a.s.","22.257","deg","22.682","°C","985.000","hPa","0.861","-0.02056","0.00035","-0.00011","0","14.7","Humid","28.35","0","65.20","249211.83","SABD0002000014","AAV2.0.0.13","4.0.0.2353","PSt7-10","000000-000","8/7/2024 3:37:09 PM","0000-00","0","no battery","V","215852","µV","96196","µV"
"08/11/2024","12:11:22","2","default","203499907","Sensor2","55.542","min","223.034","μmol/L","Humid","23.220","deg","96318","µV","18.546","°C","985.000","hPa","35.0","pmil","0","51.462","deg","22.621","°C","100.000","%a.s.","22.257","deg","22.682","°C","985.000","hPa","0.861","-0.02056","0.00035","-0.00011","0","14.7","Humid","28.35","0","65.20","249214.37","SABD0002000014","AAV2.0.0.13","4.0.0.2353","PSt7-10","000000-000","8/7/2024 3:37:09 PM","0000-00","0","no battery","V","215852","µV","96196","µV"
"08/11/2024","12:11:23","2","default","203499907","Sensor2","55.558","min","222.931","μmol/L","Humid","23.223","deg","96310","µV","18.552","°C","985.000","hPa","35.0","pmil","0","51.462","deg","22.621","°C","100.000","%a.s.","22.257","deg","22.682","°C","985.000","hPa","0.861","-0.02056","0.00035","-0.00011","0","14.7","Humid","28.35","0","65.20","249205.40","SABD0002000014","AAV2.0.0.13","4.0.0.2353","PSt7-10","000000-000","8/7/2024 3:37:09 PM","0000-00","0","no battery","V","215852","µV","96196","µV"
"08/11/2024","12:11:24","2","default","203499907","Sensor2","55.575","min","222.970","μmol/L","Humid","23.221","deg","96320","µV","18.552","°C","985.000","hPa","35.0","pmil","0","51.462","deg","22.621","°C","100.000","%a.s.","22.257","deg","22.682","°C","985.000","hPa","0.861","-0.02056","0.00035","-0.00011","0","14.7","Humid","28.35","0","65.20","249214.10","SABD0002000014","AAV2.0.0.13","4.0.0.2353","PSt7-10","000000-000","8/7/2024 3:37:09 PM","0000-00","0","no battery","V","215852","µV","96196","µV"
"08/11/2024","12:11:25","2","default","203499907","Sensor2","55.591","min","223.034","μmol/L","Humid","23.220","deg","96321","µV","18.546","°C","985.000","hPa","35.0","pmil","0","51.462","deg","22.621","°C","100.000","%a.s.","22.257","deg","22.682","°C","985.000","hPa","0.861","-0.02056","0.00035","-0.00011","0","14.7","Humid","28.35","0","65.20","249232.31","SABD0002000014","AAV2.0.0.13","4.0.0.2353","PSt7-10","000000-000","8/7/2024 3:37:09 PM","0000-00","0","no battery","V","215852","µV","96196","µV"
"08/11/2024","12:11:26","2","default","203499907","Sensor2","55.608","min","222.995","μmol/L","Humid","23.222","deg","96322","µV","18.546","°C","985.000","hPa","35.0","pmil","0","51.462","deg","22.621","°C","100.000","%a.s.","22.257","deg","22.682","°C","985.000","hPa","0.861","-0.02056","0.00035","-0.00011","0","14.7","Humid","28.35","0","65.20","249228.09","SABD0002000014","AAV2.0.0.13","4.0.0.2353","PSt7-10","000000-000","8/7/2024 3:37:09 PM","0000-00","0","no battery","V","215852","µV","96196","µV"
"08/11/2024","12:11:27","2","default","203499907","Sensor2","55.624","min","222.891","μmol/L","Humid","23.225","deg","96322","µV","18.552","°C","985.000","hPa","35.0","pmil","0","51.462","deg","22.621","°C","100.000","%a.s.","22.257","deg","22.682","°C","985.000","hPa","0.861","-0.02056","0.00035","-0.00011","0","14.7","Humid","28.35","0","65.20","249213.81","SABD0002000014","AAV2.0.0.13","4.0.0.2353","PSt7-10","000000-000","8/7/2024 3:37:09 PM","0000-00","0","no battery","V","215852","µV","96196","µV"
"08/11/2024","12:11:28","2","default","203499907","Sensor2","55.641","min","223.014","μmol/L","Humid","23.221","deg","96327","µV","18.546","°C","985.000","hPa","35.0","pmil","0","51.462","deg","22.621","°C","100.000","%a.s.","22.257","deg","22.682","°C","985.000","hPa","0.861","-0.02056","0.00035","-0.00011","0","14.7","Humid","28.35","0","65.20","249214.72","SABD0002000014","AAV2.0.0.13","4.0.0.2353","PSt7-10","000000-000","8/7/2024 3:37:09 PM","0000-00","0","no battery","V","215852","µV","96196","µV"
"08/11/2024","12:11:29","2","default","203499907","Sensor2","55.658","min","222.931","μmol/L","Humid","23.223","deg","96326","µV","18.552","°C","985.000","hPa","35.0","pmil","0","51.462","deg","22.621","°C","100.000","%a.s.","22.257","deg","22.682","°C","985.000","hPa","0.861","-0.02056","0.00035","-0.00011","0","14.7","Humid","28.35","0","65.20","249213.93","SABD0002000014","AAV2.0.0.13","4.0.0.2353","PSt7-10","000000-000","8/7/2024 3:37:09 PM","0000-00","0","no battery","V","215852","µV","96196","µV"
"08/11/2024","12:11:30","2","default","203499907","Sensor2","55.675","min","222.911","μmol/L","Humid","23.224","deg","96329","µV","18.552","°C","985.000","hPa","35.0","pmil","0","51.462","deg","22.621","°C","100.000","%a.s.","22.257","deg","22.682","°C","985.000","hPa","0.861","-0.02056","0.00035","-0.00011","0","14.7","Humid","28.35","0","65.20","249211.46","SABD0002000014","AAV2.0.0.13","4.0.0.2353","PSt7-10","000000-000","8/7/2024 3:37:09 PM","0000-00","0","no battery","V","215852","µV","96196","µV"
"08/11/2024","12:11:31","2","default","203499907","Sensor2","55.691","min","223.039","μmol/L","Humid","23.222","deg","96329","µV","18.540","°C","985.000","hPa","35.0","pmil","0","51.462","deg","22.621","°C","100.000","%a.s.","22.257","deg","22.682","°C","985.000","hPa","0.861","-0.02056","0.00035","-0.00011","0","14.7","Humid","28.35","0","65.20","249207.71","SABD0002000014","AAV2.0.0.13","4.0.0.2353","PSt7-10","000000-000","8/7/2024 3:37:09 PM","0000-00","0","no battery","V","215852","µV","96196","µV"
"08/11/2024","12:11:32","2","default","203499907","Sensor2","55.708","min","222.935","μmol/L","Humid","23.225","deg","96330","µV","18.546","°C","985.000","hPa","35.0","pmil","0","51.462","deg","22.621","°C","100.000","%a.s.","22.257","deg","22.682","°C","985.000","hPa","0.861","-0.02056","0.00035","-0.00011","0","14.7","Humid","28.35","0","65.20","249205.45","SABD0002000014","AAV2.0.0.13","4.0.0.2353","PSt7-10","000000-000","8/7/2024 3:37:09 PM","0000-00","0","no battery","V","215852","µV","96196","µV"
"08/11/2024","12:11:33","2","default","203499907","Sensor2","55.725","min","222.896","μmol/L","Humid","23.227","deg","96329","µV","18.546","°C","985.000","hPa","35.0","pmil","0","51.462","deg","22.621","°C","100.000","%a.s.","22.257","deg","22.682","°C","985.000","hPa","0.861","-0.02056","0.00035","-0.00011","0","14.7","Humid","28.35","0","65.20","249200.98","SABD0002000014","AAV2.0.0.13","4.0.0.2353","PSt7-10","000000-000","8/7/2024 3:37:09 PM","0000-00","0","no battery","V","215852","µV","96196","µV"
"08/11/2024","12:11:34","2","default","203499907","Sensor2","55.742","min","222.891","μmol/L","Humid","23.225","deg","96336","µV","18.552","°C","985.000","hPa","35.0","pmil","0","51.462","deg","22.621","°C","100.000","%a.s.","22.257","deg","22.682","°C","985.000","hPa","0.861","-0.02056","0.00035","-0.00011","0","14.7","Humid","28.35","0","65.20","249206.25","SABD0002000014","AAV2.0.0.13","4.0.0.2353","PSt7-10","000000-000","8/7/2024 3:37:09 PM","0000-00","0","no battery","V","215852","µV","96196","µV"
"08/11/2024","12:11:35","2","default","203499907","Sensor2","55.758","min","222.832","μmol/L","Humid","23.228","deg","96333","µV","18.552","°C","985.000","hPa","35.0","pmil","0","51.462","deg","22.621","°C","100.000","%a.s.","22.257","deg","22.682","°C","985.000","hPa","0.861","-0.02056","0.00035","-0.00011","0","14.7","Humid","28.35","0","65.20","249195.46","SABD0002000014","AAV2.0.0.13","4.0.0.2353","PSt7-10","000000-000","8/7/2024 3:37:09 PM","0000-00","0","no battery","V","215852","µV","96196","µV"
"08/11/2024","12:11:36","2","default","203499907","Sensor2","55.775","min","222.832","μmol/L","Humid","23.228","deg","96337","µV","18.552","°C","985.000","hPa","35.0","pmil","0","51.462","deg","22.621","°C","100.000","%a.s.","22.257","deg","22.682","°C","985.000","hPa","0.861","-0.02056","0.00035","-0.00011","0","14.7","Humid","28.35","0","65.20","249205.23","SABD0002000014","AAV2.0.0.13","4.0.0.2353","PSt7-10","000000-000","8/7/2024 3:37:09 PM","0000-00","0","no battery","V","215852","µV","96196","µV"
"08/11/2024","12:11:37","2","default","203499907","Sensor2","55.791","min","222.836","μmol/L","Humid","23.230","deg","96339","µV","18.546","°C","985.000","hPa","35.0","pmil","0","51.462","deg","22.621","°C","100.000","%a.s.","22.257","deg","22.682","°C","985.000","hPa","0.861","-0.02056","0.00035","-0.00011","0","14.7","Humid","28.35","0","65.20","249217.68","SABD0002000014","AAV2.0.0.13","4.0.0.2353","PSt7-10","000000-000","8/7/2024 3:37:09 PM","0000-00","0","no battery","V","215852","µV","96196","µV"
"08/11/2024","12:11:38","2","default","203499907","Sensor2","55.808","min","222.896","μmol/L","Humid","23.227","deg","96344","µV","18.546","°C","985.000","hPa","35.0","pmil","0","51.462","deg","22.621","°C","100.000","%a.s.","22.257","deg","22.682","°C","985.000","hPa","0.861","-0.02056","0.00035","-0.00011","0","14.7","Humid","28.35","0","65.20","249204.54","SABD0002000014","AAV2.0.0.13","4.0.0.2353","PSt7-10","000000-000","8/7/2024 3:37:09 PM","0000-00","0","no battery","V","215852","µV","96196","µV"
"08/11/2024","12:11:39","2","default","203499907","Sensor2","55.824","min","222.856","μmol/L","Humid","23.229","deg","96337","µV","18.546","°C","985.000","hPa","35.0","pmil","0","51.462","deg","22.621","°C","100.000","%a.s.","22.257","deg","22.682","°C","985.000","hPa","0.861","-0.02056","0.00035","-0.00011","0","14.7","Humid","28.35","0","65.20","249199.63","SABD0002000014","AAV2.0.0.13","4.0.0.2353","PSt7-10","000000-000","8/7/2024 3:37:09 PM","0000-00","0","no battery","V","215852","µV","96196","µV"
"08/11/2024","12:11:40","2","default","203499907","Sensor2","55.841","min","222.915","μmol/L","Humid","23.226","deg","96340","µV","18.546","°C","985.000","hPa","35.0","pmil","0","51.462","deg","22.621","°C","100.000","%a.s.","22.257","deg","22.682","°C","985.000","hPa","0.861","-0.02056","0.00035","-0.00011","0","14.7","Humid","28.35","0","65.20","249197.87","SABD0002000014","AAV2.0.0.13","4.0.0.2353","PSt7-10","000000-000","8/7/2024 3:37:09 PM","0000-00","0","no battery","V","215852","µV","96196","µV"
"08/11/2024","12:11:41","2","default","203499907","Sensor2","55.858","min","222.836","μmol/L","Humid","23.230","deg","96339","µV","18.546","°C","985.000","hPa","35.0","pmil","0","51.462","deg","22.621","°C","100.000","%a.s.","22.257","deg","22.682","°C","985.000","hPa","0.861","-0.02056","0.00035","-0.00011","0","14.7","Humid","28.35","0","65.20","249209.25","SABD0002000014","AAV2.0.0.13","4.0.0.2353","PSt7-10","000000-000","8/7/2024 3:37:09 PM","0000-00","0","no battery","V","215852","µV","96196","µV"
"08/11/2024","12:11:42","2","default","203499907","Sensor2","55.875","min","222.880","μmol/L","Humid","23.230","deg","96354","µV","18.540","°C","985.000","hPa","35.0","pmil","0","51.462","deg","22.621","°C","100.000","%a.s.","22.257","deg","22.682","°C","985.000","hPa","0.861","-0.02056","0.00035","-0.00011","0","14.7","Humid","28.35","0","65.20","249215.57","SABD0002000014","AAV2.0.0.13","4.0.0.2353","PSt7-10","000000-000","8/7/2024 3:37:09 PM","0000-00","0","no battery","V","215852","µV","96196","µV"
"08/11/2024","12:11:43","2","default","203499907","Sensor2","55.891","min","222.797","μmol/L","Humid","23.232","deg","96344","µV","18.546","°C","985.000","hPa","35.0","pmil","0","51.462","deg","22.621","°C","100.000","%a.s.","22.257","deg","22.682","°C","985.000","hPa","0.861","-0.02056","0.00035","-0.00011","0","14.7","Humid","28.35","0","65.20","249203.22","SABD0002000014","AAV2.0.0.13","4.0.0.2353","PSt7-10","000000-000","8/7/2024 3:37:09 PM","0000-00","0","no battery","V","215852","µV","96196","µV"
"08/11/2024","12:11:44","2","default","203499907","Sensor2","55.908","min","222.816","μmol/L","Humid","23.231","deg","96353","µV","18.546","°C","985.000","hPa","35.0","pmil","0","51.462","deg","22.621","°C","100.000","%a.s.","22.257","deg","22.682","°C","985.000","hPa","0.861","-0.02056","0.00035","-0.00011","0","14.7","Humid","28.35","0","65.20","249205.72","SABD0002000014","AAV2.0.0.13","4.0.0.2353","PSt7-10","000000-000","8/7/2024 3:37:09 PM","0000-00","0","no battery","V","215852","µV","96196","µV"
"08/11/2024","12:11:45","2","default","203499907","Sensor2","55.925","min","222.880","μmol/L","Humid","23.230","deg","96356","µV","18.540","°C","985.000","hPa","35.0","pmil","0","51.462","deg","22.621","°C","100.000","%a.s.","22.257","deg","22.682","°C","985.000","hPa","0.861","-0.02056","0.00035","-0.00011","0","14.7","Humid","28.35","0","65.20","249199.84","SABD0002000014","AAV2.0.0.13","4.0.0.2353","PSt7-10","000000-000","8/7/2024 3:37:09 PM","0000-00","0","no battery","V","215852","µV","96196","µV"
"08/11/2024","12:11:46","2","default","203499907","Sensor2","55.942","min","222.871","μmol/L","Humid","23.226","deg","96357","µV","18.552","°C","985.000","hPa","35.0","pmil","0","51.462","deg","22.621","°C","100.000","%a.s.","22.257","deg","22.682","°C","985.000","hPa","0.861","-0.02056","0.00035","-0.00011","0","14.7","Humid","28.35","0","65.20","249218.04","SABD0002000014","AAV2.0.0.13","4.0.0.2353","PSt7-10","000000-000","8/7/2024 3:37:09 PM","0000-00","0","no battery","V","215852","µV","96196","µV"
"08/11/2024","12:11:47","2","default","203499907","Sensor2","55.958","min","222.812","μmol/L","Humid","23.229","deg","96354","µV","18.552","°C","985.000","hPa","35.0","pmil","0","51.462","deg","22.621","°C","100.000","%a.s.","22.257","deg","22.682","°C","985.000","hPa","0.861","-0.02056","0.00035","-0.00011","0","14.7","Humid","28.35","0","65.20","249201.03","SABD0002000014","AAV2.0.0.13","4.0.0.2353","PSt7-10","000000-000","8/7/2024 3:37:09 PM","0000-00","0","no battery","V","215852","µV","96196","µV"
"08/11/2024","12:11:48","2","default","203499907","Sensor2","55.975","min","222.753","μmol/L","Humid","23.232","deg","96360","µV","18.552","°C","985.000","hPa","35.0","pmil","0","51.462","deg","22.621","°C","100.000","%a.s.","22.257","deg","22.682","°C","985.000","hPa","0.861","-0.02056","0.00035","-0.00011","0","14.7","Humid","28.35","0","65.20","249199.85","SABD0002000014","AAV2.0.0.13","4.0.0.2353","PSt7-10","000000-000","8/7/2024 3:37:09 PM","0000-00","0","no battery","V","215852","µV","96196","µV"
"08/11/2024","12:11:49","2","default","203499907","Sensor2","55.992","min","222.757","μmol/L","Humid","23.234","deg","96358","µV","18.546","°C","985.000","hPa","35.0","pmil","0","51.462","deg","22.621","°C","100.000","%a.s.","22.257","deg","22.682","°C","985.000","hPa","0.861","-0.02056","0.00035","-0.00011","0","14.7","Humid","28.35","0","65.20","249217.92","SABD0002000014","AAV2.0.0.13","4.0.0.2353","PSt7-10","000000-000","8/7/2024 3:37:09 PM","0000-00","0","no battery","V","215852","µV","96196","µV"
"08/11/2024","12:11:50","2","default","203499907","Sensor2","56.008","min","222.761","μmol/L","Humid","23.236","deg","96357","µV","18.540","°C","985.000","hPa","35.0","pmil","0","51.462","deg","22.621","°C","100.000","%a.s.","22.257","deg","22.682","°C","985.000","hPa","0.861","-0.02056","0.00035","-0.00011","0","14.7","Humid","28.35","0","65.20","249212.59","SABD0002000014","AAV2.0.0.13","4.0.0.2353","PSt7-10","000000-000","8/7/2024 3:37:09 PM","0000-00","0","no battery","V","215852","µV","96196","µV"
"08/11/2024","12:11:51","2","default","203499907","Sensor2","56.024","min","222.777","μmol/L","Humid","23.233","deg","96354","µV","18.546","°C","985.000","hPa","35.0","pmil","0","51.462","deg","22.621","°C","100.000","%a.s.","22.257","deg","22.682","°C","985.000","hPa","0.861","-0.02056","0.00035","-0.00011","0","14.7","Humid","28.35","0","65.20","249212.68","SABD0002000014","AAV2.0.0.13","4.0.0.2353","PSt7-10","000000-000","8/7/2024 3:37:09 PM","0000-00","0","no battery","V","215852","µV","96196","µV"
"08/11/2024","12:11:52","2","default","203499907","Sensor2","56.041","min","222.757","μmol/L","Humid","23.234","deg","96361","µV","18.546","°C","985.000","hPa","35.0","pmil","0","51.462","deg","22.621","°C","100.000","%a.s.","22.257","deg","22.682","°C","985.000","hPa","0.861","-0.02056","0.00035","-0.00011","0","14.7","Humid","28.35","0","65.20","249198.76","SABD0002000014","AAV2.0.0.13","4.0.0.2353","PSt7-10","000000-000","8/7/2024 3:37:09 PM","0000-00","0","no battery","V","215852","µV","96196","µV"
"08/11/2024","12:11:53","2","default","203499907","Sensor2","56.058","min","222.797","μmol/L","Humid","23.232","deg","96362","µV","18.546","°C","985.000","hPa","35.0","pmil","0","51.462","deg","22.621","°C","100.000","%a.s.","22.257","deg","22.682","°C","985.000","hPa","0.861","-0.02056","0.00035","-0.00011","0","14.7","Humid","28.35","0","65.20","249204.47","SABD0002000014","AAV2.0.0.13","4.0.0.2353","PSt7-10","000000-000","8/7/2024 3:37:09 PM","0000-00","0","no battery","V","215852","µV","96196","µV"
"08/11/2024","12:11:54","2","default","203499907","Sensor2","56.075","min","222.693","μmol/L","Humid","23.235","deg","96364","µV","18.552","°C","985.000","hPa","35.0","pmil","0","51.462","deg","22.621","°C","100.000","%a.s.","22.257","deg","22.682","°C","985.000","hPa","0.861","-0.02056","0.00035","-0.00011","0","14.7","Humid","28.35","0","65.20","249209.08","SABD0002000014","AAV2.0.0.13","4.0.0.2353","PSt7-10","000000-000","8/7/2024 3:37:09 PM","0000-00","0","no battery","V","215852","µV","96196","µV"
"08/11/2024","12:11:55","2","default","203499907","Sensor2","56.091","min","222.761","μmol/L","Humid","23.236","deg","96368","µV","18.540","°C","985.000","hPa","35.0","pmil","0","51.462","deg","22.621","°C","100.000","%a.s.","22.257","deg","22.682","°C","985.000","hPa","0.861","-0.02056","0.00035","-0.00011","0","14.7","Humid","28.35","0","65.20","249214.19","SABD0002000014","AAV2.0.0.13","4.0.0.2353","PSt7-10","000000-000","8/7/2024 3:37:09 PM","0000-00","0","no battery","V","215852","µV","96196","µV"
"08/11/2024","12:11:56","2","default","203499907","Sensor2","56.108","min","222.816","μmol/L","Humid","23.231","deg","96366","µV","18.546","°C","985.000","hPa","35.0","pmil","0","51.462","deg","22.621","°C","100.000","%a.s.","22.257","deg","22.682","°C","985.000","hPa","0.861","-0.02056","0.00035","-0.00011","0","14.7","Humid","28.35","0","65.20","249206.44","SABD0002000014","AAV2.0.0.13","4.0.0.2353","PSt7-10","000000-000","8/7/2024 3:37:09 PM","0000-00","0","no battery","V","215852","µV","96196","µV"
"08/11/2024","12:11:57","2","default","203499907","Sensor2","56.125","min","222.673","μmol/L","Humid","23.236","deg","96367","µV","18.552","°C","985.000","hPa","35.0","pmil","0","51.462","deg","22.621","°C","100.000","%a.s.","22.257","deg","22.682","°C","985.000","hPa","0.861","-0.02056","0.00035","-0.00011","0","14.7","Humid","28.35","0","65.20","249210.66","SABD0002000014","AAV2.0.0.13","4.0.0.2353","PSt7-10","000000-000","8/7/2024 3:37:09 PM","0000-00","0","no battery","V","215852","µV","96196","µV"
"08/11/2024","12:11:58","2","default","203499907","Sensor2","56.142","min","222.737","μmol/L","Humid","23.235","deg","96377","µV","18.546","°C","985.000","hPa","35.0","pmil","0","51.462","deg","22.621","°C","100.000","%a.s.","22.257","deg","22.682","°C","985.000","hPa","0.861","-0.02056","0.00035","-0.00011","0","14.7","Humid","28.35","0","65.20","249219.27","SABD0002000014","AAV2.0.0.13","4.0.0.2353","PSt7-10","000000-000","8/7/2024 3:37:09 PM","0000-00","0","no battery","V","215852","µV","96196","µV"
"08/11/2024","12:11:59","2","default","203499907","Sensor2","56.158","min","222.634","μmol/L","Humid","23.238","deg","96373","µV","18.552","°C","985.000","hPa","35.0","pmil","0","51.462","deg","22.621","°C","100.000","%a.s.","22.257","deg","22.682","°C","985.000","hPa","0.861","-0.02056","0.00035","-0.00011","0","14.7","Humid","28.35","0","65.20","249195.79","SABD0002000014","AAV2.0.0.13","4.0.0.2353","PSt7-10","000000-000","8/7/2024 3:37:09 PM","0000-00","0","no battery","V","215852","µV","96196","µV"
"08/11/2024","12:12:00","2","default","203499907","Sensor2","56.175","min","222.634","μmol/L","Humid","23.238","deg","96373","µV","18.552","°C","985.000","hPa","35.0","pmil","0","51.462","deg","22.621","°C","100.000","%a.s.","22.257","deg","22.682","°C","985.000","hPa","0.861","-0.02056","0.00035","-0.00011","0","14.7","Humid","28.35","0","65.20","249221.37","SABD0002000014","AAV2.0.0.13","4.0.0.2353","PSt7-10","000000-000","8/7/2024 3:37:09 PM","0000-00","0","no battery","V","215852","µV","96196","µV"
"08/11/2024","12:12:01","2","default","203499907","Sensor2","56.192","min","222.678","μmol/L","Humid","23.238","deg","96379","µV","18.546","°C","985.000","hPa","35.0","pmil","0","51.462","deg","22.621","°C","100.000","%a.s.","22.257","deg","22.682","°C","985.000","hPa","0.861","-0.02056","0.00035","-0.00011","0","14.7","Humid","28.35","0","65.20","249212.13","SABD0002000014","AAV2.0.0.13","4.0.0.2353","PSt7-10","000000-000","8/7/2024 3:37:09 PM","0000-00","0","no battery","V","215852","µV","96196","µV"
"08/11/2024","12:12:02","2","default","203499907","Sensor2","56.208","min","222.555","μmol/L","Humid","23.242","deg","96375","µV","18.552","°C","985.000","hPa","35.0","pmil","0","51.462","deg","22.621","°C","100.000","%a.s.","22.257","deg","22.682","°C","985.000","hPa","0.861","-0.02056","0.00035","-0.00011","0","14.7","Humid","28.35","0","65.20","249217.58","SABD0002000014","AAV2.0.0.13","4.0.0.2353","PSt7-10","000000-000","8/7/2024 3:37:09 PM","0000-00","0","no battery","V","215852","µV","96196","µV"
"08/11/2024","12:12:03","2","default","203499907","Sensor2","56.224","min","222.654","μmol/L","Humid","23.237","deg","96374","µV","18.552","°C","985.000","hPa","35.0","pmil","0","51.462","deg","22.621","°C","100.000","%a.s.","22.257","deg","22.682","°C","985.000","hPa","0.861","-0.02056","0.00035","-0.00011","0","14.7","Humid","28.35","0","65.20","249205.51","SABD0002000014","AAV2.0.0.13","4.0.0.2353","PSt7-10","000000-000","8/7/2024 3:37:09 PM","0000-00","0","no battery","V","215852","µV","96196","µV"
"08/11/2024","12:12:04","2","default","203499907","Sensor2","56.241","min","222.570","μmol/L","Humid","23.239","deg","96382","µV","18.558","°C","985.000","hPa","35.0","pmil","0","51.462","deg","22.621","°C","100.000","%a.s.","22.257","deg","22.682","°C","985.000","hPa","0.861","-0.02056","0.00035","-0.00011","0","14.7","Humid","28.35","0","65.20","249216.41","SABD0002000014","AAV2.0.0.13","4.0.0.2353","PSt7-10","000000-000","8/7/2024 3:37:09 PM","0000-00","0","no battery","V","215852","µV","96196","µV"
"08/11/2024","12:12:05","2","default","203499907","Sensor2","56.258","min","222.630","μmol/L","Humid","23.236","deg","96383","µV","18.558","°C","985.000","hPa","35.0","pmil","0","51.462","deg","22.621","°C","100.000","%a.s.","22.257","deg","22.682","°C","985.000","hPa","0.861","-0.02056","0.00035","-0.00011","0","14.7","Humid","28.35","0","65.20","249212.99","SABD0002000014","AAV2.0.0.13","4.0.0.2353","PSt7-10","000000-000","8/7/2024 3:37:09 PM","0000-00","0","no battery","V","215852","µV","96196","µV"
"08/11/2024","12:12:06","2","default","203499907","Sensor2","56.275","min","222.717","μmol/L","Humid","23.236","deg","96384","µV","18.546","°C","985.000","hPa","35.0","pmil","0","51.462","deg","22.621","°C","100.000","%a.s.","22.257","deg","22.682","°C","985.000","hPa","0.861","-0.02056","0.00035","-0.00011","0","14.7","Humid","28.35","0","65.20","249205.45","SABD0002000014","AAV2.0.0.13","4.0.0.2353","PSt7-10","000000-000","8/7/2024 3:37:09 PM","0000-00","0","no battery","V","215852","µV","96196","µV"
"08/11/2024","12:12:07","2","default","203499907","Sensor2","56.291","min","222.662","μmol/L","Humid","23.241","deg","96380","µV","18.540","°C","985.000","hPa","35.0","pmil","0","51.462","deg","22.621","°C","100.000","%a.s.","22.257","deg","22.682","°C","985.000","hPa","0.861","-0.02056","0.00035","-0.00011","0","14.7","Humid","28.35","0","65.20","249203.85","SABD0002000014","AAV2.0.0.13","4.0.0.2353","PSt7-10","000000-000","8/7/2024 3:37:09 PM","0000-00","0","no battery","V","215852","µV","96196","µV"
"08/11/2024","12:12:08","2","default","203499907","Sensor2","56.308","min","222.551","μmol/L","Humid","23.240","deg","96385","µV","18.558","°C","985.000","hPa","35.0","pmil","0","51.462","deg","22.621","°C","100.000","%a.s.","22.257","deg","22.682","°C","985.000","hPa","0.861","-0.02056","0.00035","-0.00011","0","14.7","Humid","28.35","0","65.20","249206.09","SABD0002000014","AAV2.0.0.13","4.0.0.2353","PSt7-10","000000-000","8/7/2024 3:37:09 PM","0000-00","0","no battery","V","215852","µV","96196","µV"
"08/11/2024","12:12:09","2","default","203499907","Sensor2","56.325","min","222.638","μmol/L","Humid","23.240","deg","96398","µV","18.546","°C","985.000","hPa","35.0","pmil","0","51.462","deg","22.621","°C","100.000","%a.s.","22.257","deg","22.682","°C","985.000","hPa","0.861","-0.02056","0.00035","-0.00011","0","14.7","Humid","28.35","0","65.20","249216.56","SABD0002000014","AAV2.0.0.13","4.0.0.2353","PSt7-10","000000-000","8/7/2024 3:37:09 PM","0000-00","0","no battery","V","215852","µV","96196","µV"
"08/11/2024","12:12:10","2","default","203499907","Sensor2","56.342","min","222.599","μmol/L","Humid","23.242","deg","96388","µV","18.546","°C","985.000","hPa","35.0","pmil","0","51.462","deg","22.621","°C","100.000","%a.s.","22.257","deg","22.682","°C","985.000","hPa","0.861","-0.02056","0.00035","-0.00011","0","14.7","Humid","28.35","0","65.20","249214.28","SABD0002000014","AAV2.0.0.13","4.0.0.2353","PSt7-10","000000-000","8/7/2024 3:37:09 PM","0000-00","0","no battery","V","215852","µV","96196","µV"
"08/11/2024","12:12:11","2","default","203499907","Sensor2","56.358","min","222.614","μmol/L","Humid","23.239","deg","96391","µV","18.552","°C","985.000","hPa","35.0","pmil","0","51.462","deg","22.621","°C","100.000","%a.s.","22.257","deg","22.682","°C","985.000","hPa","0.861","-0.02056","0.00035","-0.00011","0","14.7","Humid","28.35","0","65.20","249219.20","SABD0002000014","AAV2.0.0.13","4.0.0.2353","PSt7-10","000000-000","8/7/2024 3:37:09 PM","0000-00","0","no battery","V","215852","µV","96196","µV"
"08/11/2024","12:12:12","2","default","203499907","Sensor2","56.375","min","222.678","μmol/L","Humid","23.238","deg","96388","µV","18.546","°C","985.000","hPa","35.0","pmil","0","51.462","deg","22.621","°C","100.000","%a.s.","22.257","deg","22.682","°C","985.000","hPa","0.861","-0.02056","0.00035","-0.00011","0","14.7","Humid","28.35","0","65.20","249202.92","SABD0002000014","AAV2.0.0.13","4.0.0.2353","PSt7-10","000000-000","8/7/2024 3:37:09 PM","0000-00","0","no battery","V","215852","µV","96196","µV"
"08/11/2024","12:12:13","2","default","203499907","Sensor2","56.391","min","222.599","μmol/L","Humid","23.242","deg","96401","µV","18.546","°C","985.000","hPa","35.0","pmil","0","51.462","deg","22.621","°C","100.000","%a.s.","22.257","deg","22.682","°C","985.000","hPa","0.861","-0.02056","0.00035","-0.00011","0","14.7","Humid","28.35","0","65.20","249230.12","SABD0002000014","AAV2.0.0.13","4.0.0.2353","PSt7-10","000000-000","8/7/2024 3:37:09 PM","0000-00","0","no battery","V","215852","µV","96196","µV"
"08/11/2024","12:12:14","2","default","203499907","Sensor2","56.408","min","222.579","μmol/L","Humid","23.243","deg","96395","µV","18.546","°C","985.000","hPa","35.0","pmil","0","51.462","deg","22.621","°C","100.000","%a.s.","22.257","deg","22.682","°C","985.000","hPa","0.861","-0.02056","0.00035","-0.00011","0","14.7","Humid","28.35","0","65.20","249219.40","SABD0002000014","AAV2.0.0.13","4.0.0.2353","PSt7-10","000000-000","8/7/2024 3:37:09 PM","0000-00","0","no battery","V","215852","µV","96196","µV"
"08/11/2024","12:12:15","2","default","203499907","Sensor2","56.424","min","222.638","μmol/L","Humid","23.240","deg","96391","µV","18.546","°C","985.000","hPa","35.0","pmil","0","51.462","deg","22.621","°C","100.000","%a.s.","22.257","deg","22.682","°C","985.000","hPa","0.861","-0.02056","0.00035","-0.00011","0","14.7","Humid","28.35","0","65.20","249212.20","SABD0002000014","AAV2.0.0.13","4.0.0.2353","PSt7-10","000000-000","8/7/2024 3:37:09 PM","0000-00","0","no battery","V","215852","µV","96196","µV"
"08/11/2024","12:12:16","2","default","203499907","Sensor2","56.441","min","222.575","μmol/L","Humid","23.241","deg","96400","µV","18.552","°C","985.000","hPa","35.0","pmil","0","51.462","deg","22.621","°C","100.000","%a.s.","22.257","deg","22.682","°C","985.000","hPa","0.861","-0.02056","0.00035","-0.00011","0","14.7","Humid","28.35","0","65.20","249215.22","SABD0002000014","AAV2.0.0.13","4.0.0.2353","PSt7-10","000000-000","8/7/2024 3:37:09 PM","0000-00","0","no battery","V","215852","µV","96196","µV"
"08/11/2024","12:12:17","2","default","203499907","Sensor2","56.458","min","222.678","μmol/L","Humid","23.238","deg","96404","µV","18.546","°C","985.000","hPa","35.0","pmil","0","51.462","deg","22.621","°C","100.000","%a.s.","22.257","deg","22.682","°C","985.000","hPa","0.861","-0.02056","0.00035","-0.00011","0","14.7","Humid","28.35","0","65.20","249219.12","SABD0002000014","AAV2.0.0.13","4.0.0.2353","PSt7-10","000000-000","8/7/2024 3:37:09 PM","0000-00","0","no battery","V","215852","µV","96196","µV"
"08/11/2024","12:12:18","2","default","203499907","Sensor2","56.475","min","222.638","μmol/L","Humid","23.240","deg","96401","µV","18.546","°C","985.000","hPa","35.0","pmil","0","51.462","deg","22.621","°C","100.000","%a.s.","22.257","deg","22.682","°C","985.000","hPa","0.861","-0.02056","0.00035","-0.00011","0","14.7","Humid","28.35","0","65.20","249214.45","SABD0002000014","AAV2.0.0.13","4.0.0.2353","PSt7-10","000000-000","8/7/2024 3:37:09 PM","0000-00","0","no battery","V","215852","µV","96196","µV"
"08/11/2024","12:12:19","2","default","203499907","Sensor2","56.491","min","222.638","μmol/L","Humid","23.240","deg","96397","µV","18.546","°C","985.000","hPa","35.0","pmil","0","51.462","deg","22.621","°C","100.000","%a.s.","22.257","deg","22.682","°C","985.000","hPa","0.861","-0.02056","0.00035","-0.00011","0","14.7","Humid","28.35","0","65.20","249204.88","SABD0002000014","AAV2.0.0.13","4.0.0.2353","PSt7-10","000000-000","8/7/2024 3:37:09 PM","0000-00","0","no battery","V","215852","µV","96196","µV"
"08/11/2024","12:12:20","2","default","203499907","Sensor2","56.508","min","222.535","μmol/L","Humid","23.243","deg","96403","µV","18.552","°C","985.000","hPa","35.0","pmil","0","51.462","deg","22.621","°C","100.000","%a.s.","22.257","deg","22.682","°C","985.000","hPa","0.861","-0.02056","0.00035","-0.00011","0","14.7","Humid","28.35","0","65.20","249205.02","SABD0002000014","AAV2.0.0.13","4.0.0.2353","PSt7-10","000000-000","8/7/2024 3:37:09 PM","0000-00","0","no battery","V","215852","µV","96196","µV"
"08/11/2024","12:12:21","2","default","203499907","Sensor2","56.525","min","222.599","μmol/L","Humid","23.242","deg","96405","µV","18.546","°C","985.000","hPa","35.0","pmil","0","51.462","deg","22.621","°C","100.000","%a.s.","22.257","deg","22.682","°C","985.000","hPa","0.861","-0.02056","0.00035","-0.00011","0","14.7","Humid","28.35","0","65.20","249207.01","SABD0002000014","AAV2.0.0.13","4.0.0.2353","PSt7-10","000000-000","8/7/2024 3:37:09 PM","0000-00","0","no battery","V","215852","µV","96196","µV"
"08/11/2024","12:12:22","2","default","203499907","Sensor2","56.542","min","222.515","μmol/L","Humid","23.244","deg","96404","µV","18.552","°C","985.000","hPa","35.0","pmil","0","51.462","deg","22.621","°C","100.000","%a.s.","22.257","deg","22.682","°C","985.000","hPa","0.861","-0.02056","0.00035","-0.00011","0","14.7","Humid","28.35","0","65.20","249218.50","SABD0002000014","AAV2.0.0.13","4.0.0.2353","PSt7-10","000000-000","8/7/2024 3:37:09 PM","0000-00","0","no battery","V","215852","µV","96196","µV"
"08/11/2024","12:12:23","2","default","203499907","Sensor2","56.558","min","222.515","μmol/L","Humid","23.244","deg","96403","µV","18.552","°C","985.000","hPa","35.0","pmil","0","51.462","deg","22.621","°C","100.000","%a.s.","22.257","deg","22.682","°C","985.000","hPa","0.861","-0.02056","0.00035","-0.00011","0","14.7","Humid","28.35","0","65.20","249214.74","SABD0002000014","AAV2.0.0.13","4.0.0.2353","PSt7-10","000000-000","8/7/2024 3:37:09 PM","0000-00","0","no battery","V","215852","µV","96196","µV"
"08/11/2024","12:12:24","2","default","203499907","Sensor2","56.574","min","222.535","μmol/L","Humid","23.243","deg","96411","µV","18.552","°C","985.000","hPa","35.0","pmil","0","51.462","deg","22.621","°C","100.000","%a.s.","22.257","deg","22.682","°C","985.000","hPa","0.861","-0.02056","0.00035","-0.00011","0","14.7","Humid","28.35","0","65.20","249208.45","SABD0002000014","AAV2.0.0.13","4.0.0.2353","PSt7-10","000000-000","8/7/2024 3:37:09 PM","0000-00","0","no battery","V","215852","µV","96196","µV"
"08/11/2024","12:12:25","2","default","203499907","Sensor2","56.591","min","222.496","μmol/L","Humid","23.245","deg","96410","µV","18.552","°C","985.000","hPa","35.0","pmil","0","51.462","deg","22.621","°C","100.000","%a.s.","22.257","deg","22.682","°C","985.000","hPa","0.861","-0.02056","0.00035","-0.00011","0","14.7","Humid","28.35","0","65.20","249207.93","SABD0002000014","AAV2.0.0.13","4.0.0.2353","PSt7-10","000000-000","8/7/2024 3:37:09 PM","0000-00","0","no battery","V","215852","µV","96196","µV"
"08/11/2024","12:12:26","2","default","203499907","Sensor2","56.608","min","222.456","μmol/L","Humid","23.247","deg","96418","µV","18.552","°C","985.000","hPa","35.0","pmil","0","51.462","deg","22.621","°C","100.000","%a.s.","22.257","deg","22.682","°C","985.000","hPa","0.861","-0.02056","0.00035","-0.00011","0","14.7","Humid","28.35","0","65.20","249212.76","SABD0002000014","AAV2.0.0.13","4.0.0.2353","PSt7-10","000000-000","8/7/2024 3:37:09 PM","0000-00","0","no battery","V","215852","µV","96196","µV"
"08/11/2024","12:12:27","2","default","203499907","Sensor2","56.624","min","222.535","μmol/L","Humid","23.243","deg","96414","µV","18.552","°C","985.000","hPa","35.0","pmil","0","51.462","deg","22.621","°C","100.000","%a.s.","22.257","deg","22.682","°C","985.000","hPa","0.861","-0.02056","0.00035","-0.00011","0","14.7","Humid","28.35","0","65.20","249201.48","SABD0002000014","AAV2.0.0.13","4.0.0.2353","PSt7-10","000000-000","8/7/2024 3:37:09 PM","0000-00","0","no battery","V","215852","µV","96196","µV"
"08/11/2024","12:12:28","2","default","203499907","Sensor2","56.641","min","222.480","μmol/L","Humid","23.248","deg","96407","µV","18.546","°C","985.000","hPa","35.0","pmil","0","51.462","deg","22.621","°C","100.000","%a.s.","22.257","deg","22.682","°C","985.000","hPa","0.861","-0.02056","0.00035","-0.00011","0","14.7","Humid","28.35","0","65.20","249211.88","SABD0002000014","AAV2.0.0.13","4.0.0.2353","PSt7-10","000000-000","8/7/2024 3:37:09 PM","0000-00","0","no battery","V","215852","µV","96196","µV"
"08/11/2024","12:12:29","2","default","203499907","Sensor2","56.658","min","222.496","μmol/L","Humid","23.245","deg","96417","µV","18.552","°C","985.000","hPa","35.0","pmil","0","51.462","deg","22.621","°C","100.000","%a.s.","22.257","deg","22.682","°C","985.000","hPa","0.861","-0.02056","0.00035","-0.00011","0","14.7","Humid","28.35","0","65.20","249203.81","SABD0002000014","AAV2.0.0.13","4.0.0.2353","PSt7-10","000000-000","8/7/2024 3:37:09 PM","0000-00","0","no battery","V","215852","µV","96196","µV"
"08/11/2024","12:12:30","2","default","203499907","Sensor2","56.675","min","222.603","μmol/L","Humid","23.244","deg","96411","µV","18.540","°C","985.000","hPa","35.0","pmil","0","51.462","deg","22.621","°C","100.000","%a.s.","22.257","deg","22.682","°C","985.000","hPa","0.861","-0.02056","0.00035","-0.00011","0","14.7","Humid","28.35","0","65.20","249204.44","SABD0002000014","AAV2.0.0.13","4.0.0.2353","PSt7-10","000000-000","8/7/2024 3:37:09 PM","0000-00","0","no battery","V","215852","µV","96196","µV"
"08/11/2024","12:12:31","2","default","203499907","Sensor2","56.691","min","222.515","μmol/L","Humid","23.244","deg","96420","µV","18.552","°C","985.000","hPa","35.0","pmil","0","51.462","deg","22.621","°C","100.000","%a.s.","22.257","deg","22.682","°C","985.000","hPa","0.861","-0.02056","0.00035","-0.00011","0","14.7","Humid","28.35","0","65.20","249205.53","SABD0002000014","AAV2.0.0.13","4.0.0.2353","PSt7-10","000000-000","8/7/2024 3:37:09 PM","0000-00","0","no battery","V","215852","µV","96196","µV"
"08/11/2024","12:12:32","2","default","203499907","Sensor2","56.708","min","222.417","μmol/L","Humid","23.249","deg","96423","µV","18.552","°C","985.000","hPa","35.0","pmil","0","51.462","deg","22.621","°C","100.000","%a.s.","22.257","deg","22.682","°C","985.000","hPa","0.861","-0.02056","0.00035","-0.00011","0","14.7","Humid","28.35","0","65.20","249205.19","SABD0002000014","AAV2.0.0.13","4.0.0.2353","PSt7-10","000000-000","8/7/2024 3:37:09 PM","0000-00","0","no battery","V","215852","µV","96196","µV"
"08/11/2024","12:12:33","2","default","203499907","Sensor2","56.725","min","222.397","μmol/L","Humid","23.250","deg","96422","µV","18.552","°C","985.000","hPa","35.0","pmil","0","51.462","deg","22.621","°C","100.000","%a.s.","22.257","deg","22.682","°C","985.000","hPa","0.861","-0.02056","0.00035","-0.00011","0","14.7","Humid","28.35","0","65.20","249213.06","SABD0002000014","AAV2.0.0.13","4.0.0.2353","PSt7-10","000000-000","8/7/2024 3:37:09 PM","0000-00","0","no battery","V","215852","µV","96196","µV"
"08/11/2024","12:12:34","2","default","203499907","Sensor2","56.742","min","222.520","μmol/L","Humid","23.246","deg","96425","µV","18.546","°C","985.000","hPa","35.0","pmil","0","51.462","deg","22.621","°C","100.000","%a.s.","22.257","deg","22.682","°C","985.000","hPa","0.861","-0.02056","0.00035","-0.00011","0","14.7","Humid","28.35","0","65.20","249215.13","SABD0002000014","AAV2.0.0.13","4.0.0.2353","PSt7-10","000000-000","8/7/2024 3:37:09 PM","0000-00","0","no battery","V","215852","µV","96196","µV"
"08/11/2024","12:12:35","2","default","203499907","Sensor2","56.758","min","222.397","μmol/L","Humid","23.250","deg","96427","µV","18.552","°C","985.000","hPa","35.0","pmil","0","51.462","deg","22.621","°C","100.000","%a.s.","22.257","deg","22.682","°C","985.000","hPa","0.861","-0.02056","0.00035","-0.00011","0","14.7","Humid","28.35","0","65.20","249223.71","SABD0002000014","AAV2.0.0.13","4.0.0.2353","PSt7-10","000000-000","8/7/2024 3:37:09 PM","0000-00","0","no battery","V","215852","µV","96196","µV"
"08/11/2024","12:12:36","2","default","203499907","Sensor2","56.774","min","222.460","μmol/L","Humid","23.249","deg","96431","µV","18.546","°C","985.000","hPa","35.0","pmil","0","51.462","deg","22.621","°C","100.000","%a.s.","22.257","deg","22.682","°C","985.000","hPa","0.861","-0.02056","0.00035","-0.00011","0","14.7","Humid","28.35","0","65.20","249193.55","SABD0002000014","AAV2.0.0.13","4.0.0.2353","PSt7-10","000000-000","8/7/2024 3:37:09 PM","0000-00","0","no battery","V","215852","µV","96196","µV"
"08/11/2024","12:12:37","2","default","203499907","Sensor2","56.791","min","222.417","μmol/L","Humid","23.249","deg","96426","µV","18.552","°C","985.000","hPa","35.0","pmil","0","51.462","deg","22.621","°C","100.000","%a.s.","22.257","deg","22.682","°C","985.000","hPa","0.861","-0.02056","0.00035","-0.00011","0","14.7","Humid","28.35","0","65.20","249197.76","SABD0002000014","AAV2.0.0.13","4.0.0.2353","PSt7-10","000000-000","8/7/2024 3:37:09 PM","0000-00","0","no battery","V","215852","µV","96196","µV"
"08/11/2024","12:12:38","2","default","203499907","Sensor2","56.808","min","222.392","μmol/L","Humid","23.248","deg","96430","µV","18.558","°C","985.000","hPa","35.0","pmil","0","51.462","deg","22.621","°C","100.000","%a.s.","22.257","deg","22.682","°C","985.000","hPa","0.861","-0.02056","0.00035","-0.00011","0","14.7","Humid","28.35","0","65.20","249211.51","SABD0002000014","AAV2.0.0.13","4.0.0.2353","PSt7-10","000000-000","8/7/2024 3:37:09 PM","0000-00","0","no battery","V","215852","µV","96196","µV"
"08/11/2024","12:12:39","2","default","203499907","Sensor2","56.825","min","222.377","μmol/L","Humid","23.251","deg","96429","µV","18.552","°C","985.000","hPa","35.0","pmil","0","51.462","deg","22.621","°C","100.000","%a.s.","22.257","deg","22.682","°C","985.000","hPa","0.861","-0.02056","0.00035","-0.00011","0","14.7","Humid","28.35","0","65.20","249207.01","SABD0002000014","AAV2.0.0.13","4.0.0.2353","PSt7-10","000000-000","8/7/2024 3:37:09 PM","0000-00","0","no battery","V","215852","µV","96196","µV"
"08/11/2024","12:12:40","2","default","203499907","Sensor2","56.841","min","222.397","μmol/L","Humid","23.250","deg","96431","µV","18.552","°C","985.000","hPa","35.0","pmil","0","51.462","deg","22.621","°C","100.000","%a.s.","22.257","deg","22.682","°C","985.000","hPa","0.861","-0.02056","0.00035","-0.00011","0","14.7","Humid","28.35","0","65.20","249207.06","SABD0002000014","AAV2.0.0.13","4.0.0.2353","PSt7-10","000000-000","8/7/2024 3:37:09 PM","0000-00","0","no battery","V","215852","µV","96196","µV"
"08/11/2024","12:12:41","2","default","203499907","Sensor2","56.858","min","222.401","μmol/L","Humid","23.252","deg","96434","µV","18.546","°C","985.000","hPa","35.0","pmil","0","51.462","deg","22.621","°C","100.000","%a.s.","22.257","deg","22.682","°C","985.000","hPa","0.861","-0.02056","0.00035","-0.00011","0","14.7","Humid","28.35","0","65.20","249212.44","SABD0002000014","AAV2.0.0.13","4.0.0.2353","PSt7-10","000000-000","8/7/2024 3:37:09 PM","0000-00","0","no battery","V","215852","µV","96196","µV"
"08/11/2024","12:12:42","2","default","203499907","Sensor2","56.875","min","222.278","μmol/L","Humid","23.256","deg","96435","µV","18.552","°C","985.000","hPa","35.0","pmil","0","51.462","deg","22.621","°C","100.000","%a.s.","22.257","deg","22.682","°C","985.000","hPa","0.861","-0.02056","0.00035","-0.00011","0","14.7","Humid","28.35","0","65.20","249217.00","SABD0002000014","AAV2.0.0.13","4.0.0.2353","PSt7-10","000000-000","8/7/2024 3:37:09 PM","0000-00","0","no battery","V","215852","µV","96196","µV"
"08/11/2024","12:12:43","2","default","203499907","Sensor2","56.892","min","222.406","μmol/L","Humid","23.254","deg","96435","µV","18.540","°C","985.000","hPa","35.0","pmil","0","51.462","deg","22.621","°C","100.000","%a.s.","22.257","deg","22.682","°C","985.000","hPa","0.861","-0.02056","0.00035","-0.00011","0","14.7","Humid","28.35","0","65.20","249212.55","SABD0002000014","AAV2.0.0.13","4.0.0.2353","PSt7-10","000000-000","8/7/2024 3:37:09 PM","0000-00","0","no battery","V","215852","µV","96196","µV"
"08/11/2024","12:12:44","2","default","203499907","Sensor2","56.908","min","222.417","μmol/L","Humid","23.249","deg","96445","µV","18.552","°C","985.000","hPa","35.0","pmil","0","51.462","deg","22.621","°C","100.000","%a.s.","22.257","deg","22.682","°C","985.000","hPa","0.861","-0.02056","0.00035","-0.00011","0","14.7","Humid","28.35","0","65.20","249210.61","SABD0002000014","AAV2.0.0.13","4.0.0.2353","PSt7-10","000000-000","8/7/2024 3:37:09 PM","0000-00","0","no battery","V","215852","µV","96196","µV"
"08/11/2024","12:12:45","2","default","203499907","Sensor2","56.924","min","222.338","μmol/L","Humid","23.253","deg","96447","µV","18.552","°C","985.000","hPa","35.0","pmil","0","51.462","deg","22.621","°C","100.000","%a.s.","22.257","deg","22.682","°C","985.000","hPa","0.861","-0.02056","0.00035","-0.00011","0","14.7","Humid","28.35","0","65.20","249212.25","SABD0002000014","AAV2.0.0.13","4.0.0.2353","PSt7-10","000000-000","8/7/2024 3:37:09 PM","0000-00","0","no battery","V","215852","µV","96196","µV"
"08/11/2024","12:12:46","2","default","203499907","Sensor2","56.941","min","222.401","μmol/L","Humid","23.252","deg","96443","µV","18.546","°C","985.000","hPa","35.0","pmil","0","51.462","deg","22.621","°C","100.000","%a.s.","22.257","deg","22.682","°C","985.000","hPa","0.861","-0.02056","0.00035","-0.00011","0","14.7","Humid","28.35","0","65.20","249206.77","SABD0002000014","AAV2.0.0.13","4.0.0.2353","PSt7-10","000000-000","8/7/2024 3:37:09 PM","0000-00","0","no battery","V","215852","µV","96196","µV"
"08/11/2024","12:12:47","2","default","203499907","Sensor2","56.958","min","222.338","μmol/L","Humid","23.253","deg","96460","µV","18.552","°C","985.000","hPa","35.0","pmil","0","51.462","deg","22.621","°C","100.000","%a.s.","22.257","deg","22.682","°C","985.000","hPa","0.861","-0.02056","0.00035","-0.00011","0","14.7","Humid","28.35","0","65.20","249216.63","SABD0002000014","AAV2.0.0.13","4.0.0.2353","PSt7-10","000000-000","8/7/2024 3:37:09 PM","0000-00","0","no battery","V","215852","µV","96196","µV"
"08/11/2024","12:12:48","2","default","203499907","Sensor2","56.974","min","222.298","μmol/L","Humid","23.255","deg","96440","µV","18.552","°C","985.000","hPa","35.0","pmil","0","51.462","deg","22.621","°C","100.000","%a.s.","22.257","deg","22.682","°C","985.000","hPa","0.861","-0.02056","0.00035","-0.00011","0","14.7","Humid","28.35","0","65.20","249202.41","SABD0002000014","AAV2.0.0.13","4.0.0.2353","PSt7-10","000000-000","8/7/2024 3:37:09 PM","0000-00","0","no battery","V","215852","µV","96196","µV"
"08/11/2024","12:12:49","2","default","203499907","Sensor2","56.991","min","222.357","μmol/L","Humid","23.252","deg","96448","µV","18.552","°C","985.000","hPa","35.0","pmil","0","51.462","deg","22.621","°C","100.000","%a.s.","22.257","deg","22.682","°C","985.000","hPa","0.861","-0.02056","0.00035","-0.00011","0","14.7","Humid","28.35","0","65.20","249213.40","SABD0002000014","AAV2.0.0.13","4.0.0.2353","PSt7-10","000000-000","8/7/2024 3:37:09 PM","0000-00","0","no battery","V","215852","µV","96196","µV"
"08/11/2024","12:12:50","2","default","203499907","Sensor2","57.008","min","222.357","μmol/L","Humid","23.252","deg","96454","µV","18.552","°C","985.000","hPa","35.0","pmil","0","51.462","deg","22.621","°C","100.000","%a.s.","22.257","deg","22.682","°C","985.000","hPa","0.861","-0.02056","0.00035","-0.00011","0","14.7","Humid","28.35","0","65.20","249215.53","SABD0002000014","AAV2.0.0.13","4.0.0.2353","PSt7-10","000000-000","8/7/2024 3:37:09 PM","0000-00","0","no battery","V","215852","µV","96196","µV"
"08/11/2024","12:12:51","2","default","203499907","Sensor2","57.024","min","222.254","μmol/L","Humid","23.255","deg","96450","µV","18.558","°C","985.000","hPa","35.0","pmil","0","51.462","deg","22.621","°C","100.000","%a.s.","22.257","deg","22.682","°C","985.000","hPa","0.861","-0.02056","0.00035","-0.00011","0","14.7","Humid","28.35","0","65.20","249194.18","SABD0002000014","AAV2.0.0.13","4.0.0.2353","PSt7-10","000000-000","8/7/2024 3:37:09 PM","0000-00","0","no battery","V","215852","µV","96196","µV"
"08/11/2024","12:12:52","2","default","203499907","Sensor2","57.041","min","222.294","μmol/L","Humid","23.253","deg","96456","µV","18.558","°C","985.000","hPa","35.0","pmil","0","51.462","deg","22.621","°C","100.000","%a.s.","22.257","deg","22.682","°C","985.000","hPa","0.861","-0.02056","0.00035","-0.00011","0","14.7","Humid","28.35","0","65.20","249210.58","SABD0002000014","AAV2.0.0.13","4.0.0.2353","PSt7-10","000000-000","8/7/2024 3:37:09 PM","0000-00","0","no battery","V","215852","µV","96196","µV"
"08/11/2024","12:12:53","2","default","203499907","Sensor2","57.058","min","222.342","μmol/L","Humid","23.255","deg","96458","µV","18.546","°C","985.000","hPa","35.0","pmil","0","51.462","deg","22.621","°C","100.000","%a.s.","22.257","deg","22.682","°C","985.000","hPa","0.861","-0.02056","0.00035","-0.00011","0","14.7","Humid","28.35","0","65.20","249210.82","SABD0002000014","AAV2.0.0.13","4.0.0.2353","PSt7-10","000000-000","8/7/2024 3:37:09 PM","0000-00","0","no battery","V","215852","µV","96196","µV"
"08/11/2024","12:12:54","2","default","203499907","Sensor2","57.075","min","222.318","μmol/L","Humid","23.254","deg","96459","µV","18.552","°C","985.000","hPa","35.0","pmil","0","51.462","deg","22.621","°C","100.000","%a.s.","22.257","deg","22.682","°C","985.000","hPa","0.861","-0.02056","0.00035","-0.00011","0","14.7","Humid","28.35","0","65.20","249196.90","SABD0002000014","AAV2.0.0.13","4.0.0.2353","PSt7-10","000000-000","8/7/2024 3:37:09 PM","0000-00","0","no battery","V","215852","µV","96196","µV"
"08/11/2024","12:12:55","2","default","203499907","Sensor2","57.091","min","222.259","μmol/L","Humid","23.257","deg","96458","µV","18.552","°C","985.000","hPa","35.0","pmil","0","51.462","deg","22.621","°C","100.000","%a.s.","22.257","deg","22.682","°C","985.000","hPa","0.861","-0.02056","0.00035","-0.00011","0","14.7","Humid","28.35","0","65.20","249211.87","SABD0002000014","AAV2.0.0.13","4.0.0.2353","PSt7-10","000000-000","8/7/2024 3:37:09 PM","0000-00","0","no battery","V","215852","µV","96196","µV"
"08/11/2024","12:12:56","2","default","203499907","Sensor2","57.108","min","222.160","μmol/L","Humid","23.262","deg","96461","µV","18.552","°C","985.000","hPa","35.0","pmil","0","51.462","deg","22.621","°C","100.000","%a.s.","22.257","deg","22.682","°C","985.000","hPa","0.861","-0.02056","0.00035","-0.00011","0","14.7","Humid","28.35","0","65.20","249206.42","SABD0002000014","AAV2.0.0.13","4.0.0.2353","PSt7-10","000000-000","8/7/2024 3:37:09 PM","0000-00","0","no battery","V","215852","µV","96196","µV"
"08/11/2024","12:12:57","2","default","203499907","Sensor2","57.125","min","222.219","μmol/L","Humid","23.259","deg","96463","µV","18.552","°C","985.000","hPa","35.0","pmil","0","51.462","deg","22.621","°C","100.000","%a.s.","22.257","deg","22.682","°C","985.000","hPa","0.861","-0.02056","0.00035","-0.00011","0","14.7","Humid","28.35","0","65.20","249211.86","SABD0002000014","AAV2.0.0.13","4.0.0.2353","PSt7-10","000000-000","8/7/2024 3:37:09 PM","0000-00","0","no battery","V","215852","µV","96196","µV"
"08/11/2024","12:12:58","2","default","203499907","Sensor2","57.142","min","222.259","μmol/L","Humid","23.257","deg","96461","µV","18.552","°C","985.000","hPa","35.0","pmil","0","51.462","deg","22.621","°C","100.000","%a.s.","22.257","deg","22.682","°C","985.000","hPa","0.861","-0.02056","0.00035","-0.00011","0","14.7","Humid","28.35","0","65.20","249213.51","SABD0002000014","AAV2.0.0.13","4.0.0.2353","PSt7-10","000000-000","8/7/2024 3:37:09 PM","0000-00","0","no battery","V","215852","µV","96196","µV"
"08/11/2024","12:12:59","2","default","203499907","Sensor2","57.158","min","222.283","μmol/L","Humid","23.258","deg","96466","µV","18.546","°C","985.000","hPa","35.0","pmil","0","51.462","deg","22.621","°C","100.000","%a.s.","22.257","deg","22.682","°C","985.000","hPa","0.861","-0.02056","0.00035","-0.00011","0","14.7","Humid","28.35","0","65.20","249190.57","SABD0002000014","AAV2.0.0.13","4.0.0.2353","PSt7-10","000000-000","8/7/2024 3:37:09 PM","0000-00","0","no battery","V","215852","µV","96196","µV"
"08/11/2024","12:13:00","2","default","203499907","Sensor2","57.174","min","222.263","μmol/L","Humid","23.259","deg","96465","µV","18.546","°C","985.000","hPa","35.0","pmil","0","51.462","deg","22.621","°C","100.000","%a.s.","22.257","deg","22.682","°C","985.000","hPa","0.861","-0.02056","0.00035","-0.00011","0","14.7","Humid","28.35","0","65.20","249214.12","SABD0002000014","AAV2.0.0.13","4.0.0.2353","PSt7-10","000000-000","8/7/2024 3:37:09 PM","0000-00","0","no battery","V","215852","µV","96196","µV"
"08/11/2024","12:13:01","2","default","203499907","Sensor2","57.191","min","222.219","μmol/L","Humid","23.259","deg","96466","µV","18.552","°C","985.000","hPa","35.0","pmil","0","51.462","deg","22.621","°C","100.000","%a.s.","22.257","deg","22.682","°C","985.000","hPa","0.861","-0.02056","0.00035","-0.00011","0","14.7","Humid","28.35","0","65.20","249206.19","SABD0002000014","AAV2.0.0.13","4.0.0.2353","PSt7-10","000000-000","8/7/2024 3:37:09 PM","0000-00","0","no battery","V","215852","µV","96196","µV"
"08/11/2024","12:13:02","2","default","203499907","Sensor2","57.208","min","222.180","μmol/L","Humid","23.261","deg","96470","µV","18.552","°C","985.000","hPa","35.0","pmil","0","51.462","deg","22.621","°C","100.000","%a.s.","22.257","deg","22.682","°C","985.000","hPa","0.861","-0.02056","0.00035","-0.00011","0","14.7","Humid","28.35","0","65.20","249207.47","SABD0002000014","AAV2.0.0.13","4.0.0.2353","PSt7-10","000000-000","8/7/2024 3:37:09 PM","0000-00","0","no battery","V","215852","µV","96196","µV"
"08/11/2024","12:13:03","2","default","203499907","Sensor2","57.224","min","222.298","μmol/L","Humid","23.255","deg","96468","µV","18.552","°C","985.000","hPa","35.0","pmil","0","51.462","deg","22.621","°C","100.000","%a.s.","22.257","deg","22.682","°C","985.000","hPa","0.861","-0.02056","0.00035","-0.00011","0","14.7","Humid","28.35","0","65.20","249208.74","SABD0002000014","AAV2.0.0.13","4.0.0.2353","PSt7-10","000000-000","8/7/2024 3:37:09 PM","0000-00","0","no battery","V","215852","µV","96196","µV"
"08/11/2024","12:13:04","2","default","203499907","Sensor2","57.241","min","222.283","μmol/L","Humid","23.258","deg","96469","µV","18.546","°C","985.000","hPa","35.0","pmil","0","51.462","deg","22.621","°C","100.000","%a.s.","22.257","deg","22.682","°C","985.000","hPa","0.861","-0.02056","0.00035","-0.00011","0","14.7","Humid","28.35","0","65.20","249203.30","SABD0002000014","AAV2.0.0.13","4.0.0.2353","PSt7-10","000000-000","8/7/2024 3:37:09 PM","0000-00","0","no battery","V","215852","µV","96196","µV"
"08/11/2024","12:13:05","2","default","203499907","Sensor2","57.258","min","222.239","μmol/L","Humid","23.258","deg","96474","µV","18.552","°C","985.000","hPa","35.0","pmil","0","51.462","deg","22.621","°C","100.000","%a.s.","22.257","deg","22.682","°C","985.000","hPa","0.861","-0.02056","0.00035","-0.00011","0","14.7","Humid","28.35","0","65.20","249193.82","SABD0002000014","AAV2.0.0.13","4.0.0.2353","PSt7-10","000000-000","8/7/2024 3:37:09 PM","0000-00","0","no battery","V","215852","µV","96196","µV"
"08/11/2024","12:13:06","2","default","203499907","Sensor2","57.275","min","222.278","μmol/L","Humid","23.256","deg","96474","µV","18.552","°C","985.000","hPa","35.0","pmil","0","51.462","deg","22.621","°C","100.000","%a.s.","22.257","deg","22.682","°C","985.000","hPa","0.861","-0.02056","0.00035","-0.00011","0","14.7","Humid","28.35","0","65.20","249207.49","SABD0002000014","AAV2.0.0.13","4.0.0.2353","PSt7-10","000000-000","8/7/2024 3:37:09 PM","0000-00","0","no battery","V","215852","µV","96196","µV"
"08/11/2024","12:13:07","2","default","203499907","Sensor2","57.292","min","222.180","μmol/L","Humid","23.261","deg","96479","µV","18.552","°C","985.000","hPa","35.0","pmil","0","51.462","deg","22.621","°C","100.000","%a.s.","22.257","deg","22.682","°C","985.000","hPa","0.861","-0.02056","0.00035","-0.00011","0","14.7","Humid","28.35","0","65.20","249204.18","SABD0002000014","AAV2.0.0.13","4.0.0.2353","PSt7-10","000000-000","8/7/2024 3:37:09 PM","0000-00","0","no battery","V","215852","µV","96196","µV"
"08/11/2024","12:13:08","2","default","203499907","Sensor2","57.308","min","222.156","μmol/L","Humid","23.260","deg","96467","µV","18.558","°C","985.000","hPa","35.0","pmil","0","51.462","deg","22.621","°C","100.000","%a.s.","22.257","deg","22.682","°C","985.000","hPa","0.861","-0.02056","0.00035","-0.00011","0","14.7","Humid","28.35","0","65.20","249203.92","SABD0002000014","AAV2.0.0.13","4.0.0.2353","PSt7-10","000000-000","8/7/2024 3:37:09 PM","0000-00","0","no battery","V","215852","µV","96196","µV"
"08/11/2024","12:13:09","2","default","203499907","Sensor2","57.325","min","222.160","μmol/L","Humid","23.262","deg","96474","µV","18.552","°C","985.000","hPa","35.0","pmil","0","51.462","deg","22.621","°C","100.000","%a.s.","22.257","deg","22.682","°C","985.000","hPa","0.861","-0.02056","0.00035","-0.00011","0","14.7","Humid","28.35","0","65.20","249188.88","SABD0002000014","AAV2.0.0.13","4.0.0.2353","PSt7-10","000000-000","8/7/2024 3:37:09 PM","0000-00","0","no battery","V","215852","µV","96196","µV"
"08/11/2024","12:13:10","2","default","203499907","Sensor2","57.342","min","222.298","μmol/L","Humid","23.255","deg","96483","µV","18.552","°C","985.000","hPa","35.0","pmil","0","51.462","deg","22.621","°C","100.000","%a.s.","22.257","deg","22.682","°C","985.000","hPa","0.861","-0.02056","0.00035","-0.00011","0","14.7","Humid","28.35","0","65.20","249203.67","SABD0002000014","AAV2.0.0.13","4.0.0.2353","PSt7-10","000000-000","8/7/2024 3:37:09 PM","0000-00","0","no battery","V","215852","µV","96196","µV"
"08/11/2024","12:13:11","2","default","203499907","Sensor2","57.358","min","222.164","μmol/L","Humid","23.264","deg","96479","µV","18.546","°C","985.000","hPa","35.0","pmil","0","51.462","deg","22.621","°C","100.000","%a.s.","22.257","deg","22.682","°C","985.000","hPa","0.861","-0.02056","0.00035","-0.00011","0","14.7","Humid","28.35","0","65.20","249202.69","SABD0002000014","AAV2.0.0.13","4.0.0.2353","PSt7-10","000000-000","8/7/2024 3:37:09 PM","0000-00","0","no battery","V","215852","µV","96196","µV"
"08/11/2024","12:13:12","2","default","203499907","Sensor2","57.374","min","222.140","μmol/L","Humid","23.263","deg","96488","µV","18.552","°C","985.000","hPa","35.0","pmil","0","51.462","deg","22.621","°C","100.000","%a.s.","22.257","deg","22.682","°C","985.000","hPa","0.861","-0.02056","0.00035","-0.00011","0","14.7","Humid","28.35","0","65.20","249196.67","SABD0002000014","AAV2.0.0.13","4.0.0.2353","PSt7-10","000000-000","8/7/2024 3:37:09 PM","0000-00","0","no battery","V","215852","µV","96196","µV"
"08/11/2024","12:13:13","2","default","203499907","Sensor2","57.391","min","222.184","μmol/L","Humid","23.263","deg","96490","µV","18.546","°C","985.000","hPa","35.0","pmil","0","51.462","deg","22.621","°C","100.000","%a.s.","22.257","deg","22.682","°C","985.000","hPa","0.861","-0.02056","0.00035","-0.00011","0","14.7","Humid","28.35","0","65.20","249209.37","SABD0002000014","AAV2.0.0.13","4.0.0.2353","PSt7-10","000000-000","8/7/2024 3:37:09 PM","0000-00","0","no battery","V","215852","µV","96196","µV"
"08/11/2024","12:13:14","2","default","203499907","Sensor2","57.408","min","222.081","μmol/L","Humid","23.266","deg","96490","µV","18.552","°C","985.000","hPa","35.0","pmil","0","51.462","deg","22.621","°C","100.000","%a.s.","22.257","deg","22.682","°C","985.000","hPa","0.861","-0.02056","0.00035","-0.00011","0","14.7","Humid","28.35","0","65.20","249209.89","SABD0002000014","AAV2.0.0.13","4.0.0.2353","PSt7-10","000000-000","8/7/2024 3:37:09 PM","0000-00","0","no battery","V","215852","µV","96196","µV"
"08/11/2024","12:13:15","2","default","203499907","Sensor2","57.425","min","222.204","μmol/L","Humid","23.262","deg","96497","µV","18.546","°C","985.000","hPa","35.0","pmil","0","51.462","deg","22.621","°C","100.000","%a.s.","22.257","deg","22.682","°C","985.000","hPa","0.861","-0.02056","0.00035","-0.00011","0","14.7","Humid","28.35","0","65.20","249195.22","SABD0002000014","AAV2.0.0.13","4.0.0.2353","PSt7-10","000000-000","8/7/2024 3:37:09 PM","0000-00","0","no battery","V","215852","µV","96196","µV"
"08/11/2024","12:13:16","2","default","203499907","Sensor2","57.441","min","222.224","μmol/L","Humid","23.261","deg","96481","µV","18.546","°C","985.000","hPa","35.0","pmil","0","51.462","deg","22.621","°C","100.000","%a.s.","22.257","deg","22.682","°C","985.000","hPa","0.861","-0.02056","0.00035","-0.00011","0","14.7","Humid","28.35","0","65.20","249204.30","SABD0002000014","AAV2.0.0.13","4.0.0.2353","PSt7-10","000000-000","8/7/2024 3:37:09 PM","0000-00","0","no battery","V","215852","µV","96196","µV"
"08/11/2024","12:13:17","2","default","203499907","Sensor2","57.458","min","222.140","μmol/L","Humid","23.263","deg","96487","µV","18.552","°C","985.000","hPa","35.0","pmil","0","51.462","deg","22.621","°C","100.000","%a.s.","22.257","deg","22.682","°C","985.000","hPa","0.861","-0.02056","0.00035","-0.00011","0","14.7","Humid","28.35","0","65.20","249199.10","SABD0002000014","AAV2.0.0.13","4.0.0.2353","PSt7-10","000000-000","8/7/2024 3:37:09 PM","0000-00","0","no battery","V","215852","µV","96196","µV"
"08/11/2024","12:13:18","2","default","203499907","Sensor2","57.475","min","222.081","μmol/L","Humid","23.266","deg","96486","µV","18.552","°C","985.000","hPa","35.0","pmil","0","51.462","deg","22.621","°C","100.000","%a.s.","22.257","deg","22.682","°C","985.000","hPa","0.861","-0.02056","0.00035","-0.00011","0","14.7","Humid","28.35","0","65.20","249202.60","SABD0002000014","AAV2.0.0.13","4.0.0.2353","PSt7-10","000000-000","8/7/2024 3:37:09 PM","0000-00","0","no battery","V","215852","µV","96196","µV"
"08/11/2024","12:13:19","2","default","203499907","Sensor2","57.491","min","222.136","μmol/L","Humid","23.261","deg","96485","µV","18.558","°C","985.000","hPa","35.0","pmil","0","51.462","deg","22.621","°C","100.000","%a.s.","22.257","deg","22.682","°C","985.000","hPa","0.861","-0.02056","0.00035","-0.00011","0","14.7","Humid","28.35","0","65.20","249195.32","SABD0002000014","AAV2.0.0.13","4.0.0.2353","PSt7-10","000000-000","8/7/2024 3:37:09 PM","0000-00","0","no battery","V","215852","µV","96196","µV"
"08/11/2024","12:13:20","2","default","203499907","Sensor2","57.508","min","222.101","μmol/L","Humid","23.265","deg","96490","µV","18.552","°C","985.000","hPa","35.0","pmil","0","51.462","deg","22.621","°C","100.000","%a.s.","22.257","deg","22.682","°C","985.000","hPa","0.861","-0.02056","0.00035","-0.00011","0","14.7","Humid","28.35","0","65.20","249197.18","SABD0002000014","AAV2.0.0.13","4.0.0.2353","PSt7-10","000000-000","8/7/2024 3:37:09 PM","0000-00","0","no battery","V","215852","µV","96196","µV"
"08/11/2024","12:13:21","2","default","203499907","Sensor2","57.525","min","222.081","μmol/L","Humid","23.266","deg","96495","µV","18.552","°C","985.000","hPa","35.0","pmil","0","51.462","deg","22.621","°C","100.000","%a.s.","22.257","deg","22.682","°C","985.000","hPa","0.861","-0.02056","0.00035","-0.00011","0","14.7","Humid","28.35","0","65.20","249199.84","SABD0002000014","AAV2.0.0.13","4.0.0.2353","PSt7-10","000000-000","8/7/2024 3:37:09 PM","0000-00","0","no battery","V","215852","µV","96196","µV"
"08/11/2024","12:13:22","2","default","203499907","Sensor2","57.542","min","222.160","μmol/L","Humid","23.262","deg","96500","µV","18.552","°C","985.000","hPa","35.0","pmil","0","51.462","deg","22.621","°C","100.000","%a.s.","22.257","deg","22.682","°C","985.000","hPa","0.861","-0.02056","0.00035","-0.00011","0","14.7","Humid","28.35","0","65.20","249203.22","SABD0002000014","AAV2.0.0.13","4.0.0.2353","PSt7-10","000000-000","8/7/2024 3:37:09 PM","0000-00","0","no battery","V","215852","µV","96196","µV"
"08/11/2024","12:13:23","2","default","203499907","Sensor2","57.558","min","222.081","μmol/L","Humid","23.266","deg","96495","µV","18.552","°C","985.000","hPa","35.0","pmil","0","51.462","deg","22.621","°C","100.000","%a.s.","22.257","deg","22.682","°C","985.000","hPa","0.861","-0.02056","0.00035","-0.00011","0","14.7","Humid","28.35","0","65.20","249195.08","SABD0002000014","AAV2.0.0.13","4.0.0.2353","PSt7-10","000000-000","8/7/2024 3:37:09 PM","0000-00","0","no battery","V","215852","µV","96196","µV"
"08/11/2024","12:13:24","2","default","203499907","Sensor2","57.575","min","222.101","μmol/L","Humid","23.265","deg","96502","µV","18.552","°C","985.000","hPa","35.0","pmil","0","51.462","deg","22.621","°C","100.000","%a.s.","22.257","deg","22.682","°C","985.000","hPa","0.861","-0.02056","0.00035","-0.00011","0","14.7","Humid","28.35","0","65.20","249203.99","SABD0002000014","AAV2.0.0.13","4.0.0.2353","PSt7-10","000000-000","8/7/2024 3:37:09 PM","0000-00","0","no battery","V","215852","µV","96196","µV"
"08/11/2024","12:13:25","2","default","203499907","Sensor2","57.591","min","222.081","μmol/L","Humid","23.266","deg","96496","µV","18.552","°C","985.000","hPa","35.0","pmil","0","51.462","deg","22.621","°C","100.000","%a.s.","22.257","deg","22.682","°C","985.000","hPa","0.861","-0.02056","0.00035","-0.00011","0","14.7","Humid","28.35","0","65.20","249193.43","SABD0002000014","AAV2.0.0.13","4.0.0.2353","PSt7-10","000000-000","8/7/2024 3:37:09 PM","0000-00","0","no battery","V","215852","µV","96196","µV"
"08/11/2024","12:13:26","2","default","203499907","Sensor2","57.608","min","222.164","μmol/L","Humid","23.264","deg","96502","µV","18.546","°C","985.000","hPa","35.0","pmil","0","51.462","deg","22.621","°C","100.000","%a.s.","22.257","deg","22.682","°C","985.000","hPa","0.861","-0.02056","0.00035","-0.00011","0","14.7","Humid","28.35","0","65.20","249198.19","SABD0002000014","AAV2.0.0.13","4.0.0.2353","PSt7-10","000000-000","8/7/2024 3:37:09 PM","0000-00","0","no battery","V","215852","µV","96196","µV"
"08/11/2024","12:13:27","2","default","203499907","Sensor2","57.625","min","222.022","μmol/L","Humid","23.269","deg","96501","µV","18.552","°C","985.000","hPa","35.0","pmil","0","51.462","deg","22.621","°C","100.000","%a.s.","22.257","deg","22.682","°C","985.000","hPa","0.861","-0.02056","0.00035","-0.00011","0","14.7","Humid","28.35","0","65.20","249196.20","SABD0002000014","AAV2.0.0.13","4.0.0.2353","PSt7-10","000000-000","8/7/2024 3:37:09 PM","0000-00","0","no battery","V","215852","µV","96196","µV"
"08/11/2024","12:13:28","2","default","203499907","Sensor2","57.641","min","222.105","μmol/L","Humid","23.267","deg","96503","µV","18.546","°C","985.000","hPa","35.0","pmil","0","51.462","deg","22.621","°C","100.000","%a.s.","22.257","deg","22.682","°C","985.000","hPa","0.861","-0.02056","0.00035","-0.00011","0","14.7","Humid","28.35","0","65.20","249186.47","SABD0002000014","AAV2.0.0.13","4.0.0.2353","PSt7-10","000000-000","8/7/2024 3:37:09 PM","0000-00","0","no battery","V","215852","µV","96196","µV"
"08/11/2024","12:13:29","2","default","203499907","Sensor2","57.658","min","221.998","μmol/L","Humid","23.268","deg","96505","µV","18.558","°C","985.000","hPa","35.0","pmil","0","51.462","deg","22.621","°C","100.000","%a.s.","22.257","deg","22.682","°C","985.000","hPa","0.861","-0.02056","0.00035","-0.00011","0","14.7","Humid","28.35","0","65.20","249198.95","SABD0002000014","AAV2.0.0.13","4.0.0.2353","PSt7-10","000000-000","8/7/2024 3:37:09 PM","0000-00","0","no battery","V","215852","µV","96196","µV"
"08/11/2024","12:13:30","2","default","203499907","Sensor2","57.675","min","222.066","μmol/L","Humid","23.269","deg","96509","µV","18.546","°C","985.000","hPa","35.0","pmil","0","51.462","deg","22.621","°C","100.000","%a.s.","22.257","deg","22.682","°C","985.000","hPa","0.861","-0.02056","0.00035","-0.00011","0","14.7","Humid","28.35","0","65.20","249180.33","SABD0002000014","AAV2.0.0.13","4.0.0.2353","PSt7-10","000000-000","8/7/2024 3:37:09 PM","0000-00","0","no battery","V","215852","µV","96196","µV"
"08/11/2024","12:13:31","2","default","203499907","Sensor2","57.691","min","222.085","μmol/L","Humid","23.268","deg","96507","µV","18.546","°C","985.000","hPa","35.0","pmil","0","51.462","deg","22.621","°C","100.000","%a.s.","22.257","deg","22.682","°C","985.000","hPa","0.861","-0.02056","0.00035","-0.00011","0","14.7","Humid","28.35","0","65.20","249188.31","SABD0002000014","AAV2.0.0.13","4.0.0.2353","PSt7-10","000000-000","8/7/2024 3:37:09 PM","0000-00","0","no battery","V","215852","µV","96196","µV"
"08/11/2024","12:13:32","2","default","203499907","Sensor2","57.708","min","222.022","μmol/L","Humid","23.269","deg","96515","µV","18.552","°C","985.000","hPa","35.0","pmil","0","51.462","deg","22.621","°C","100.000","%a.s.","22.257","deg","22.682","°C","985.000","hPa","0.861","-0.02056","0.00035","-0.00011","0","14.7","Humid","28.35","0","65.20","249188.60","SABD0002000014","AAV2.0.0.13","4.0.0.2353","PSt7-10","000000-000","8/7/2024 3:37:09 PM","0000-00","0","no battery","V","215852","µV","96196","µV"
"08/11/2024","12:13:33","2","default","203499907","Sensor2","57.725","min","221.943","μmol/L","Humid","23.273","deg","96518","µV","18.552","°C","985.000","hPa","35.0","pmil","0","51.462","deg","22.621","°C","100.000","%a.s.","22.257","deg","22.682","°C","985.000","hPa","0.861","-0.02056","0.00035","-0.00011","0","14.7","Humid","28.35","0","65.20","249201.51","SABD0002000014","AAV2.0.0.13","4.0.0.2353","PSt7-10","000000-000","8/7/2024 3:37:09 PM","0000-00","0","no battery","V","215852","µV","96196","µV"
"08/11/2024","12:13:34","2","default","203499907","Sensor2","57.742","min","222.125","μmol/L","Humid","23.266","deg","96519","µV","18.546","°C","985.000","hPa","35.0","pmil","0","51.462","deg","22.621","°C","100.000","%a.s.","22.257","deg","22.682","°C","985.000","hPa","0.861","-0.02056","0.00035","-0.00011","0","14.7","Humid","28.35","0","65.20","249212.13","SABD0002000014","AAV2.0.0.13","4.0.0.2353","PSt7-10","000000-000","8/7/2024 3:37:09 PM","0000-00","0","no battery","V","215852","µV","96196","µV"
"08/11/2024","12:13:35","2","default","203499907","Sensor2","57.758","min","222.002","μmol/L","Humid","23.270","deg","96509","µV","18.552","°C","985.000","hPa","35.0","pmil","0","51.462","deg","22.621","°C","100.000","%a.s.","22.257","deg","22.682","°C","985.000","hPa","0.861","-0.02056","0.00035","-0.00011","0","14.7","Humid","28.35","0","65.20","249186.33","SABD0002000014","AAV2.0.0.13","4.0.0.2353","PSt7-10","000000-000","8/7/2024 3:37:09 PM","0000-00","0","no battery","V","215852","µV","96196","µV"
"08/11/2024","12:13:36","2","default","203499907","Sensor2","57.775","min","222.046","μmol/L","Humid","23.270","deg","96518","µV","18.546","°C","985.000","hPa","35.0","pmil","0","51.462","deg","22.621","°C","100.000","%a.s.","22.257","deg","22.682","°C","985.000","hPa","0.861","-0.02056","0.00035","-0.00011","0","14.7","Humid","28.35","0","65.20","249191.04","SABD0002000014","AAV2.0.0.13","4.0.0.2353","PSt7-10","000000-000","8/7/2024 3:37:09 PM","0000-00","0","no battery","V","215852","µV","96196","µV"
"08/11/2024","12:13:37","2","default","203499907","Sensor2","57.792","min","221.983","μmol/L","Humid","23.271","deg","96519","µV","18.552","°C","985.000","hPa","35.0","pmil","0","51.462","deg","22.621","°C","100.000","%a.s.","22.257","deg","22.682","°C","985.000","hPa","0.861","-0.02056","0.00035","-0.00011","0","14.7","Humid","28.35","0","65.20","249181.36","SABD0002000014","AAV2.0.0.13","4.0.0.2353","PSt7-10","000000-000","8/7/2024 3:37:09 PM","0000-00","0","no battery","V","215852","µV","96196","µV"
"08/11/2024","12:13:38","2","default","203499907","Sensor2","57.808","min","221.943","μmol/L","Humid","23.273","deg","96518","µV","18.552","°C","985.000","hPa","35.0","pmil","0","51.462","deg","22.621","°C","100.000","%a.s.","22.257","deg","22.682","°C","985.000","hPa","0.861","-0.02056","0.00035","-0.00011","0","14.7","Humid","28.35","0","65.20","249195.82","SABD0002000014","AAV2.0.0.13","4.0.0.2353","PSt7-10","000000-000","8/7/2024 3:37:09 PM","0000-00","0","no battery","V","215852","µV","96196","µV"
"08/11/2024","12:13:39","2","default","203499907","Sensor2","57.824","min","221.948","μmol/L","Humid","23.275","deg","96525","µV","18.546","°C","985.000","hPa","35.0","pmil","0","51.462","deg","22.621","°C","100.000","%a.s.","22.257","deg","22.682","°C","985.000","hPa","0.861","-0.02056","0.00035","-0.00011","0","14.7","Humid","28.35","0","65.20","249197.47","SABD0002000014","AAV2.0.0.13","4.0.0.2353","PSt7-10","000000-000","8/7/2024 3:37:09 PM","0000-00","0","no battery","V","215852","µV","96196","µV"
"08/11/2024","12:13:40","2","default","203499907","Sensor2","57.841","min","221.987","μmol/L","Humid","23.273","deg","96521","µV","18.546","°C","985.000","hPa","35.0","pmil","0","51.462","deg","22.621","°C","100.000","%a.s.","22.257","deg","22.682","°C","985.000","hPa","0.861","-0.02056","0.00035","-0.00011","0","14.7","Humid","28.35","0","65.20","249193.30","SABD0002000014","AAV2.0.0.13","4.0.0.2353","PSt7-10","000000-000","8/7/2024 3:37:09 PM","0000-00","0","no battery","V","215852","µV","96196","µV"
"08/11/2024","12:13:41","2","default","203499907","Sensor2","57.858","min","222.085","μmol/L","Humid","23.268","deg","96532","µV","18.546","°C","985.000","hPa","35.0","pmil","0","51.462","deg","22.621","°C","100.000","%a.s.","22.257","deg","22.682","°C","985.000","hPa","0.861","-0.02056","0.00035","-0.00011","0","14.7","Humid","28.35","0","65.20","249197.05","SABD0002000014","AAV2.0.0.13","4.0.0.2353","PSt7-10","000000-000","8/7/2024 3:37:09 PM","0000-00","0","no battery","V","215852","µV","96196","µV"
"08/11/2024","12:13:42","2","default","203499907","Sensor2","57.874","min","222.007","μmol/L","Humid","23.272","deg","96528","µV","18.546","°C","985.000","hPa","35.0","pmil","0","51.462","deg","22.621","°C","100.000","%a.s.","22.257","deg","22.682","°C","985.000","hPa","0.861","-0.02056","0.00035","-0.00011","0","14.7","Humid","28.35","0","65.20","249180.62","SABD0002000014","AAV2.0.0.13","4.0.0.2353","PSt7-10","000000-000","8/7/2024 3:37:09 PM","0000-00","0","no battery","V","215852","µV","96196","µV"
"08/11/2024","12:13:43","2","default","203499907","Sensor2","57.891","min","221.880","μmol/L","Humid","23.274","deg","96532","µV","18.558","°C","985.000","hPa","35.0","pmil","0","51.462","deg","22.621","°C","100.000","%a.s.","22.257","deg","22.682","°C","985.000","hPa","0.861","-0.02056","0.00035","-0.00011","0","14.7","Humid","28.35","0","65.20","249201.79","SABD0002000014","AAV2.0.0.13","4.0.0.2353","PSt7-10","000000-000","8/7/2024 3:37:09 PM","0000-00","0","no battery","V","215852","µV","96196","µV"
"08/11/2024","12:13:44","2","default","203499907","Sensor2","57.908","min","222.066","μmol/L","Humid","23.269","deg","96531","µV","18.546","°C","985.000","hPa","35.0","pmil","0","51.462","deg","22.621","°C","100.000","%a.s.","22.257","deg","22.682","°C","985.000","hPa","0.861","-0.02056","0.00035","-0.00011","0","14.7","Humid","28.35","0","65.20","249194.21","SABD0002000014","AAV2.0.0.13","4.0.0.2353","PSt7-10","000000-000","8/7/2024 3:37:09 PM","0000-00","0","no battery","V","215852","µV","96196","µV"
"08/11/2024","12:13:45","2","default","203499907","Sensor2","57.925","min","221.948","μmol/L","Humid","23.275","deg","96538","µV","18.546","°C","985.000","hPa","35.0","pmil","0","51.462","deg","22.621","°C","100.000","%a.s.","22.257","deg","22.682","°C","985.000","hPa","0.861","-0.02056","0.00035","-0.00011","0","14.7","Humid","28.35","0","65.20","249188.77","SABD0002000014","AAV2.0.0.13","4.0.0.2353","PSt7-10","000000-000","8/7/2024 3:37:09 PM","0000-00","0","no battery","V","215852","µV","96196","µV"
"08/11/2024","12:13:46","2","default","203499907","Sensor2","57.941","min","221.884","μmol/L","Humid","23.276","deg","96540","µV","18.552","°C","985.000","hPa","35.0","pmil","0","51.462","deg","22.621","°C","100.000","%a.s.","22.257","deg","22.682","°C","985.000","hPa","0.861","-0.02056","0.00035","-0.00011","0","14.7","Humid","28.35","0","65.20","249192.08","SABD0002000014","AAV2.0.0.13","4.0.0.2353","PSt7-10","000000-000","8/7/2024 3:37:09 PM","0000-00","0","no battery","V","215852","µV","96196","µV"
"08/11/2024","12:13:47","2","default","203499907","Sensor2","57.958","min","221.864","μmol/L","Humid","23.277","deg","96535","µV","18.552","°C","985.000","hPa","35.0","pmil","0","51.462","deg","22.621","°C","100.000","%a.s.","22.257","deg","22.682","°C","985.000","hPa","0.861","-0.02056","0.00035","-0.00011","0","14.7","Humid","28.35","0","65.20","249186.87","SABD0002000014","AAV2.0.0.13","4.0.0.2353","PSt7-10","000000-000","8/7/2024 3:37:09 PM","0000-00","0","no battery","V","215852","µV","96196","µV"
"08/11/2024","12:13:48","2","default","203499907","Sensor2","57.975","min","221.762","μmol/L","Humid","23.280","deg","96540","µV","18.558","°C","985.000","hPa","35.0","pmil","0","51.462","deg","22.621","°C","100.000","%a.s.","22.257","deg","22.682","°C","985.000","hPa","0.861","-0.02056","0.00035","-0.00011","0","14.7","Humid","28.35","0","65.20","249186.95","SABD0002000014","AAV2.0.0.13","4.0.0.2353","PSt7-10","000000-000","8/7/2024 3:37:09 PM","0000-00","0","no battery","V","215852","µV","96196","µV"
"08/11/2024","12:13:49","2","default","203499907","Sensor2","57.992","min","221.928","μmol/L","Humid","23.276","deg","96545","µV","18.546","°C","985.000","hPa","35.0","pmil","0","51.462","deg","22.621","°C","100.000","%a.s.","22.257","deg","22.682","°C","985.000","hPa","0.861","-0.02056","0.00035","-0.00011","0","14.7","Humid","28.35","0","65.20","249192.98","SABD0002000014","AAV2.0.0.13","4.0.0.2353","PSt7-10","000000-000","8/7/2024 3:37:09 PM","0000-00","0","no battery","V","215852","µV","96196","µV"
"08/11/2024","12:13:50","2","default","203499907","Sensor2","58.008","min","221.869","μmol/L","Humid","23.279","deg","96543","µV","18.546","°C","985.000","hPa","35.0","pmil","0","51.462","deg","22.621","°C","100.000","%a.s.","22.257","deg","22.682","°C","985.000","hPa","0.861","-0.02056","0.00035","-0.00011","0","14.7","Humid","28.35","0","65.20","249199.22","SABD0002000014","AAV2.0.0.13","4.0.0.2353","PSt7-10","000000-000","8/7/2024 3:37:09 PM","0000-00","0","no battery","V","215852","µV","96196","µV"
"08/11/2024","12:13:51","2","default","203499907","Sensor2","58.025","min","221.943","μmol/L","Humid","23.273","deg","96547","µV","18.552","°C","985.000","hPa","35.0","pmil","0","51.462","deg","22.621","°C","100.000","%a.s.","22.257","deg","22.682","°C","985.000","hPa","0.861","-0.02056","0.00035","-0.00011","0","14.7","Humid","28.35","0","65.20","249194.75","SABD0002000014","AAV2.0.0.13","4.0.0.2353","PSt7-10","000000-000","8/7/2024 3:37:09 PM","0000-00","0","no battery","V","215852","µV","96196","µV"
"08/11/2024","12:13:52","2","default","203499907","Sensor2","58.041","min","221.840","μmol/L","Humid","23.276","deg","96548","µV","18.558","°C","985.000","hPa","35.0","pmil","0","51.462","deg","22.621","°C","100.000","%a.s.","22.257","deg","22.682","°C","985.000","hPa","0.861","-0.02056","0.00035","-0.00011","0","14.7","Humid","28.35","0","65.20","249194.22","SABD0002000014","AAV2.0.0.13","4.0.0.2353","PSt7-10","000000-000","8/7/2024 3:37:09 PM","0000-00","0","no battery","V","215852","µV","96196","µV"
"08/11/2024","12:13:53","2","default","203499907","Sensor2","58.058","min","221.923","μmol/L","Humid","23.274","deg","96547","µV","18.552","°C","985.000","hPa","35.0","pmil","0","51.462","deg","22.621","°C","100.000","%a.s.","22.257","deg","22.682","°C","985.000","hPa","0.861","-0.02056","0.00035","-0.00011","0","14.7","Humid","28.35","0","65.20","249187.92","SABD0002000014","AAV2.0.0.13","4.0.0.2353","PSt7-10","000000-000","8/7/2024 3:37:09 PM","0000-00","0","no battery","V","215852","µV","96196","µV"
"08/11/2024","12:13:54","2","default","203499907","Sensor2","58.074","min","221.766","μmol/L","Humid","23.282","deg","96546","µV","18.552","°C","985.000","hPa","35.0","pmil","0","51.462","deg","22.621","°C","100.000","%a.s.","22.257","deg","22.682","°C","985.000","hPa","0.861","-0.02056","0.00035","-0.00011","0","14.7","Humid","28.35","0","65.20","249192.23","SABD0002000014","AAV2.0.0.13","4.0.0.2353","PSt7-10","000000-000","8/7/2024 3:37:09 PM","0000-00","0","no battery","V","215852","µV","96196","µV"
"08/11/2024","12:13:55","2","default","203499907","Sensor2","58.091","min","221.864","μmol/L","Humid","23.277","deg","96555","µV","18.552","°C","985.000","hPa","35.0","pmil","0","51.462","deg","22.621","°C","100.000","%a.s.","22.257","deg","22.682","°C","985.000","hPa","0.861","-0.02056","0.00035","-0.00011","0","14.7","Humid","28.35","0","65.20","249196.62","SABD0002000014","AAV2.0.0.13","4.0.0.2353","PSt7-10","000000-000","8/7/2024 3:37:09 PM","0000-00","0","no battery","V","215852","µV","96196","µV"
"08/11/2024","12:13:56","2","default","203499907","Sensor2","58.108","min","221.801","μmol/L","Humid","23.278","deg","96564","µV","18.558","°C","985.000","hPa","35.0","pmil","0","51.462","deg","22.621","°C","100.000","%a.s.","22.257","deg","22.682","°C","985.000","hPa","0.861","-0.02056","0.00035","-0.00011","0","14.7","Humid","28.35","0","65.20","249189.78","SABD0002000014","AAV2.0.0.13","4.0.0.2353","PSt7-10","000000-000","8/7/2024 3:37:09 PM","0000-00","0","no battery","V","215852","µV","96196","µV"
"08/11/2024","12:13:57","2","default","203499907","Sensor2","58.125","min","221.845","μmol/L","Humid","23.278","deg","96556","µV","18.552","°C","985.000","hPa","35.0","pmil","0","51.462","deg","22.621","°C","100.000","%a.s.","22.257","deg","22.682","°C","985.000","hPa","0.861","-0.02056","0.00035","-0.00011","0","14.7","Humid","28.35","0","65.20","249194.61","SABD0002000014","AAV2.0.0.13","4.0.0.2353","PSt7-10","000000-000","8/7/2024 3:37:09 PM","0000-00","0","no battery","V","215852","µV","96196","µV"
"08/11/2024","12:13:58","2","default","203499907","Sensor2","58.141","min","221.845","μmol/L","Humid","23.278","deg","96560","µV","18.552","°C","985.000","hPa","35.0","pmil","0","51.462","deg","22.621","°C","100.000","%a.s.","22.257","deg","22.682","°C","985.000","hPa","0.861","-0.02056","0.00035","-0.00011","0","14.7","Humid","28.35","0","65.20","249189.29","SABD0002000014","AAV2.0.0.13","4.0.0.2353","PSt7-10","000000-000","8/7/2024 3:37:09 PM","0000-00","0","no battery","V","215852","µV","96196","µV"
"08/11/2024","12:13:59","2","default","203499907","Sensor2","58.158","min","221.762","μmol/L","Humid","23.280","deg","96559","µV","18.558","°C","985.000","hPa","35.0","pmil","0","51.462","deg","22.621","°C","100.000","%a.s.","22.257","deg","22.682","°C","985.000","hPa","0.861","-0.02056","0.00035","-0.00011","0","14.7","Humid","28.35","0","65.20","249193.25","SABD0002000014","AAV2.0.0.13","4.0.0.2353","PSt7-10","000000-000","8/7/2024 3:37:09 PM","0000-00","0","no battery","V","215852","µV","96196","µV"
"08/11/2024","12:14:00","2","default","203499907","Sensor2","58.175","min","221.869","μmol/L","Humid","23.279","deg","96554","µV","18.546","°C","985.000","hPa","35.0","pmil","0","51.462","deg","22.621","°C","100.000","%a.s.","22.257","deg","22.682","°C","985.000","hPa","0.861","-0.02056","0.00035","-0.00011","0","14.7","Humid","28.35","0","65.20","249190.44","SABD0002000014","AAV2.0.0.13","4.0.0.2353","PSt7-10","000000-000","8/7/2024 3:37:09 PM","0000-00","0","no battery","V","215852","µV","96196","µV"
"08/11/2024","12:14:01","2","default","203499907","Sensor2","58.192","min","221.805","μmol/L","Humid","23.280","deg","96569","µV","18.552","°C","985.000","hPa","35.0","pmil","0","51.462","deg","22.621","°C","100.000","%a.s.","22.257","deg","22.682","°C","985.000","hPa","0.861","-0.02056","0.00035","-0.00011","0","14.7","Humid","28.35","0","65.20","249194.29","SABD0002000014","AAV2.0.0.13","4.0.0.2353","PSt7-10","000000-000","8/7/2024 3:37:09 PM","0000-00","0","no battery","V","215852","µV","96196","µV"
"08/11/2024","12:14:02","2","default","203499907","Sensor2","58.208","min","221.928","μmol/L","Humid","23.276","deg","96564","µV","18.546","°C","985.000","hPa","35.0","pmil","0","51.462","deg","22.621","°C","100.000","%a.s.","22.257","deg","22.682","°C","985.000","hPa","0.861","-0.02056","0.00035","-0.00011","0","14.7","Humid","28.35","0","65.20","249193.86","SABD0002000014","AAV2.0.0.13","4.0.0.2353","PSt7-10","000000-000","8/7/2024 3:37:09 PM","0000-00","0","no battery","V","215852","µV","96196","µV"
"08/11/2024","12:14:03","2","default","203499907","Sensor2","58.224","min","221.727","μmol/L","Humid","23.284","deg","96561","µV","18.552","°C","985.000","hPa","35.0","pmil","0","51.462","deg","22.621","°C","100.000","%a.s.","22.257","deg","22.682","°C","985.000","hPa","0.861","-0.02056","0.00035","-0.00011","0","14.7","Humid","28.35","0","65.20","249191.72","SABD0002000014","AAV2.0.0.13","4.0.0.2353","PSt7-10","000000-000","8/7/2024 3:37:09 PM","0000-00","0","no battery","V","215852","µV","96196","µV"
"08/11/2024","12:14:04","2","default","203499907","Sensor2","58.241","min","221.746","μmol/L","Humid","23.283","deg","96565","µV","18.552","°C","985.000","hPa","35.0","pmil","0","51.462","deg","22.621","°C","100.000","%a.s.","22.257","deg","22.682","°C","985.000","hPa","0.861","-0.02056","0.00035","-0.00011","0","14.7","Humid","28.35","0","65.20","249197.33","SABD0002000014","AAV2.0.0.13","4.0.0.2353","PSt7-10","000000-000","8/7/2024 3:37:09 PM","0000-00","0","no battery","V","215852","µV","96196","µV"
"08/11/2024","12:14:05","2","default","203499907","Sensor2","58.258","min","221.805","μmol/L","Humid","23.280","deg","96563","µV","18.552","°C","985.000","hPa","35.0","pmil","0","51.462","deg","22.621","°C","100.000","%a.s.","22.257","deg","22.682","°C","985.000","hPa","0.861","-0.02056","0.00035","-0.00011","0","14.7","Humid","28.35","0","65.20","249183.98","SABD0002000014","AAV2.0.0.13","4.0.0.2353","PSt7-10","000000-000","8/7/2024 3:37:09 PM","0000-00","0","no battery","V","215852","µV","96196","µV"
"08/11/2024","12:14:06","2","default","203499907","Sensor2","58.275","min","221.805","μmol/L","Humid","23.280","deg","96574","µV","18.552","°C","985.000","hPa","35.0","pmil","0","51.462","deg","22.621","°C","100.000","%a.s.","22.257","deg","22.682","°C","985.000","hPa","0.861","-0.02056","0.00035","-0.00011","0","14.7","Humid","28.35","0","65.20","249193.79","SABD0002000014","AAV2.0.0.13","4.0.0.2353","PSt7-10","000000-000","8/7/2024 3:37:09 PM","0000-00","0","no battery","V","215852","µV","96196","µV"
"08/11/2024","12:14:07","2","default","203499907","Sensor2","58.291","min","221.648","μmol/L","Humid","23.288","deg","96570","µV","18.552","°C","985.000","hPa","35.0","pmil","0","51.462","deg","22.621","°C","100.000","%a.s.","22.257","deg","22.682","°C","985.000","hPa","0.861","-0.02056","0.00035","-0.00011","0","14.7","Humid","28.35","0","65.20","249181.16","SABD0002000014","AAV2.0.0.13","4.0.0.2353","PSt7-10","000000-000","8/7/2024 3:37:09 PM","0000-00","0","no battery","V","215852","µV","96196","µV"
"08/11/2024","12:14:08","2","default","203499907","Sensor2","58.308","min","221.869","μmol/L","Humid","23.279","deg","96575","µV","18.546","°C","985.000","hPa","35.0","pmil","0","51.462","deg","22.621","°C","100.000","%a.s.","22.257","deg","22.682","°C","985.000","hPa","0.861","-0.02056","0.00035","-0.00011","0","14.7","Humid","28.35","0","65.20","249206.04","SABD0002000014","AAV2.0.0.13","4.0.0.2353","PSt7-10","000000-000","8/7/2024 3:37:09 PM","0000-00","0","no battery","V","215852","µV","96196","µV"
"08/11/2024","12:14:09","2","default","203499907","Sensor2","58.325","min","221.648","μmol/L","Humid","23.288","deg","96575","µV","18.552","°C","985.000","hPa","35.0","pmil","0","51.462","deg","22.621","°C","100.000","%a.s.","22.257","deg","22.682","°C","985.000","hPa","0.861","-0.02056","0.00035","-0.00011","0","14.7","Humid","28.35","0","65.20","249188.36","SABD0002000014","AAV2.0.0.13","4.0.0.2353","PSt7-10","000000-000","8/7/2024 3:37:09 PM","0000-00","0","no battery","V","215852","µV","96196","µV"
"08/11/2024","12:14:10","2","default","203499907","Sensor2","58.342","min","221.663","μmol/L","Humid","23.285","deg","96577","µV","18.558","°C","985.000","hPa","35.0","pmil","0","51.462","deg","22.621","°C","100.000","%a.s.","22.257","deg","22.682","°C","985.000","hPa","0.861","-0.02056","0.00035","-0.00011","0","14.7","Humid","28.35","0","65.20","249200.97","SABD0002000014","AAV2.0.0.13","4.0.0.2353","PSt7-10","000000-000","8/7/2024 3:37:09 PM","0000-00","0","no battery","V","215852","µV","96196","µV"
"08/11/2024","12:14:11","2","default","203499907","Sensor2","58.358","min","221.786","μmol/L","Humid","23.281","deg","96570","µV","18.552","°C","985.000","hPa","35.0","pmil","0","51.462","deg","22.621","°C","100.000","%a.s.","22.257","deg","22.682","°C","985.000","hPa","0.861","-0.02056","0.00035","-0.00011","0","14.7","Humid","28.35","0","65.20","249200.25","SABD0002000014","AAV2.0.0.13","4.0.0.2353","PSt7-10","000000-000","8/7/2024 3:37:09 PM","0000-00","0","no battery","V","215852","µV","96196","µV"
"08/11/2024","12:14:12","2","default","203499907","Sensor2","58.375","min","221.644","μmol/L","Humid","23.286","deg","96581","µV","18.558","°C","985.000","hPa","35.0","pmil","0","51.462","deg","22.621","°C","100.000","%a.s.","22.257","deg","22.682","°C","985.000","hPa","0.861","-0.02056","0.00035","-0.00011","0","14.7","Humid","28.35","0","65.20","249200.63","SABD0002000014","AAV2.0.0.13","4.0.0.2353","PSt7-10","000000-000","8/7/2024 3:37:09 PM","0000-00","0","no battery","V","215852","µV","96196","µV"
"08/11/2024","12:14:13","2","default","203499907","Sensor2","58.391","min","221.766","μmol/L","Humid","23.282","deg","96583","µV","18.552","°C","985.000","hPa","35.0","pmil","0","51.462","deg","22.621","°C","100.000","%a.s.","22.257","deg","22.682","°C","985.000","hPa","0.861","-0.02056","0.00035","-0.00011","0","14.7","Humid","28.35","0","65.20","249195.37","SABD0002000014","AAV2.0.0.13","4.0.0.2353","PSt7-10","000000-000","8/7/2024 3:37:09 PM","0000-00","0","no battery","V","215852","µV","96196","µV"
"08/11/2024","12:14:14","2","default","203499907","Sensor2","58.408","min","221.687","μmol/L","Humid","23.286","deg","96580","µV","18.552","°C","985.000","hPa","35.0","pmil","0","51.462","deg","22.621","°C","100.000","%a.s.","22.257","deg","22.682","°C","985.000","hPa","0.861","-0.02056","0.00035","-0.00011","0","14.7","Humid","28.35","0","65.20","249190.58","SABD0002000014","AAV2.0.0.13","4.0.0.2353","PSt7-10","000000-000","8/7/2024 3:37:09 PM","0000-00","0","no battery","V","215852","µV","96196","µV"
"08/11/2024","12:14:15","2","default","203499907","Sensor2","58.424","min","221.727","μmol/L","Humid","23.284","deg","96577","µV","18.552","°C","985.000","hPa","35.0","pmil","0","51.462","deg","22.621","°C","100.000","%a.s.","22.257","deg","22.682","°C","985.000","hPa","0.861","-0.02056","0.00035","-0.00011","0","14.7","Humid","28.35","0","65.20","249192.48","SABD0002000014","AAV2.0.0.13","4.0.0.2353","PSt7-10","000000-000","8/7/2024 3:37:09 PM","0000-00","0","no battery","V","215852","µV","96196","µV"
"08/11/2024","12:14:16","2","default","203499907","Sensor2","58.441","min","221.687","μmol/L","Humid","23.286","deg","96580","µV","18.552","°C","985.000","hPa","35.0","pmil","0","51.462","deg","22.621","°C","100.000","%a.s.","22.257","deg","22.682","°C","985.000","hPa","0.861","-0.02056","0.00035","-0.00011","0","14.7","Humid","28.35","0","65.20","249207.43","SABD0002000014","AAV2.0.0.13","4.0.0.2353","PSt7-10","000000-000","8/7/2024 3:37:09 PM","0000-00","0","no battery","V","215852","µV","96196","µV"
"08/11/2024","12:14:17","2","default","203499907","Sensor2","58.458","min","221.609","μmol/L","Humid","23.290","deg","96594","µV","18.552","°C","985.000","hPa","35.0","pmil","0","51.462","deg","22.621","°C","100.000","%a.s.","22.257","deg","22.682","°C","985.000","hPa","0.861","-0.02056","0.00035","-0.00011","0","14.7","Humid","28.35","0","65.20","249203.34","SABD0002000014","AAV2.0.0.13","4.0.0.2353","PSt7-10","000000-000","8/7/2024 3:37:09 PM","0000-00","0","no battery","V","215852","µV","96196","µV"
"08/11/2024","12:14:18","2","default","203499907","Sensor2","58.475","min","221.628","μmol/L","Humid","23.289","deg","96591","µV","18.552","°C","985.000","hPa","35.0","pmil","0","51.462","deg","22.621","°C","100.000","%a.s.","22.257","deg","22.682","°C","985.000","hPa","0.861","-0.02056","0.00035","-0.00011","0","14.7","Humid","28.35","0","65.20","249189.95","SABD0002000014","AAV2.0.0.13","4.0.0.2353","PSt7-10","000000-000","8/7/2024 3:37:09 PM","0000-00","0","no battery","V","215852","µV","96196","µV"
"08/11/2024","12:14:19","2","default","203499907","Sensor2","58.492","min","221.628","μmol/L","Humid","23.289","deg","96593","µV","18.552","°C","985.000","hPa","35.0","pmil","0","51.462","deg","22.621","°C","100.000","%a.s.","22.257","deg","22.682","°C","985.000","hPa","0.861","-0.02056","0.00035","-0.00011","0","14.7","Humid","28.35","0","65.20","249190.00","SABD0002000014","AAV2.0.0.13","4.0.0.2353","PSt7-10","000000-000","8/7/2024 3:37:09 PM","0000-00","0","no battery","V","215852","µV","96196","µV"
"08/11/2024","12:14:20","2","default","203499907","Sensor2","58.508","min","221.668","μmol/L","Humid","23.287","deg","96593","µV","18.552","°C","985.000","hPa","35.0","pmil","0","51.462","deg","22.621","°C","100.000","%a.s.","22.257","deg","22.682","°C","985.000","hPa","0.861","-0.02056","0.00035","-0.00011","0","14.7","Humid","28.35","0","65.20","249187.00","SABD0002000014","AAV2.0.0.13","4.0.0.2353","PSt7-10","000000-000","8/7/2024 3:37:09 PM","0000-00","0","no battery","V","215852","µV","96196","µV"
"08/11/2024","12:14:21","2","default","203499907","Sensor2","58.525","min","221.628","μmol/L","Humid","23.289","deg","96600","µV","18.552","°C","985.000","hPa","35.0","pmil","0","51.462","deg","22.621","°C","100.000","%a.s.","22.257","deg","22.682","°C","985.000","hPa","0.861","-0.02056","0.00035","-0.00011","0","14.7","Humid","28.35","0","65.20","249183.04","SABD0002000014","AAV2.0.0.13","4.0.0.2353","PSt7-10","000000-000","8/7/2024 3:37:09 PM","0000-00","0","no battery","V","215852","µV","96196","µV"
"08/11/2024","12:14:22","2","default","203499907","Sensor2","58.542","min","221.589","μmol/L","Humid","23.291","deg","96599","µV","18.552","°C","985.000","hPa","35.0","pmil","0","51.462","deg","22.621","°C","100.000","%a.s.","22.257","deg","22.682","°C","985.000","hPa","0.861","-0.02056","0.00035","-0.00011","0","14.7","Humid","28.35","0","65.20","249193.77","SABD0002000014","AAV2.0.0.13","4.0.0.2353","PSt7-10","000000-000","8/7/2024 3:37:09 PM","0000-00","0","no battery","V","215852","µV","96196","µV"
"08/11/2024","12:14:23","2","default","203499907","Sensor2","58.558","min","221.589","μmol/L","Humid","23.291","deg","96594","µV","18.552","°C","985.000","hPa","35.0","pmil","0","51.462","deg","22.621","°C","100.000","%a.s.","22.257","deg","22.682","°C","985.000","hPa","0.861","-0.02056","0.00035","-0.00011","0","14.7","Humid","28.35","0","65.20","249190.15","SABD0002000014","AAV2.0.0.13","4.0.0.2353","PSt7-10","000000-000","8/7/2024 3:37:09 PM","0000-00","0","no battery","V","215852","µV","96196","µV"
"08/11/2024","12:14:24","2","default","203499907","Sensor2","58.575","min","221.609","μmol/L","Humid","23.290","deg","96595","µV","18.552","°C","985.000","hPa","35.0","pmil","0","51.462","deg","22.621","°C","100.000","%a.s.","22.257","deg","22.682","°C","985.000","hPa","0.861","-0.02056","0.00035","-0.00011","0","14.7","Humid","28.35","0","65.20","249194.46","SABD0002000014","AAV2.0.0.13","4.0.0.2353","PSt7-10","000000-000","8/7/2024 3:37:09 PM","0000-00","0","no battery","V","215852","µV","96196","µV"
"08/11/2024","12:14:25","2","default","203499907","Sensor2","58.591","min","221.672","μmol/L","Humid","23.289","deg","96604","µV","18.546","°C","985.000","hPa","35.0","pmil","0","51.462","deg","22.621","°C","100.000","%a.s.","22.257","deg","22.682","°C","985.000","hPa","0.861","-0.02056","0.00035","-0.00011","0","14.7","Humid","28.35","0","65.20","249194.94","SABD0002000014","AAV2.0.0.13","4.0.0.2353","PSt7-10","000000-000","8/7/2024 3:37:09 PM","0000-00","0","no battery","V","215852","µV","96196","µV"
"08/11/2024","12:14:26","2","default","203499907","Sensor2","58.608","min","221.711","μmol/L","Humid","23.287","deg","96596","µV","18.546","°C","985.000","hPa","35.0","pmil","0","51.462","deg","22.621","°C","100.000","%a.s.","22.257","deg","22.682","°C","985.000","hPa","0.861","-0.02056","0.00035","-0.00011","0","14.7","Humid","28.35","0","65.20","249187.64","SABD0002000014","AAV2.0.0.13","4.0.0.2353","PSt7-10","000000-000","8/7/2024 3:37:09 PM","0000-00","0","no battery","V","215852","µV","96196","µV"
"08/11/2024","12:14:27","2","default","203499907","Sensor2","58.625","min","221.530","μmol/L","Humid","23.294","deg","96606","µV","18.552","°C","985.000","hPa","35.0","pmil","0","51.462","deg","22.621","°C","100.000","%a.s.","22.257","deg","22.682","°C","985.000","hPa","0.861","-0.02056","0.00035","-0.00011","0","14.7","Humid","28.35","0","65.20","249182.65","SABD0002000014","AAV2.0.0.13","4.0.0.2353","PSt7-10","000000-000","8/7/2024 3:37:09 PM","0000-00","0","no battery","V","215852","µV","96196","µV"
"08/11/2024","12:14:28","2","default","203499907","Sensor2","58.641","min","221.550","μmol/L","Humid","23.293","deg","96603","µV","18.552","°C","985.000","hPa","35.0","pmil","0","51.462","deg","22.621","°C","100.000","%a.s.","22.257","deg","22.682","°C","985.000","hPa","0.861","-0.02056","0.00035","-0.00011","0","14.7","Humid","28.35","0","65.20","249189.17","SABD0002000014","AAV2.0.0.13","4.0.0.2353","PSt7-10","000000-000","8/7/2024 3:37:09 PM","0000-00","0","no battery","V","215852","µV","96196","µV"
"08/11/2024","12:14:29","2","default","203499907","Sensor2","58.658","min","221.585","μmol/L","Humid","23.289","deg","96609","µV","18.558","°C","985.000","hPa","35.0","pmil","0","51.462","deg","22.621","°C","100.000","%a.s.","22.257","deg","22.682","°C","985.000","hPa","0.861","-0.02056","0.00035","-0.00011","0","14.7","Humid","28.35","0","65.20","249192.62","SABD0002000014","AAV2.0.0.13","4.0.0.2353","PSt7-10","000000-000","8/7/2024 3:37:09 PM","0000-00","0","no battery","V","215852","µV","96196","µV"
"08/11/2024","12:14:30","2","default","203499907","Sensor2","58.674","min","221.613","μmol/L","Humid","23.292","deg","96612","µV","18.546","°C","985.000","hPa","35.0","pmil","0","51.462","deg","22.621","°C","100.000","%a.s.","22.257","deg","22.682","°C","985.000","hPa","0.861","-0.02056","0.00035","-0.00011","0","14.7","Humid","28.35","0","65.20","249185.25","SABD0002000014","AAV2.0.0.13","4.0.0.2353","PSt7-10","000000-000","8/7/2024 3:37:09 PM","0000-00","0","no battery","V","215852","µV","96196","µV"
"08/11/2024","12:14:31","2","default","203499907","Sensor2","58.691","min","221.486","μmol/L","Humid","23.294","deg","96603","µV","18.558","°C","985.000","hPa","35.0","pmil","0","51.462","deg","22.621","°C","100.000","%a.s.","22.257","deg","22.682","°C","985.000","hPa","0.861","-0.02056","0.00035","-0.00011","0","14.7","Humid","28.35","0","65.20","249178.62","SABD0002000014","AAV2.0.0.13","4.0.0.2353","PSt7-10","000000-000","8/7/2024 3:37:09 PM","0000-00","0","no battery","V","215852","µV","96196","µV"
"08/11/2024","12:14:32","2","default","203499907","Sensor2","58.708","min","221.569","μmol/L","Humid","23.292","deg","96609","µV","18.552","°C","985.000","hPa","35.0","pmil","0","51.462","deg","22.621","°C","100.000","%a.s.","22.257","deg","22.682","°C","985.000","hPa","0.861","-0.02056","0.00035","-0.00011","0","14.7","Humid","28.35","0","65.20","249195.66","SABD0002000014","AAV2.0.0.13","4.0.0.2353","PSt7-10","000000-000","8/7/2024 3:37:09 PM","0000-00","0","no battery","V","215852","µV","96196","µV"
"08/11/2024","12:14:33","2","default","203499907","Sensor2","58.725","min","221.491","μmol/L","Humid","23.296","deg","96617","µV","18.552","°C","985.000","hPa","35.0","pmil","0","51.462","deg","22.621","°C","100.000","%a.s.","22.257","deg","22.682","°C","985.000","hPa","0.861","-0.02056","0.00035","-0.00011","0","14.7","Humid","28.35","0","65.20","249189.00","SABD0002000014","AAV2.0.0.13","4.0.0.2353","PSt7-10","000000-000","8/7/2024 3:37:09 PM","0000-00","0","no battery","V","215852","µV","96196","µV"
"08/11/2024","12:14:34","2","default","203499907","Sensor2","58.742","min","221.574","μmol/L","Humid","23.294","deg","96619","µV","18.546","°C","985.000","hPa","35.0","pmil","0","51.462","deg","22.621","°C","100.000","%a.s.","22.257","deg","22.682","°C","985.000","hPa","0.861","-0.02056","0.00035","-0.00011","0","14.7","Humid","28.35","0","65.20","249193.94","SABD0002000014","AAV2.0.0.13","4.0.0.2353","PSt7-10","000000-000","8/7/2024 3:37:09 PM","0000-00","0","no battery","V","215852","µV","96196","µV"
"08/11/2024","12:14:35","2","default","203499907","Sensor2","58.758","min","221.589","μmol/L","Humid","23.291","deg","96618","µV","18.552","°C","985.000","hPa","35.0","pmil","0","51.462","deg","22.621","°C","100.000","%a.s.","22.257","deg","22.682","°C","985.000","hPa","0.861","-0.02056","0.00035","-0.00011","0","14.7","Humid","28.35","0","65.20","249186.01","SABD0002000014","AAV2.0.0.13","4.0.0.2353","PSt7-10","000000-000","8/7/2024 3:37:09 PM","0000-00","0","no battery","V","215852","µV","96196","µV"
"08/11/2024","12:14:36","2","default","203499907","Sensor2","58.775","min","221.467","μmol/L","Humid","23.295","deg","96625","µV","18.558","°C","985.000","hPa","35.0","pmil","0","51.462","deg","22.621","°C","100.000","%a.s.","22.257","deg","22.682","°C","985.000","hPa","0.861","-0.02056","0.00035","-0.00011","0","14.7","Humid","28.35","0","65.20","249189.89","SABD0002000014","AAV2.0.0.13","4.0.0.2353","PSt7-10","000000-000","8/7/2024 3:37:09 PM","0000-00","0","no battery","V","215852","µV","96196","µV"
"08/11/2024","12:14:37","2","default","203499907","Sensor2","58.792","min","221.569","μmol/L","Humid","23.292","deg","96626","µV","18.552","°C","985.000","hPa","35.0","pmil","0","51.462","deg","22.621","°C","100.000","%a.s.","22.257","deg","22.682","°C","985.000","hPa","0.861","-0.02056","0.00035","-0.00011","0","14.7","Humid","28.35","0","65.20","249194.10","SABD0002000014","AAV2.0.0.13","4.0.0.2353","PSt7-10","000000-000","8/7/2024 3:37:09 PM","0000-00","0","no battery","V","215852","µV","96196","µV"
"08/11/2024","12:14:38","2","default","203499907","Sensor2","58.808","min","221.510","μmol/L","Humid","23.295","deg","96622","µV","18.552","°C","985.000","hPa","35.0","pmil","0","51.462","deg","22.621","°C","100.000","%a.s.","22.257","deg","22.682","°C","985.000","hPa","0.861","-0.02056","0.00035","-0.00011","0","14.7","Humid","28.35","0","65.20","249179.91","SABD0002000014","AAV2.0.0.13","4.0.0.2353","PSt7-10","000000-000","8/7/2024 3:37:09 PM","0000-00","0","no battery","V","215852","µV","96196","µV"
"08/11/2024","12:14:39","2","default","203499907","Sensor2","58.824","min","221.545","μmol/L","Humid","23.291","deg","96627","µV","18.558","°C","985.000","hPa","35.0","pmil","0","51.462","deg","22.621","°C","100.000","%a.s.","22.257","deg","22.682","°C","985.000","hPa","0.861","-0.02056","0.00035","-0.00011","0","14.7","Humid","28.35","0","65.20","249189.80","SABD0002000014","AAV2.0.0.13","4.0.0.2353","PSt7-10","000000-000","8/7/2024 3:37:09 PM","0000-00","0","no battery","V","215852","µV","96196","µV"
"08/11/2024","12:14:40","2","default","203499907","Sensor2","58.841","min","221.486","μmol/L","Humid","23.294","deg","96628","µV","18.558","°C","985.000","hPa","35.0","pmil","0","51.462","deg","22.621","°C","100.000","%a.s.","22.257","deg","22.682","°C","985.000","hPa","0.861","-0.02056","0.00035","-0.00011","0","14.7","Humid","28.35","0","65.20","249197.85","SABD0002000014","AAV2.0.0.13","4.0.0.2353","PSt7-10","000000-000","8/7/2024 3:37:09 PM","0000-00","0","no battery","V","215852","µV","96196","µV"
"08/11/2024","12:14:41","2","default","203499907","Sensor2","58.858","min","221.451","μmol/L","Humid","23.298","deg","96621","µV","18.552","°C","985.000","hPa","35.0","pmil","0","51.462","deg","22.621","°C","100.000","%a.s.","22.257","deg","22.682","°C","985.000","hPa","0.861","-0.02056","0.00035","-0.00011","0","14.7","Humid","28.35","0","65.20","249186.16","SABD0002000014","AAV2.0.0.13","4.0.0.2353","PSt7-10","000000-000","8/7/2024 3:37:09 PM","0000-00","0","no battery","V","215852","µV","96196","µV"
"08/11/2024","12:14:42","2","default","203499907","Sensor2","58.875","min","221.467","μmol/L","Humid","23.295","deg","96631","µV","18.558","°C","985.000","hPa","35.0","pmil","0","51.462","deg","22.621","°C","100.000","%a.s.","22.257","deg","22.682","°C","985.000","hPa","0.861","-0.02056","0.00035","-0.00011","0","14.7","Humid","28.35","0","65.20","249180.08","SABD0002000014","AAV2.0.0.13","4.0.0.2353","PSt7-10","000000-000","8/7/2024 3:37:09 PM","0000-00","0","no battery","V","215852","µV","96196","µV"
"08/11/2024","12:14:43","2","default","203499907","Sensor2","58.891","min","221.447","μmol/L","Humid","23.296","deg","96625","µV","18.558","°C","985.000","hPa","35.0","pmil","0","51.462","deg","22.621","°C","100.000","%a.s.","22.257","deg","22.682","°C","985.000","hPa","0.861","-0.02056","0.00035","-0.00011","0","14.7","Humid","28.35","0","65.20","249189.15","SABD0002000014","AAV2.0.0.13","4.0.0.2353","PSt7-10","000000-000","8/7/2024 3:37:09 PM","0000-00","0","no battery","V","215852","µV","96196","µV"
"08/11/2024","12:14:44","2","default","203499907","Sensor2","58.908","min","221.408","μmol/L","Humid","23.298","deg","96626","µV","18.558","°C","985.000","hPa","35.0","pmil","0","51.462","deg","22.621","°C","100.000","%a.s.","22.257","deg","22.682","°C","985.000","hPa","0.861","-0.02056","0.00035","-0.00011","0","14.7","Humid","28.35","0","65.20","249182.17","SABD0002000014","AAV2.0.0.13","4.0.0.2353","PSt7-10","000000-000","8/7/2024 3:37:09 PM","0000-00","0","no battery","V","215852","µV","96196","µV"
"08/11/2024","12:14:45","2","default","203499907","Sensor2","58.925","min","221.491","μmol/L","Humid","23.296","deg","96634","µV","18.552","°C","985.000","hPa","35.0","pmil","0","51.462","deg","22.621","°C","100.000","%a.s.","22.257","deg","22.682","°C","985.000","hPa","0.861","-0.02056","0.00035","-0.00011","0","14.7","Humid","28.35","0","65.20","249185.21","SABD0002000014","AAV2.0.0.13","4.0.0.2353","PSt7-10","000000-000","8/7/2024 3:37:09 PM","0000-00","0","no battery","V","215852","µV","96196","µV"
"08/11/2024","12:14:46","2","default","203499907","Sensor2","58.941","min","221.432","μmol/L","Humid","23.299","deg","96630","µV","18.552","°C","985.000","hPa","35.0","pmil","0","51.462","deg","22.621","°C","100.000","%a.s.","22.257","deg","22.682","°C","985.000","hPa","0.861","-0.02056","0.00035","-0.00011","0","14.7","Humid","28.35","0","65.20","249179.94","SABD0002000014","AAV2.0.0.13","4.0.0.2353","PSt7-10","000000-000","8/7/2024 3:37:09 PM","0000-00","0","no battery","V","215852","µV","96196","µV"
"08/11/2024","12:14:47","2","default","203499907","Sensor2","58.958","min","221.554","μmol/L","Humid","23.295","deg","96632","µV","18.546","°C","985.000","hPa","35.0","pmil","0","51.462","deg","22.621","°C","100.000","%a.s.","22.257","deg","22.682","°C","985.000","hPa","0.861","-0.02056","0.00035","-0.00011","0","14.7","Humid","28.35","0","65.20","249187.45","SABD0002000014","AAV2.0.0.13","4.0.0.2353","PSt7-10","000000-000","8/7/2024 3:37:09 PM","0000-00","0","no battery","V","215852","µV","96196","µV"
"08/11/2024","12:14:48","2","default","203499907","Sensor2","58.975","min","221.491","μmol/L","Humid","23.296","deg","96640","µV","18.552","°C","985.000","hPa","35.0","pmil","0","51.462","deg","22.621","°C","100.000","%a.s.","22.257","deg","22.682","°C","985.000","hPa","0.861","-0.02056","0.00035","-0.00011","0","14.7","Humid","28.35","0","65.20","249196.96","SABD0002000014","AAV2.0.0.13","4.0.0.2353","PSt7-10","000000-000","8/7/2024 3:37:09 PM","0000-00","0","no battery","V","215852","µV","96196","µV"
"08/11/2024","12:14:49","2","default","203499907","Sensor2","58.991","min","221.451","μmol/L","Humid","23.298","deg","96637","µV","18.552","°C","985.000","hPa","35.0","pmil","0","51.462","deg","22.621","°C","100.000","%a.s.","22.257","deg","22.682","°C","985.000","hPa","0.861","-0.02056","0.00035","-0.00011","0","14.7","Humid","28.35","0","65.20","249184.29","SABD0002000014","AAV2.0.0.13","4.0.0.2353","PSt7-10","000000-000","8/7/2024 3:37:09 PM","0000-00","0","no battery","V","215852","µV","96196","µV"
"08/11/2024","12:14:50","2","default","203499907","Sensor2","59.008","min","221.412","μmol/L","Humid","23.300","deg","96637","µV","18.552","°C","985.000","hPa","35.0","pmil","0","51.462","deg","22.621","°C","100.000","%a.s.","22.257","deg","22.682","°C","985.000","hPa","0.861","-0.02056","0.00035","-0.00011","0","14.7","Humid","28.35","0","65.20","249189.36","SABD0002000014","AAV2.0.0.13","4.0.0.2353","PSt7-10","000000-000","8/7/2024 3:37:09 PM","0000-00","0","no battery","V","215852","µV","96196","µV"
"08/11/2024","12:14:51","2","default","203499907","Sensor2","59.024","min","221.368","μmol/L","Humid","23.300","deg","96641","µV","18.558","°C","985.000","hPa","35.0","pmil","0","51.462","deg","22.621","°C","100.000","%a.s.","22.257","deg","22.682","°C","985.000","hPa","0.861","-0.02056","0.00035","-0.00011","0","14.7","Humid","28.35","0","65.20","249169.61","SABD0002000014","AAV2.0.0.13","4.0.0.2353","PSt7-10","000000-000","8/7/2024 3:37:09 PM","0000-00","0","no battery","V","215852","µV","96196","µV"
"08/11/2024","12:14:52","2","default","203499907","Sensor2","59.041","min","221.475","μmol/L","Humid","23.299","deg","96647","µV","18.546","°C","985.000","hPa","35.0","pmil","0","51.462","deg","22.621","°C","100.000","%a.s.","22.257","deg","22.682","°C","985.000","hPa","0.861","-0.02056","0.00035","-0.00011","0","14.7","Humid","28.35","0","65.20","249183.68","SABD0002000014","AAV2.0.0.13","4.0.0.2353","PSt7-10","000000-000","8/7/2024 3:37:09 PM","0000-00","0","no battery","V","215852","µV","96196","µV"
"08/11/2024","12:14:53","2","default","203499907","Sensor2","59.058","min","221.368","μmol/L","Humid","23.300","deg","96649","µV","18.558","°C","985.000","hPa","35.0","pmil","0","51.462","deg","22.621","°C","100.000","%a.s.","22.257","deg","22.682","°C","985.000","hPa","0.861","-0.02056","0.00035","-0.00011","0","14.7","Humid","28.35","0","65.20","249191.00","SABD0002000014","AAV2.0.0.13","4.0.0.2353","PSt7-10","000000-000","8/7/2024 3:37:09 PM","0000-00","0","no battery","V","215852","µV","96196","µV"
"08/11/2024","12:14:54","2","default","203499907","Sensor2","59.075","min","221.349","μmol/L","Humid","23.301","deg","96648","µV","18.558","°C","985.000","hPa","35.0","pmil","0","51.462","deg","22.621","°C","100.000","%a.s.","22.257","deg","22.682","°C","985.000","hPa","0.861","-0.02056","0.00035","-0.00011","0","14.7","Humid","28.35","0","65.20","249179.79","SABD0002000014","AAV2.0.0.13","4.0.0.2353","PSt7-10","000000-000","8/7/2024 3:37:09 PM","0000-00","0","no battery","V","215852","µV","96196","µV"
"08/11/2024","12:14:55","2","default","203499907","Sensor2","59.091","min","221.353","μmol/L","Humid","23.303","deg","96642","µV","18.552","°C","985.000","hPa","35.0","pmil","0","51.462","deg","22.621","°C","100.000","%a.s.","22.257","deg","22.682","°C","985.000","hPa","0.861","-0.02056","0.00035","-0.00011","0","14.7","Humid","28.35","0","65.20","249187.67","SABD0002000014","AAV2.0.0.13","4.0.0.2353","PSt7-10","000000-000","8/7/2024 3:37:09 PM","0000-00","0","no battery","V","215852","µV","96196","µV"
"08/11/2024","12:14:56","2","default","203499907","Sensor2","59.108","min","221.270","μmol/L","Humid","23.305","deg","96653","µV","18.558","°C","985.000","hPa","35.0","pmil","0","51.462","deg","22.621","°C","100.000","%a.s.","22.257","deg","22.682","°C","985.000","hPa","0.861","-0.02056","0.00035","-0.00011","0","14.7","Humid","28.35","0","65.20","249186.20","SABD0002000014","AAV2.0.0.13","4.0.0.2353","PSt7-10","000000-000","8/7/2024 3:37:09 PM","0000-00","0","no battery","V","215852","µV","96196","µV"
"08/11/2024","12:14:57","2","default","203499907","Sensor2","59.125","min","221.392","μmol/L","Humid","23.301","deg","96656","µV","18.552","°C","985.000","hPa","35.0","pmil","0","51.462","deg","22.621","°C","100.000","%a.s.","22.257","deg","22.682","°C","985.000","hPa","0.861","-0.02056","0.00035","-0.00011","0","14.7","Humid","28.35","0","65.20","249192.63","SABD0002000014","AAV2.0.0.13","4.0.0.2353","PSt7-10","000000-000","8/7/2024 3:37:09 PM","0000-00","0","no battery","V","215852","µV","96196","µV"
"08/11/2024","12:14:58","2","default","203499907","Sensor2","59.142","min","221.329","μmol/L","Humid","23.302","deg","96655","µV","18.558","°C","985.000","hPa","35.0","pmil","0","51.462","deg","22.621","°C","100.000","%a.s.","22.257","deg","22.682","°C","985.000","hPa","0.861","-0.02056","0.00035","-0.00011","0","14.7","Humid","28.35","0","65.20","249191.43","SABD0002000014","AAV2.0.0.13","4.0.0.2353","PSt7-10","000000-000","8/7/2024 3:37:09 PM","0000-00","0","no battery","V","215852","µV","96196","µV"
"08/11/2024","12:14:59","2","default","203499907","Sensor2","59.158","min","221.270","μmol/L","Humid","23.305","deg","96654","µV","18.558","°C","985.000","hPa","35.0","pmil","0","51.462","deg","22.621","°C","100.000","%a.s.","22.257","deg","22.682","°C","985.000","hPa","0.861","-0.02056","0.00035","-0.00011","0","14.7","Humid","28.35","0","65.20","249185.69","SABD0002000014","AAV2.0.0.13","4.0.0.2353","PSt7-10","000000-000","8/7/2024 3:37:09 PM","0000-00","0","no battery","V","215852","µV","96196","µV"
"08/11/2024","12:15:00","2","default","203499907","Sensor2","59.175","min","221.305","μmol/L","Humid","23.301","deg","96655","µV","18.564","°C","985.000","hPa","35.0","pmil","0","51.462","deg","22.621","°C","100.000","%a.s.","22.257","deg","22.682","°C","985.000","hPa","0.861","-0.02056","0.00035","-0.00011","0","14.7","Humid","28.35","0","65.20","249201.01","SABD0002000014","AAV2.0.0.13","4.0.0.2353","PSt7-10","000000-000","8/7/2024 3:37:09 PM","0000-00","0","no battery","V","215852","µV","96196","µV"
"08/11/2024","12:15:01","2","default","203499907","Sensor2","59.192","min","221.373","μmol/L","Humid","23.302","deg","96657","µV","18.552","°C","985.000","hPa","35.0","pmil","0","51.462","deg","22.621","°C","100.000","%a.s.","22.257","deg","22.682","°C","985.000","hPa","0.861","-0.02056","0.00035","-0.00011","0","14.7","Humid","28.35","0","65.20","249186.69","SABD0002000014","AAV2.0.0.13","4.0.0.2353","PSt7-10","000000-000","8/7/2024 3:37:09 PM","0000-00","0","no battery","V","215852","µV","96196","µV"
"08/11/2024","12:15:02","2","default","203499907","Sensor2","59.208","min","221.432","μmol/L","Humid","23.299","deg","96661","µV","18.552","°C","985.000","hPa","35.0","pmil","0","51.462","deg","22.621","°C","100.000","%a.s.","22.257","deg","22.682","°C","985.000","hPa","0.861","-0.02056","0.00035","-0.00011","0","14.7","Humid","28.35","0","65.20","249187.43","SABD0002000014","AAV2.0.0.13","4.0.0.2353","PSt7-10","000000-000","8/7/2024 3:37:09 PM","0000-00","0","no battery","V","215852","µV","96196","µV"
"08/11/2024","12:15:03","2","default","203499907","Sensor2","59.225","min","221.412","μmol/L","Humid","23.300","deg","96659","µV","18.552","°C","985.000","hPa","35.0","pmil","0","51.462","deg","22.621","°C","100.000","%a.s.","22.257","deg","22.682","°C","985.000","hPa","0.861","-0.02056","0.00035","-0.00011","0","14.7","Humid","28.35","0","65.20","249188.04","SABD0002000014","AAV2.0.0.13","4.0.0.2353","PSt7-10","000000-000","8/7/2024 3:37:09 PM","0000-00","0","no battery","V","215852","µV","96196","µV"
"08/11/2024","12:15:04","2","default","203499907","Sensor2","59.242","min","221.251","μmol/L","Humid","23.306","deg","96668","µV","18.558","°C","985.000","hPa","35.0","pmil","0","51.462","deg","22.621","°C","100.000","%a.s.","22.257","deg","22.682","°C","985.000","hPa","0.861","-0.02056","0.00035","-0.00011","0","14.7","Humid","28.35","0","65.20","249188.32","SABD0002000014","AAV2.0.0.13","4.0.0.2353","PSt7-10","000000-000","8/7/2024 3:37:09 PM","0000-00","0","no battery","V","215852","µV","96196","µV"
"08/11/2024","12:15:05","2","default","203499907","Sensor2","59.258","min","221.353","μmol/L","Humid","23.303","deg","96665","µV","18.552","°C","985.000","hPa","35.0","pmil","0","51.462","deg","22.621","°C","100.000","%a.s.","22.257","deg","22.682","°C","985.000","hPa","0.861","-0.02056","0.00035","-0.00011","0","14.7","Humid","28.35","0","65.20","249192.56","SABD0002000014","AAV2.0.0.13","4.0.0.2353","PSt7-10","000000-000","8/7/2024 3:37:09 PM","0000-00","0","no battery","V","215852","µV","96196","µV"
"08/11/2024","12:15:06","2","default","203499907","Sensor2","59.274","min","221.349","μmol/L","Humid","23.301","deg","96662","µV","18.558","°C","985.000","hPa","35.0","pmil","0","51.462","deg","22.621","°C","100.000","%a.s.","22.257","deg","22.682","°C","985.000","hPa","0.861","-0.02056","0.00035","-0.00011","0","14.7","Humid","28.35","0","65.20","249179.85","SABD0002000014","AAV2.0.0.13","4.0.0.2353","PSt7-10","000000-000","8/7/2024 3:37:09 PM","0000-00","0","no battery","V","215852","µV","96196","µV"
"08/11/2024","12:15:07","2","default","203499907","Sensor2","59.291","min","221.392","μmol/L","Humid","23.301","deg","96674","µV","18.552","°C","985.000","hPa","35.0","pmil","0","51.462","deg","22.621","°C","100.000","%a.s.","22.257","deg","22.682","°C","985.000","hPa","0.861","-0.02056","0.00035","-0.00011","0","14.7","Humid","28.35","0","65.20","249195.93","SABD0002000014","AAV2.0.0.13","4.0.0.2353","PSt7-10","000000-000","8/7/2024 3:37:09 PM","0000-00","0","no battery","V","215852","µV","96196","µV"
"08/11/2024","12:15:08","2","default","203499907","Sensor2","59.308","min","221.314","μmol/L","Humid","23.305","deg","96672","µV","18.552","°C","985.000","hPa","35.0","pmil","0","51.462","deg","22.621","°C","100.000","%a.s.","22.257","deg","22.682","°C","985.000","hPa","0.861","-0.02056","0.00035","-0.00011","0","14.7","Humid","28.35","0","65.20","249190.50","SABD0002000014","AAV2.0.0.13","4.0.0.2353","PSt7-10","000000-000","8/7/2024 3:37:09 PM","0000-00","0","no battery","V","215852","µV","96196","µV"
"08/11/2024","12:15:09","2","default","203499907","Sensor2","59.325","min","221.333","μmol/L","Humid","23.304","deg","96671","µV","18.552","°C","985.000","hPa","35.0","pmil","0","51.462","deg","22.621","°C","100.000","%a.s.","22.257","deg","22.682","°C","985.000","hPa","0.861","-0.02056","0.00035","-0.00011","0","14.7","Humid","28.35","0","65.20","249197.40","SABD0002000014","AAV2.0.0.13","4.0.0.2353","PSt7-10","000000-000","8/7/2024 3:37:09 PM","0000-00","0","no battery","V","215852","µV","96196","µV"
"08/11/2024","12:15:10","2","default","203499907","Sensor2","59.341","min","221.255","μmol/L","Humid","23.308","deg","96673","µV","18.552","°C","985.000","hPa","35.0","pmil","0","51.462","deg","22.621","°C","100.000","%a.s.","22.257","deg","22.682","°C","985.000","hPa","0.861","-0.02056","0.00035","-0.00011","0","14.7","Humid","28.35","0","65.20","249186.25","SABD0002000014","AAV2.0.0.13","4.0.0.2353","PSt7-10","000000-000","8/7/2024 3:37:09 PM","0000-00","0","no battery","V","215852","µV","96196","µV"
"08/11/2024","12:15:11","2","default","203499907","Sensor2","59.358","min","221.211","μmol/L","Humid","23.308","deg","96684","µV","18.558","°C","985.000","hPa","35.0","pmil","0","51.462","deg","22.621","°C","100.000","%a.s.","22.257","deg","22.682","°C","985.000","hPa","0.861","-0.02056","0.00035","-0.00011","0","14.7","Humid","28.35","0","65.20","249191.91","SABD0002000014","AAV2.0.0.13","4.0.0.2353","PSt7-10","000000-000","8/7/2024 3:37:09 PM","0000-00","0","no battery","V","215852","µV","96196","µV"
"08/11/2024","12:15:12","2","default","203499907","Sensor2","59.375","min","221.314","μmol/L","Humid","23.305","deg","96677","µV","18.552","°C","985.000","hPa","35.0","pmil","0","51.462","deg","22.621","°C","100.000","%a.s.","22.257","deg","22.682","°C","985.000","hPa","0.861","-0.02056","0.00035","-0.00011","0","14.7","Humid","28.35","0","65.20","249189.12","SABD0002000014","AAV2.0.0.13","4.0.0.2353","PSt7-10","000000-000","8/7/2024 3:37:09 PM","0000-00","0","no battery","V","215852","µV","96196","µV"
"08/11/2024","12:15:13","2","default","203499907","Sensor2","59.392","min","221.294","μmol/L","Humid","23.306","deg","96676","µV","18.552","°C","985.000","hPa","35.0","pmil","0","51.462","deg","22.621","°C","100.000","%a.s.","22.257","deg","22.682","°C","985.000","hPa","0.861","-0.02056","0.00035","-0.00011","0","14.7","Humid","28.35","0","65.20","249188.08","SABD0002000014","AAV2.0.0.13","4.0.0.2353","PSt7-10","000000-000","8/7/2024 3:37:09 PM","0000-00","0","no battery","V","215852","µV","96196","µV"
"08/11/2024","12:15:14","2","default","203499907","Sensor2","59.408","min","221.192","μmol/L","Humid","23.309","deg","96685","µV","18.558","°C","985.000","hPa","35.0","pmil","0","51.462","deg","22.621","°C","100.000","%a.s.","22.257","deg","22.682","°C","985.000","hPa","0.861","-0.02056","0.00035","-0.00011","0","14.7","Humid","28.35","0","65.20","249198.19","SABD0002000014","AAV2.0.0.13","4.0.0.2353","PSt7-10","000000-000","8/7/2024 3:37:09 PM","0000-00","0","no battery","V","215852","µV","96196","µV"
"08/11/2024","12:15:15","2","default","203499907","Sensor2","59.425","min","221.152","μmol/L","Humid","23.311","deg","96686","µV","18.558","°C","985.000","hPa","35.0","pmil","0","51.462","deg","22.621","°C","100.000","%a.s.","22.257","deg","22.682","°C","985.000","hPa","0.861","-0.02056","0.00035","-0.00011","0","14.7","Humid","28.35","0","65.20","249196.53","SABD0002000014","AAV2.0.0.13","4.0.0.2353","PSt7-10","000000-000","8/7/2024 3:37:09 PM","0000-00","0","no battery","V","215852","µV","96196","µV"
"08/11/2024","12:15:16","2","default","203499907","Sensor2","59.441","min","221.255","μmol/L","Humid","23.308","deg","96690","µV","18.552","°C","985.000","hPa","35.0","pmil","0","51.462","deg","22.621","°C","100.000","%a.s.","22.257","deg","22.682","°C","985.000","hPa","0.861","-0.02056","0.00035","-0.00011","0","14.7","Humid","28.35","0","65.20","249200.28","SABD0002000014","AAV2.0.0.13","4.0.0.2353","PSt7-10","000000-000","8/7/2024 3:37:09 PM","0000-00","0","no battery","V","215852","µV","96196","µV"
"08/11/2024","12:15:17","2","default","203499907","Sensor2","59.458","min","221.235","μmol/L","Humid","23.309","deg","96692","µV","18.552","°C","985.000","hPa","35.0","pmil","0","51.462","deg","22.621","°C","100.000","%a.s.","22.257","deg","22.682","°C","985.000","hPa","0.861","-0.02056","0.00035","-0.00011","0","14.7","Humid","28.35","0","65.20","249194.25","SABD0002000014","AAV2.0.0.13","4.0.0.2353","PSt7-10","000000-000","8/7/2024 3:37:09 PM","0000-00","0","no battery","V","215852","µV","96196","µV"
"08/11/2024","12:15:18","2","default","203499907","Sensor2","59.474","min","221.216","μmol/L","Humid","23.310","deg","96691","µV","18.552","°C","985.000","hPa","35.0","pmil","0","51.462","deg","22.621","°C","100.000","%a.s.","22.257","deg","22.682","°C","985.000","hPa","0.861","-0.02056","0.00035","-0.00011","0","14.7","Humid","28.35","0","65.20","249205.52","SABD0002000014","AAV2.0.0.13","4.0.0.2353","PSt7-10","000000-000","8/7/2024 3:37:09 PM","0000-00","0","no battery","V","215852","µV","96196","µV"
"08/11/2024","12:15:19","2","default","203499907","Sensor2","59.491","min","221.294","μmol/L","Humid","23.306","deg","96692","µV","18.552","°C","985.000","hPa","35.0","pmil","0","51.462","deg","22.621","°C","100.000","%a.s.","22.257","deg","22.682","°C","985.000","hPa","0.861","-0.02056","0.00035","-0.00011","0","14.7","Humid","28.35","0","65.20","249193.61","SABD0002000014","AAV2.0.0.13","4.0.0.2353","PSt7-10","000000-000","8/7/2024 3:37:09 PM","0000-00","0","no battery","V","215852","µV","96196","µV"
"08/11/2024","12:15:20","2","default","203499907","Sensor2","59.508","min","221.133","μmol/L","Humid","23.312","deg","96691","µV","18.558","°C","985.000","hPa","35.0","pmil","0","51.462","deg","22.621","°C","100.000","%a.s.","22.257","deg","22.682","°C","985.000","hPa","0.861","-0.02056","0.00035","-0.00011","0","14.7","Humid","28.35","0","65.20","249194.91","SABD0002000014","AAV2.0.0.13","4.0.0.2353","PSt7-10","000000-000","8/7/2024 3:37:09 PM","0000-00","0","no battery","V","215852","µV","96196","µV"
"08/11/2024","12:15:21","2","default","203499907","Sensor2","59.525","min","221.172","μmol/L","Humid","23.310","deg","96699","µV","18.558","°C","985.000","hPa","35.0","pmil","0","51.462","deg","22.621","°C","100.000","%a.s.","22.257","deg","22.682","°C","985.000","hPa","0.861","-0.02056","0.00035","-0.00011","0","14.7","Humid","28.35","0","65.20","249195.94","SABD0002000014","AAV2.0.0.13","4.0.0.2353","PSt7-10","000000-000","8/7/2024 3:37:09 PM","0000-00","0","no battery","V","215852","µV","96196","µV"
"08/11/2024","12:15:22","2","default","203499907","Sensor2","59.541","min","221.172","μmol/L","Humid","23.310","deg","96694","µV","18.558","°C","985.000","hPa","35.0","pmil","0","51.462","deg","22.621","°C","100.000","%a.s.","22.257","deg","22.682","°C","985.000","hPa","0.861","-0.02056","0.00035","-0.00011","0","14.7","Humid","28.35","0","65.20","249186.12","SABD0002000014","AAV2.0.0.13","4.0.0.2353","PSt7-10","000000-000","8/7/2024 3:37:09 PM","0000-00","0","no battery","V","215852","µV","96196","µV"
"08/11/2024","12:15:23","2","default","203499907","Sensor2","59.558","min","221.211","μmol/L","Humid","23.308","deg","96696","µV","18.558","°C","985.000","hPa","35.0","pmil","0","51.462","deg","22.621","°C","100.000","%a.s.","22.257","deg","22.682","°C","985.000","hPa","0.861","-0.02056","0.00035","-0.00011","0","14.7","Humid","28.35","0","65.20","249183.96","SABD0002000014","AAV2.0.0.13","4.0.0.2353","PSt7-10","000000-000","8/7/2024 3:37:09 PM","0000-00","0","no battery","V","215852","µV","96196","µV"
"08/11/2024","12:15:24","2","default","203499907","Sensor2","59.575","min","221.094","μmol/L","Humid","23.314","deg","96693","µV","18.558","°C","985.000","hPa","35.0","pmil","0","51.462","deg","22.621","°C","100.000","%a.s.","22.257","deg","22.682","°C","985.000","hPa","0.861","-0.02056","0.00035","-0.00011","0","14.7","Humid","28.35","0","65.20","249185.73","SABD0002000014","AAV2.0.0.13","4.0.0.2353","PSt7-10","000000-000","8/7/2024 3:37:09 PM","0000-00","0","no battery","V","215852","µV","96196","µV"
"08/11/2024","12:15:25","2","default","203499907","Sensor2","59.592","min","221.074","μmol/L","Humid","23.315","deg","96699","µV","18.558","°C","985.000","hPa","35.0","pmil","0","51.462","deg","22.621","°C","100.000","%a.s.","22.257","deg","22.682","°C","985.000","hPa","0.861","-0.02056","0.00035","-0.00011","0","14.7","Humid","28.35","0","65.20","249197.21","SABD0002000014","AAV2.0.0.13","4.0.0.2353","PSt7-10","000000-000","8/7/2024 3:37:09 PM","0000-00","0","no battery","V","215852","µV","96196","µV"
"08/11/2024","12:15:26","2","default","203499907","Sensor2","59.608","min","221.109","μmol/L","Humid","23.311","deg","96700","µV","18.564","°C","985.000","hPa","35.0","pmil","0","51.462","deg","22.621","°C","100.000","%a.s.","22.257","deg","22.682","°C","985.000","hPa","0.861","-0.02056","0.00035","-0.00011","0","14.7","Humid","28.35","0","65.20","249194.20","SABD0002000014","AAV2.0.0.13","4.0.0.2353","PSt7-10","000000-000","8/7/2024 3:37:09 PM","0000-00","0","no battery","V","215852","µV","96196","µV"
"08/11/2024","12:15:27","2","default","203499907","Sensor2","59.625","min","221.200","μmol/L","Humid","23.313","deg","96707","µV","18.546","°C","985.000","hPa","35.0","pmil","0","51.462","deg","22.621","°C","100.000","%a.s.","22.257","deg","22.682","°C","985.000","hPa","0.861","-0.02056","0.00035","-0.00011","0","14.7","Humid","28.35","0","65.20","249201.53","SABD0002000014","AAV2.0.0.13","4.0.0.2353","PSt7-10","000000-000","8/7/2024 3:37:09 PM","0000-00","0","no battery","V","215852","µV","96196","µV"
"08/11/2024","12:15:28","2","default","203499907","Sensor2","59.641","min","221.192","μmol/L","Humid","23.309","deg","96709","µV","18.558","°C","985.000","hPa","35.0","pmil","0","51.462","deg","22.621","°C","100.000","%a.s.","22.257","deg","22.682","°C","985.000","hPa","0.861","-0.02056","0.00035","-0.00011","0","14.7","Humid","28.35","0","65.20","249184.82","SABD0002000014","AAV2.0.0.13","4.0.0.2353","PSt7-10","000000-000","8/7/2024 3:37:09 PM","0000-00","0","no battery","V","215852","µV","96196","µV"
"08/11/2024","12:15:29","2","default","203499907","Sensor2","59.658","min","221.192","μmol/L","Humid","23.309","deg","96710","µV","18.558","°C","985.000","hPa","35.0","pmil","0","51.462","deg","22.621","°C","100.000","%a.s.","22.257","deg","22.682","°C","985.000","hPa","0.861","-0.02056","0.00035","-0.00011","0","14.7","Humid","28.35","0","65.20","249197.84","SABD0002000014","AAV2.0.0.13","4.0.0.2353","PSt7-10","000000-000","8/7/2024 3:37:09 PM","0000-00","0","no battery","V","215852","µV","96196","µV"
"08/11/2024","12:15:30","2","default","203499907","Sensor2","59.674","min","221.216","μmol/L","Humid","23.308","deg","96701","µV","18.558","°C","986.000","hPa","35.0","pmil","0","51.462","deg","22.621","°C","100.000","%a.s.","22.257","deg","22.682","°C","985.000","hPa","0.861","-0.02056","0.00035","-0.00011","0","14.7","Humid","28.35","0","65.20","249195.67","SABD0002000014","AAV2.0.0.13","4.0.0.2353","PSt7-10","000000-000","8/7/2024 3:37:09 PM","0000-00","0","no battery","V","215852","µV","96196","µV"
"08/11/2024","12:15:31","2","default","203499907","Sensor2","59.691","min","221.231","μmol/L","Humid","23.307","deg","96706","µV","18.558","°C","985.000","hPa","35.0","pmil","0","51.462","deg","22.621","°C","100.000","%a.s.","22.257","deg","22.682","°C","985.000","hPa","0.861","-0.02056","0.00035","-0.00011","0","14.7","Humid","28.35","0","65.20","249198.95","SABD0002000014","AAV2.0.0.13","4.0.0.2353","PSt7-10","000000-000","8/7/2024 3:37:09 PM","0000-00","0","no battery","V","215852","µV","96196","µV"
"08/11/2024","12:15:32","2","default","203499907","Sensor2","59.708","min","221.176","μmol/L","Humid","23.312","deg","96712","µV","18.552","°C","985.000","hPa","35.0","pmil","0","51.462","deg","22.621","°C","100.000","%a.s.","22.257","deg","22.682","°C","985.000","hPa","0.861","-0.02056","0.00035","-0.00011","0","14.7","Humid","28.35","0","65.20","249181.64","SABD0002000014","AAV2.0.0.13","4.0.0.2353","PSt7-10","000000-000","8/7/2024 3:37:09 PM","0000-00","0","no battery","V","215852","µV","96196","µV"
"08/11/2024","12:15:33","2","default","203499907","Sensor2","59.725","min","221.152","μmol/L","Humid","23.311","deg","96713","µV","18.558","°C","985.000","hPa","35.0","pmil","0","51.462","deg","22.621","°C","100.000","%a.s.","22.257","deg","22.682","°C","985.000","hPa","0.861","-0.02056","0.00035","-0.00011","0","14.7","Humid","28.35","0","65.20","249193.72","SABD0002000014","AAV2.0.0.13","4.0.0.2353","PSt7-10","000000-000","8/7/2024 3:37:09 PM","0000-00","0","no battery","V","215852","µV","96196","µV"
"08/11/2024","12:15:34","2","default","203499907","Sensor2","59.741","min","221.098","μmol/L","Humid","23.316","deg","96707","µV","18.552","°C","985.000","hPa","35.0","pmil","0","51.462","deg","22.621","°C","100.000","%a.s.","22.257","deg","22.682","°C","985.000","hPa","0.861","-0.02056","0.00035","-0.00011","0","14.7","Humid","28.35","0","65.20","249195.63","SABD0002000014","AAV2.0.0.13","4.0.0.2353","PSt7-10","000000-000","8/7/2024 3:37:09 PM","0000-00","0","no battery","V","215852","µV","96196","µV"
"08/11/2024","12:15:35","2","default","203499907","Sensor2","59.758","min","221.118","μmol/L","Humid","23.315","deg","96713","µV","18.552","°C","985.000","hPa","35.0","pmil","0","51.462","deg","22.621","°C","100.000","%a.s.","22.257","deg","22.682","°C","985.000","hPa","0.861","-0.02056","0.00035","-0.00011","0","14.7","Humid","28.35","0","65.20","249183.26","SABD0002000014","AAV2.0.0.13","4.0.0.2353","PSt7-10","000000-000","8/7/2024 3:37:09 PM","0000-00","0","no battery","V","215852","µV","96196","µV"
"08/11/2024","12:15:36","2","default","203499907","Sensor2","59.775","min","221.059","μmol/L","Humid","23.318","deg","96716","µV","18.552","°C","985.000","hPa","35.0","pmil","0","51.462","deg","22.621","°C","100.000","%a.s.","22.257","deg","22.682","°C","985.000","hPa","0.861","-0.02056","0.00035","-0.00011","0","14.7","Humid","28.35","0","65.20","249190.76","SABD0002000014","AAV2.0.0.13","4.0.0.2353","PSt7-10","000000-000","8/7/2024 3:37:09 PM","0000-00","0","no battery","V","215852","µV","96196","µV"
"08/11/2024","12:15:37","2","default","203499907","Sensor2","59.792","min","221.078","μmol/L","Humid","23.317","deg","96713","µV","18.552","°C","985.000","hPa","35.0","pmil","0","51.462","deg","22.621","°C","100.000","%a.s.","22.257","deg","22.682","°C","985.000","hPa","0.861","-0.02056","0.00035","-0.00011","0","14.7","Humid","28.35","0","65.20","249193.33","SABD0002000014","AAV2.0.0.13","4.0.0.2353","PSt7-10","000000-000","8/7/2024 3:37:09 PM","0000-00","0","no battery","V","215852","µV","96196","µV"
"08/11/2024","12:15:38","2","default","203499907","Sensor2","59.808","min","220.972","μmol/L","Humid","23.318","deg","96719","µV","18.564","°C","985.000","hPa","35.0","pmil","0","51.462","deg","22.621","°C","100.000","%a.s.","22.257","deg","22.682","°C","985.000","hPa","0.861","-0.02056","0.00035","-0.00011","0","14.7","Humid","28.35","0","65.20","249189.05","SABD0002000014","AAV2.0.0.13","4.0.0.2353","PSt7-10","000000-000","8/7/2024 3:37:09 PM","0000-00","0","no battery","V","215852","µV","96196","µV"
"08/11/2024","12:15:39","2","default","203499907","Sensor2","59.825","min","221.015","μmol/L","Humid","23.318","deg","96722","µV","18.558","°C","985.000","hPa","35.0","pmil","0","51.462","deg","22.621","°C","100.000","%a.s.","22.257","deg","22.682","°C","985.000","hPa","0.861","-0.02056","0.00035","-0.00011","0","14.7","Humid","28.35","0","65.20","249183.74","SABD0002000014","AAV2.0.0.13","4.0.0.2353","PSt7-10","000000-000","8/7/2024 3:37:09 PM","0000-00","0","no battery","V","215852","µV","96196","µV"
"08/11/2024","12:15:40","2","default","203499907","Sensor2","59.842","min","221.113","μmol/L","Humid","23.313","deg","96724","µV","18.558","°C","985.000","hPa","35.0","pmil","0","51.462","deg","22.621","°C","100.000","%a.s.","22.257","deg","22.682","°C","985.000","hPa","0.861","-0.02056","0.00035","-0.00011","0","14.7","Humid","28.35","0","65.20","249190.67","SABD0002000014","AAV2.0.0.13","4.0.0.2353","PSt7-10","000000-000","8/7/2024 3:37:09 PM","0000-00","0","no battery","V","215852","µV","96196","µV"
"08/11/2024","12:15:41","2","default","203499907","Sensor2","59.858","min","221.133","μmol/L","Humid","23.312","deg","96721","µV","18.558","°C","985.000","hPa","35.0","pmil","0","51.462","deg","22.621","°C","100.000","%a.s.","22.257","deg","22.682","°C","985.000","hPa","0.861","-0.02056","0.00035","-0.00011","0","14.7","Humid","28.35","0","65.20","249187.87","SABD0002000014","AAV2.0.0.13","4.0.0.2353","PSt7-10","000000-000","8/7/2024 3:37:09 PM","0000-00","0","no battery","V","215852","µV","96196","µV"
"08/11/2024","12:15:42","2","default","203499907","Sensor2","59.874","min","221.030","μmol/L","Humid","23.315","deg","96725","µV","18.564","°C","985.000","hPa","35.0","pmil","0","51.462","deg","22.621","°C","100.000","%a.s.","22.257","deg","22.682","°C","985.000","hPa","0.861","-0.02056","0.00035","-0.00011","0","14.7","Humid","28.35","0","65.20","249189.46","SABD0002000014","AAV2.0.0.13","4.0.0.2353","PSt7-10","000000-000","8/7/2024 3:37:09 PM","0000-00","0","no battery","V","215852","µV","96196","µV"
"08/11/2024","12:15:43","2","default","203499907","Sensor2","59.891","min","221.015","μmol/L","Humid","23.318","deg","96727","µV","18.558","°C","985.000","hPa","35.0","pmil","0","51.462","deg","22.621","°C","100.000","%a.s.","22.257","deg","22.682","°C","985.000","hPa","0.861","-0.02056","0.00035","-0.00011","0","14.7","Humid","28.35","0","65.20","249201.18","SABD0002000014","AAV2.0.0.13","4.0.0.2353","PSt7-10","000000-000","8/7/2024 3:37:09 PM","0000-00","0","no battery","V","215852","µV","96196","µV"
"08/11/2024","12:15:44","2","default","203499907","Sensor2","59.908","min","221.054","μmol/L","Humid","23.316","deg","96721","µV","18.558","°C","985.000","hPa","35.0","pmil","0","51.462","deg","22.621","°C","100.000","%a.s.","22.257","deg","22.682","°C","985.000","hPa","0.861","-0.02056","0.00035","-0.00011","0","14.7","Humid","28.35","0","65.20","249180.13","SABD0002000014","AAV2.0.0.13","4.0.0.2353","PSt7-10","000000-000","8/7/2024 3:37:09 PM","0000-00","0","no battery","V","215852","µV","96196","µV"
"08/11/2024","12:15:45","2","default","203499907","Sensor2","59.925","min","220.972","μmol/L","Humid","23.318","deg","96727","µV","18.564","°C","985.000","hPa","35.0","pmil","0","51.462","deg","22.621","°C","100.000","%a.s.","22.257","deg","22.682","°C","985.000","hPa","0.861","-0.02056","0.00035","-0.00011","0","14.7","Humid","28.35","0","65.20","249185.98","SABD0002000014","AAV2.0.0.13","4.0.0.2353","PSt7-10","000000-000","8/7/2024 3:37:09 PM","0000-00","0","no battery","V","215852","µV","96196","µV"
"08/11/2024","12:15:46","2","default","203499907","Sensor2","59.941","min","220.956","μmol/L","Humid","23.321","deg","96730","µV","18.558","°C","985.000","hPa","35.0","pmil","0","51.462","deg","22.621","°C","100.000","%a.s.","22.257","deg","22.682","°C","985.000","hPa","0.861","-0.02056","0.00035","-0.00011","0","14.7","Humid","28.35","0","65.20","249196.32","SABD0002000014","AAV2.0.0.13","4.0.0.2353","PSt7-10","000000-000","8/7/2024 3:37:09 PM","0000-00","0","no battery","V","215852","µV","96196","µV"
"08/11/2024","12:15:47","2","default","203499907","Sensor2","59.958","min","220.991","μmol/L","Humid","23.317","deg","96729","µV","18.564","°C","985.000","hPa","35.0","pmil","0","51.462","deg","22.621","°C","100.000","%a.s.","22.257","deg","22.682","°C","985.000","hPa","0.861","-0.02056","0.00035","-0.00011","0","14.7","Humid","28.35","0","65.20","249177.75","SABD0002000014","AAV2.0.0.13","4.0.0.2353","PSt7-10","000000-000","8/7/2024 3:37:09 PM","0000-00","0","no battery","V","215852","µV","96196","µV"
"08/11/2024","12:15:48","2","default","203499907","Sensor2","59.975","min","221.015","μmol/L","Humid","23.318","deg","96732","µV","18.558","°C","985.000","hPa","35.0","pmil","0","51.462","deg","22.621","°C","100.000","%a.s.","22.257","deg","22.682","°C","985.000","hPa","0.861","-0.02056","0.00035","-0.00011","0","14.7","Humid","28.35","0","65.20","249186.99","SABD0002000014","AAV2.0.0.13","4.0.0.2353","PSt7-10","000000-000","8/7/2024 3:37:09 PM","0000-00","0","no battery","V","215852","µV","96196","µV"
"08/11/2024","12:15:49","2","default","203499907","Sensor2","59.992","min","220.937","μmol/L","Humid","23.322","deg","96738","µV","18.558","°C","985.000","hPa","35.0","pmil","0","51.462","deg","22.621","°C","100.000","%a.s.","22.257","deg","22.682","°C","985.000","hPa","0.861","-0.02056","0.00035","-0.00011","0","14.7","Humid","28.35","0","65.20","249190.01","SABD0002000014","AAV2.0.0.13","4.0.0.2353","PSt7-10","000000-000","8/7/2024 3:37:09 PM","0000-00","0","no battery","V","215852","µV","96196","µV"
"08/11/2024","12:15:50","2","default","203499907","Sensor2","60.008","min","221.059","μmol/L","Humid","23.318","deg","96725","µV","18.552","°C","985.000","hPa","35.0","pmil","0","51.462","deg","22.621","°C","100.000","%a.s.","22.257","deg","22.682","°C","985.000","hPa","0.861","-0.02056","0.00035","-0.00011","0","14.7","Humid","28.35","0","65.20","249178.73","SABD0002000014","AAV2.0.0.13","4.0.0.2353","PSt7-10","000000-000","8/7/2024 3:37:09 PM","0000-00","0","no battery","V","215852","µV","96196","µV"
"08/11/2024","12:15:51","2","default","203499907","Sensor2","60.025","min","220.898","μmol/L","Humid","23.324","deg","96738","µV","18.558","°C","985.000","hPa","35.0","pmil","0","51.462","deg","22.621","°C","100.000","%a.s.","22.257","deg","22.682","°C","985.000","hPa","0.861","-0.02056","0.00035","-0.00011","0","14.7","Humid","28.35","0","65.20","249184.82","SABD0002000014","AAV2.0.0.13","4.0.0.2353","PSt7-10","000000-000","8/7/2024 3:37:09 PM","0000-00","0","no battery","V","215852","µV","96196","µV"
"08/11/2024","12:15:52","2","default","203499907","Sensor2","60.042","min","220.834","μmol/L","Humid","23.325","deg","96736","µV","18.564","°C","985.000","hPa","35.0","pmil","0","51.462","deg","22.621","°C","100.000","%a.s.","22.257","deg","22.682","°C","985.000","hPa","0.861","-0.02056","0.00035","-0.00011","0","14.7","Humid","28.35","0","65.20","249194.98","SABD0002000014","AAV2.0.0.13","4.0.0.2353","PSt7-10","000000-000","8/7/2024 3:37:09 PM","0000-00","0","no battery","V","215852","µV","96196","µV"
"08/11/2024","12:15:53","2","default","203499907","Sensor2","60.058","min","220.991","μmol/L","Humid","23.317","deg","96731","µV","18.564","°C","985.000","hPa","35.0","pmil","0","51.462","deg","22.621","°C","100.000","%a.s.","22.257","deg","22.682","°C","985.000","hPa","0.861","-0.02056","0.00035","-0.00011","0","14.7","Humid","28.35","0","65.20","249181.54","SABD0002000014","AAV2.0.0.13","4.0.0.2353","PSt7-10","000000-000","8/7/2024 3:37:09 PM","0000-00","0","no battery","V","215852","µV","96196","µV"
"08/11/2024","12:15:54","2","default","203499907","Sensor2","60.074","min","221.000","μmol/L","Humid","23.321","deg","96742","µV","18.552","°C","985.000","hPa","35.0","pmil","0","51.462","deg","22.621","°C","100.000","%a.s.","22.257","deg","22.682","°C","985.000","hPa","0.861","-0.02056","0.00035","-0.00011","0","14.7","Humid","28.35","0","65.20","249187.48","SABD0002000014","AAV2.0.0.13","4.0.0.2353","PSt7-10","000000-000","8/7/2024 3:37:09 PM","0000-00","0","no battery","V","215852","µV","96196","µV"
"08/11/2024","12:15:55","2","default","203499907","Sensor2","60.091","min","221.000","μmol/L","Humid","23.321","deg","96746","µV","18.552","°C","985.000","hPa","35.0","pmil","0","51.462","deg","22.621","°C","100.000","%a.s.","22.257","deg","22.682","°C","985.000","hPa","0.861","-0.02056","0.00035","-0.00011","0","14.7","Humid","28.35","0","65.20","249187.27","SABD0002000014","AAV2.0.0.13","4.0.0.2353","PSt7-10","000000-000","8/7/2024 3:37:09 PM","0000-00","0","no battery","V","215852","µV","96196","µV"
"08/11/2024","12:15:56","2","default","203499907","Sensor2","60.108","min","221.004","μmol/L","Humid","23.323","deg","96746","µV","18.546","°C","985.000","hPa","35.0","pmil","0","51.462","deg","22.621","°C","100.000","%a.s.","22.257","deg","22.682","°C","985.000","hPa","0.861","-0.02056","0.00035","-0.00011","0","14.7","Humid","28.35","0","65.20","249184.89","SABD0002000014","AAV2.0.0.13","4.0.0.2353","PSt7-10","000000-000","8/7/2024 3:37:09 PM","0000-00","0","no battery","V","215852","µV","96196","µV"
"08/11/2024","12:15:57","2","default","203499907","Sensor2","60.124","min","221.000","μmol/L","Humid","23.321","deg","96740","µV","18.552","°C","985.000","hPa","35.0","pmil","0","51.462","deg","22.621","°C","100.000","%a.s.","22.257","deg","22.682","°C","985.000","hPa","0.861","-0.02056","0.00035","-0.00011","0","14.7","Humid","28.35","0","65.20","249186.54","SABD0002000014","AAV2.0.0.13","4.0.0.2353","PSt7-10","000000-000","8/7/2024 3:37:09 PM","0000-00","0","no battery","V","215852","µV","96196","µV"
"08/11/2024","12:15:58","2","default","203499907","Sensor2","60.141","min","220.937","μmol/L","Humid","23.322","deg","96744","µV","18.558","°C","985.000","hPa","35.0","pmil","0","51.462","deg","22.621","°C","100.000","%a.s.","22.257","deg","22.682","°C","985.000","hPa","0.861","-0.02056","0.00035","-0.00011","0","14.7","Humid","28.35","0","65.20","249181.62","SABD0002000014","AAV2.0.0.13","4.0.0.2353","PSt7-10","000000-000","8/7/2024 3:37:09 PM","0000-00","0","no battery","V","215852","µV","96196","µV"
"08/11/2024","12:15:59","2","default","203499907","Sensor2","60.158","min","220.898","μmol/L","Humid","23.324","deg","96746","µV","18.558","°C","985.000","hPa","35.0","pmil","0","51.462","deg","22.621","°C","100.000","%a.s.","22.257","deg","22.682","°C","985.000","hPa","0.861","-0.02056","0.00035","-0.00011","0","14.7","Humid","28.35","0","65.20","249182.02","SABD0002000014","AAV2.0.0.13","4.0.0.2353","PSt7-10","000000-000","8/7/2024 3:37:09 PM","0000-00","0","no battery","V","215852","µV","96196","µV"
"08/11/2024","12:16:00","2","default","203499907","Sensor2","60.174","min","220.819","μmol/L","Humid","23.328","deg","96744","µV","18.558","°C","985.000","hPa","35.0","pmil","0","51.462","deg","22.621","°C","100.000","%a.s.","22.257","deg","22.682","°C","985.000","hPa","0.861","-0.02056","0.00035","-0.00011","0","14.7","Humid","28.35","0","65.20","249185.57","SABD0002000014","AAV2.0.0.13","4.0.0.2353","PSt7-10","000000-000","8/7/2024 3:37:09 PM","0000-00","0","no battery","V","215852","µV","96196","µV"
"08/11/2024","12:16:01","2","default","203499907","Sensor2","60.191","min","220.898","μmol/L","Humid","23.324","deg","96750","µV","18.558","°C","985.000","hPa","35.0","pmil","0","51.462","deg","22.621","°C","100.000","%a.s.","22.257","deg","22.682","°C","985.000","hPa","0.861","-0.02056","0.00035","-0.00011","0","14.7","Humid","28.35","0","65.20","249183.75","SABD0002000014","AAV2.0.0.13","4.0.0.2353","PSt7-10","000000-000","8/7/2024 3:37:09 PM","0000-00","0","no battery","V","215852","µV","96196","µV"
"08/11/2024","12:16:02","2","default","203499907","Sensor2","60.208","min","220.917","μmol/L","Humid","23.323","deg","96747","µV","18.558","°C","985.000","hPa","35.0","pmil","0","51.462","deg","22.621","°C","100.000","%a.s.","22.257","deg","22.682","°C","985.000","hPa","0.861","-0.02056","0.00035","-0.00011","0","14.7","Humid","28.35","0","65.20","249181.43","SABD0002000014","AAV2.0.0.13","4.0.0.2353","PSt7-10","000000-000","8/7/2024 3:37:09 PM","0000-00","0","no battery","V","215852","µV","96196","µV"
"08/11/2024","12:16:03","2","default","203499907","Sensor2","60.225","min","220.898","μmol/L","Humid","23.324","deg","96754","µV","18.558","°C","985.000","hPa","35.0","pmil","0","51.462","deg","22.621","°C","100.000","%a.s.","22.257","deg","22.682","°C","985.000","hPa","0.861","-0.02056","0.00035","-0.00011","0","14.7","Humid","28.35","0","65.20","249185.47","SABD0002000014","AAV2.0.0.13","4.0.0.2353","PSt7-10","000000-000","8/7/2024 3:37:09 PM","0000-00","0","no battery","V","215852","µV","96196","µV"
"08/11/2024","12:16:04","2","default","203499907","Sensor2","60.242","min","220.878","μmol/L","Humid","23.325","deg","96755","µV","18.558","°C","985.000","hPa","35.0","pmil","0","51.462","deg","22.621","°C","100.000","%a.s.","22.257","deg","22.682","°C","985.000","hPa","0.861","-0.02056","0.00035","-0.00011","0","14.7","Humid","28.35","0","65.20","249187.07","SABD0002000014","AAV2.0.0.13","4.0.0.2353","PSt7-10","000000-000","8/7/2024 3:37:09 PM","0000-00","0","no battery","V","215852","µV","96196","µV"
"08/11/2024","12:16:05","2","default","203499907","Sensor2","60.258","min","220.858","μmol/L","Humid","23.326","deg","96762","µV","18.558","°C","985.000","hPa","35.0","pmil","0","51.462","deg","22.621","°C","100.000","%a.s.","22.257","deg","22.682","°C","985.000","hPa","0.861","-0.02056","0.00035","-0.00011","0","14.7","Humid","28.35","0","65.20","249184.63","SABD0002000014","AAV2.0.0.13","4.0.0.2353","PSt7-10","000000-000","8/7/2024 3:37:09 PM","0000-00","0","no battery","V","215852","µV","96196","µV"
"08/11/2024","12:16:06","2","default","203499907","Sensor2","60.275","min","220.878","μmol/L","Humid","23.325","deg","96758","µV","18.558","°C","985.000","hPa","35.0","pmil","0","51.462","deg","22.621","°C","100.000","%a.s.","22.257","deg","22.682","°C","985.000","hPa","0.861","-0.02056","0.00035","-0.00011","0","14.7","Humid","28.35","0","65.20","249178.81","SABD0002000014","AAV2.0.0.13","4.0.0.2353","PSt7-10","000000-000","8/7/2024 3:37:09 PM","0000-00","0","no battery","V","215852","µV","96196","µV"
"08/11/2024","12:16:07","2","default","203499907","Sensor2","60.291","min","220.839","μmol/L","Humid","23.327","deg","96761","µV","18.558","°C","985.000","hPa","35.0","pmil","0","51.462","deg","22.621","°C","100.000","%a.s.","22.257","deg","22.682","°C","985.000","hPa","0.861","-0.02056","0.00035","-0.00011","0","14.7","Humid","28.35","0","65.20","249187.17","SABD0002000014","AAV2.0.0.13","4.0.0.2353","PSt7-10","000000-000","8/7/2024 3:37:09 PM","0000-00","0","no battery","V","215852","µV","96196","µV"
"08/11/2024","12:16:08","2","default","203499907","Sensor2","60.308","min","220.902","μmol/L","Humid","23.326","deg","96765","µV","18.552","°C","985.000","hPa","35.0","pmil","0","51.462","deg","22.621","°C","100.000","%a.s.","22.257","deg","22.682","°C","985.000","hPa","0.861","-0.02056","0.00035","-0.00011","0","14.7","Humid","28.35","0","65.20","249188.69","SABD0002000014","AAV2.0.0.13","4.0.0.2353","PSt7-10","000000-000","8/7/2024 3:37:09 PM","0000-00","0","no battery","V","215852","µV","96196","µV"
"08/11/2024","12:16:09","2","default","203499907","Sensor2","60.324","min","220.878","μmol/L","Humid","23.325","deg","96763","µV","18.558","°C","985.000","hPa","35.0","pmil","0","51.462","deg","22.621","°C","100.000","%a.s.","22.257","deg","22.682","°C","985.000","hPa","0.861","-0.02056","0.00035","-0.00011","0","14.7","Humid","28.35","0","65.20","249177.27","SABD0002000014","AAV2.0.0.13","4.0.0.2353","PSt7-10","000000-000","8/7/2024 3:37:09 PM","0000-00","0","no battery","V","215852","µV","96196","µV"
"08/11/2024","12:16:10","2","default","203499907","Sensor2","60.341","min","220.839","μmol/L","Humid","23.327","deg","96754","µV","18.558","°C","985.000","hPa","35.0","pmil","0","51.462","deg","22.621","°C","100.000","%a.s.","22.257","deg","22.682","°C","985.000","hPa","0.861","-0.02056","0.00035","-0.00011","0","14.7","Humid","28.35","0","65.20","249177.99","SABD0002000014","AAV2.0.0.13","4.0.0.2353","PSt7-10","000000-000","8/7/2024 3:37:09 PM","0000-00","0","no battery","V","215852","µV","96196","µV"
"08/11/2024","12:16:11","2","default","203499907","Sensor2","60.358","min","220.780","μmol/L","Humid","23.330","deg","96570","µV","18.558","°C","985.000","hPa","35.0","pmil","0","51.462","deg","22.621","°C","100.000","%a.s.","22.257","deg","22.682","°C","985.000","hPa","0.861","-0.02056","0.00035","-0.00011","0","14.7","Humid","28.35","0","65.20","249180.92","SABD0002000014","AAV2.0.0.13","4.0.0.2353","PSt7-10","000000-000","8/7/2024 3:37:09 PM","0000-00","0","no battery","V","215852","µV","96196","µV"
"08/11/2024","12:16:12","2","default","203499907","Sensor2","60.375","min","220.761","μmol/L","Humid","23.331","deg","96572","µV","18.558","°C","985.000","hPa","35.0","pmil","0","51.462","deg","22.621","°C","100.000","%a.s.","22.257","deg","22.682","°C","985.000","hPa","0.861","-0.02056","0.00035","-0.00011","0","14.7","Humid","28.35","0","65.20","249178.85","SABD0002000014","AAV2.0.0.13","4.0.0.2353","PSt7-10","000000-000","8/7/2024 3:37:09 PM","0000-00","0","no battery","V","215852","µV","96196","µV"
"08/11/2024","12:16:13","2","default","203499907","Sensor2","60.391","min","220.780","μmol/L","Humid","23.330","deg","96820","µV","18.558","°C","985.000","hPa","35.0","pmil","0","51.462","deg","22.621","°C","100.000","%a.s.","22.257","deg","22.682","°C","985.000","hPa","0.861","-0.02056","0.00035","-0.00011","0","14.7","Humid","28.35","0","65.20","249172.72","SABD0002000014","AAV2.0.0.13","4.0.0.2353","PSt7-10","000000-000","8/7/2024 3:37:09 PM","0000-00","0","no battery","V","215852","µV","96196","µV"
"08/11/2024","12:16:14","2","default","203499907","Sensor2","60.408","min","220.902","μmol/L","Humid","23.326","deg","96756","µV","18.552","°C","985.000","hPa","35.0","pmil","0","51.462","deg","22.621","°C","100.000","%a.s.","22.257","deg","22.682","°C","985.000","hPa","0.861","-0.02056","0.00035","-0.00011","0","14.7","Humid","28.35","0","65.20","249194.54","SABD0002000014","AAV2.0.0.13","4.0.0.2353","PSt7-10","000000-000","8/7/2024 3:37:09 PM","0000-00","0","no battery","V","215852","µV","96196","µV"
"08/11/2024","12:16:15","2","default","203499907","Sensor2","60.425","min","220.804","μmol/L","Humid","23.331","deg","96716","µV","18.552","°C","985.000","hPa","35.0","pmil","0","51.462","deg","22.621","°C","100.000","%a.s.","22.257","deg","22.682","°C","985.000","hPa","0.861","-0.02056","0.00035","-0.00011","0","14.7","Humid","28.35","0","65.20","249183.80","SABD0002000014","AAV2.0.0.13","4.0.0.2353","PSt7-10","000000-000","8/7/2024 3:37:09 PM","0000-00","0","no battery","V","215852","µV","96196","µV"
"08/11/2024","12:16:16","2","default","203499907","Sensor2","60.442","min","220.780","μmol/L","Humid","23.330","deg","96724","µV","18.558","°C","985.000","hPa","35.0","pmil","0","51.462","deg","22.621","°C","100.000","%a.s.","22.257","deg","22.682","°C","985.000","hPa","0.861","-0.02056","0.00035","-0.00011","0","14.7","Humid","28.35","0","65.20","249185.33","SABD0002000014","AAV2.0.0.13","4.0.0.2353","PSt7-10","000000-000","8/7/2024 3:37:09 PM","0000-00","0","no battery","V","215852","µV","96196","µV"
"08/11/2024","12:16:17","2","default","203499907","Sensor2","60.458","min","220.815","μmol/L","Humid","23.326","deg","96724","µV","18.564","°C","985.000","hPa","35.0","pmil","0","51.462","deg","22.621","°C","100.000","%a.s.","22.257","deg","22.682","°C","985.000","hPa","0.861","-0.02056","0.00035","-0.00011","0","14.7","Humid","28.35","0","65.20","249173.96","SABD0002000014","AAV2.0.0.13","4.0.0.2353","PSt7-10","000000-000","8/7/2024 3:37:09 PM","0000-00","0","no battery","V","215852","µV","96196","µV"

"Date","Time","delta_t","Device_Serial","Channel","User","Annotation"
